"V1","V2","V3","V4","V5"
1.03252417716244,-0.0306267466736221,-0.0192580122357728,-0.0350767577638951,0.0567376416585931
-0.0306267466736221,1.07444760584113,-0.0377685612943019,-0.00139162001113536,-0.0906009159130598
-0.0192580122357728,-0.0377685612943019,0.912586413989017,-0.0346296637677483,0.0430371252180524
-0.0350767577638951,-0.00139162001113536,-0.0346296637677483,1.04692988571826,-0.0163258794205868
0.0567376416585931,-0.0906009159130598,0.0430371252180524,-0.0163258794205868,1.00502476719929
