"calyx.width","calyx.length","flower.mass","flower.number","leaf.length","leaf.mass","stem.mass"
1,0.256,0.415,0.019,0.166,0.271,0.171
0.256,1,0.39,-0.093,0.21,-0.022,0.168
0.415,0.39,1,-0.12,0.217,-0.085,-0.044
0.019,-0.093,-0.12,1,0.116,-0.053,0.53
0.166,0.21,0.217,0.116,1,-0.047,0.152
0.271,-0.022,-0.085,-0.053,-0.047,1,0.235
0.171,0.168,-0.044,0.53,0.152,0.235,1
