"V1","V2","V3","V4","V5","V6","V7","V8","V9","V10"
-0.0220393780335129,-0.00691135294721608,-0.0132796207022703,0.0227909912833316,0.0216466313874955,0.0184133072549184,-0.0171750582294436,0.00468588505005144,-0.0034558036259075,-0.00900187321760168
-0.00691135294721608,-0.0112140446806614,-0.0195926718789967,-0.0188682117086078,0.0052776813429442,-0.0105850731160781,-0.0216801712629725,-0.0236542365071452,-0.00221840763438507,0.00210546135647223
-0.0132796207022703,-0.0195926718789967,-0.00833748824099285,-0.0107682639811135,0.00937354893444982,-0.0444431484138712,-0.00142990428424909,0.00222918543138488,0.0102019394885646,0.00608277516994172
0.0227909912833316,-0.0188682117086078,-0.0107682639811135,-0.0153812415819898,-0.00534814305929918,0.0218731144367323,-0.0177571775823418,-0.0211571674780678,0.0193907317504263,0.00503824086876669
0.0216466313874955,0.0052776813429442,0.00937354893444982,-0.00534814305929918,0.0157531282495322,0.0228730600422983,0.0046916676150613,0.00238577808103012,-0.00365297538141578,0.0080356772127703
0.0184133072549184,-0.0105850731160781,-0.0444431484138712,0.0218731144367323,0.0228730600422983,-0.0133257800890961,-0.0220673848038267,-0.002288313749336,0.0199451142213995,0.0184376161025238
-0.0171750582294436,-0.0216801712629725,-0.00142990428424909,-0.0177571775823418,0.0046916676150613,-0.0220673848038267,-0.0217959111931063,-0.00866981741704578,-0.0161112531142265,0.0179226195889115
0.00468588505005144,-0.0236542365071452,0.00222918543138488,-0.0211571674780678,0.00238577808103012,-0.002288313749336,-0.00866981741704578,-0.0153541544543188,-0.0152418381361643,-0.0158022774297857
-0.0034558036259075,-0.00221840763438507,0.0102019394885646,0.0193907317504263,-0.00365297538141578,0.0199451142213995,-0.0161112531142265,-0.0152418381361643,-0.00813058341341886,0.0245565572087375
-0.00900187321760168,0.00210546135647223,0.00608277516994172,0.00503824086876669,0.0080356772127703,0.0184376161025238,0.0179226195889115,-0.0158022774297857,0.0245565572087375,0.0139808058971893
