"V1","V2","V3","V4","V5","V6","V7","V8","V9","V10"
-0.0314863675582656,-0.00572653837319556,0.013559948312108,-0.000356991069376931,-0.027324263701626,0.0206663392496734,0.0019556674025148,0.00701050509748642,-0.0215678459994984,0.0278244389987576
-0.00572653837319556,-0.0300545019159359,0.00307363787036296,0.0530329993743346,0.0273031956895112,-0.0171051609119438,0.00608522672113641,0.00493906800188319,-0.0200663217474276,3.75840784285202e-05
0.013559948312108,0.00307363787036296,-0.00738418152393716,0.0180765593456653,0.0139247364852652,0.000835605335401078,-0.0183684908484319,-0.0115576076818471,0.00719234977142408,-0.013142918856973
-0.000356991069376931,0.0530329993743346,0.0180765593456653,-0.00923822332648783,0.015355639402188,-0.0139765512809184,-0.0154701224209962,-0.0128237205893731,-0.0133868150449038,0.00619917587947806
-0.027324263701626,0.0273031956895112,0.0139247364852652,0.015355639402188,0.0247858657895696,0.00047401134812773,-0.00758732972766942,-0.00104836765488322,-0.00364552360058822,0.00978957368725136
0.0206663392496734,-0.0171051609119438,0.000835605335401078,-0.0139765512809184,0.00047401134812773,0.0207230274652413,-0.025414305797879,0.0117122222983648,-0.0280962790569848,0.0316631052167569
0.0019556674025148,0.00608522672113641,-0.0183684908484319,-0.0154701224209962,-0.00758732972766942,-0.025414305797879,-0.00854602407099661,-0.0023403625065578,0.0234503663710531,0.0121175944838924
0.00701050509748642,0.00493906800188319,-0.0115576076818471,-0.0128237205893731,-0.00104836765488322,0.0117122222983648,-0.0023403625065578,-0.0346463486308821,0.014853408615285,0.0108961259157667
-0.0215678459994984,-0.0200663217474276,0.00719234977142408,-0.0133868150449038,-0.00364552360058822,-0.0280962790569848,0.0234503663710531,0.014853408615285,0.00586582353523069,0.0216131541907505
0.0278244389987576,3.75840784285202e-05,-0.013142918856973,0.00619917587947806,0.00978957368725136,0.0316631052167569,0.0121175944838924,0.0108961259157667,0.0216131541907505,-0.0397296715966514
