"V1","V2","V3","V4","V5","V6","V7","V8","V9","V10"
0.0635201538420247,0.00207551163366037,0.0200766476859753,0.0110314262753448,0.0256333207531345,-0.00685389318043406,-0.0130522681668456,-0.0191189541259388,0.00797996077673039,-0.0124849014216874
0.00207551163366037,0.00135339688009277,0.0485221830522523,-0.0157686105262597,-0.0258306287892241,-0.00872022762236372,-0.00352687864801066,0.00121408559380046,-0.00310557627558781,-0.00475091270434916
0.0200766476859753,0.0485221830522523,0.000618491158619272,0.0112556631822544,0.0180101014550606,-0.00215326560161218,-0.022815579893786,-0.0175480159672002,0.0172294849523714,0.0125814310983876
0.0110314262753448,-0.0157686105262597,0.0112556631822544,0.00338178673023528,0.00320805192981545,-0.0258719548502737,-0.000515272267350715,0.00686655722004364,0.00876120120603796,0.000996777332576966
0.0256333207531345,-0.0258306287892241,0.0180101014550606,0.00320805192981545,0.041835595144794,-0.0115985170544056,-0.00118529023021767,-0.0207468946129579,0.0206317268687662,0.0231946782121675
-0.00685389318043406,-0.00872022762236372,-0.00215326560161218,-0.0258719548502737,-0.0115985170544056,0.0020020899539317,0.0174675675038036,0.00671304439503838,4.99930442551047e-05,0.00575661666019274
-0.0130522681668456,-0.00352687864801066,-0.022815579893786,-0.000515272267350715,-0.00118529023021767,0.0174675675038036,-0.0352677870083346,0.0495683716611466,0.0155546642750211,0.00666358291691771
-0.0191189541259388,0.00121408559380046,-0.0175480159672002,0.00686655722004364,-0.0207468946129579,0.00671304439503838,0.0495683716611466,-0.0371711101743428,0.0264702575246028,-0.00801589280243469
0.00797996077673039,-0.00310557627558781,0.0172294849523714,0.00876120120603796,0.0206317268687662,4.99930442551047e-05,0.0155546642750211,0.0264702575246028,-0.00868829007064458,0.00121049214681658
-0.0124849014216874,-0.00475091270434916,0.0125814310983876,0.000996777332576966,0.0231946782121675,0.00575661666019274,0.00666358291691771,-0.00801589280243469,0.00121049214681658,-0.056810610068655
