"V1","V2","V3","V4","V5","V6","V7","V8","V9","V10"
0.016853403420385,0.0114539998345621,0.0265006954651893,-0.00156316022275789,0.00353343613205966,0.0152430138632252,0.0126592196342287,-0.010208364343873,0.0168272391225853,-0.0120271438848791
0.0114539998345621,-0.0220698544123022,0.00906915416078637,-0.0213201056358447,-0.0329499667812068,0.00232608434702461,0.0157771253779993,0.00390330344424155,0.000116438402784533,-0.00779091641419478
0.0265006954651893,0.00906915416078637,-0.0183056540485032,0.00918975066217137,0.0151582847072254,0.00573155108228384,-0.00260441054578126,-0.010175132820085,-0.0104113078022331,0.0209729474186737
-0.00156316022275789,-0.0213201056358447,0.00918975066217137,0.0473553586092725,0.0303798549467433,-0.000567884611252469,0.0132746237154609,-0.03081357587469,-0.0126953887307898,0.0208364374495848
0.00353343613205966,-0.0329499667812068,0.0151582847072254,0.0303798549467433,-0.0276717302241168,-0.0204794884650064,-0.0137544176840901,0.0328405313588024,0.00305553307739331,0.0142476747328334
0.0152430138632252,0.00232608434702461,0.00573155108228384,-0.000567884611252469,-0.0204794884650064,-0.0302514179781764,0.014980716069759,0.00885539720056125,0.00335443222687282,0.0104592009011304
0.0126592196342287,0.0157771253779993,-0.00260441054578126,0.0132746237154609,-0.0137544176840901,0.014980716069759,-0.0216485341144597,0.00963951390676271,0.0112844153479364,-0.00878688495049945
-0.010208364343873,0.00390330344424155,-0.010175132820085,-0.03081357587469,0.0328405313588024,0.00885539720056125,0.00963951390676271,0.0135430356073107,-0.0220874356798068,0.00539205010399435
0.0168272391225853,0.000116438402784533,-0.0104113078022331,-0.0126953887307898,0.00305553307739331,0.00335443222687282,0.0112844153479364,-0.0220874356798068,-0.0321747693254193,-0.00413109936276714
-0.0120271438848791,-0.00779091641419478,0.0209729474186737,0.0208364374495848,0.0142476747328334,0.0104592009011304,-0.00878688495049945,0.00539205010399435,-0.00413109936276714,0.0204213757361593
