"V1","V2","V3","V4","V5","V6","V7","V8","V9","V10"
0.000836130880416364,-0.00374387037472854,0.0289428953819102,0.0288948629278954,-0.00805100509131843,0.0100550599073624,0.00966381654524454,-0.0184934062711692,-0.0208864009975594,0.00782625308414833
-0.00374387037472854,0.0101184569489579,0.0353948487738936,0.00117593834890541,0.0137305070068572,-0.0135086473157387,-0.0094372466435903,0.0161018576664986,-0.0137683580312485,0.00723908631014059
0.0289428953819102,0.0353948487738936,-0.00980586099950731,-0.0083834530604921,0.0168725743588373,0.0152846667600088,0.00845254015403026,0.00243467760979219,0.0235757617843555,0.0148009474626722
0.0288948629278954,0.00117593834890541,-0.0083834530604921,0.00427950752357524,0.00111380055028985,0.010564610070214,-0.0157023566133894,-0.0208210146480187,-0.0191527349790525,-0.00695367820780334
-0.00805100509131843,0.0137305070068572,0.0168725743588373,0.00111380055028985,0.00489554647036432,-0.0400252490343972,0.00413347790757979,-0.00253415538080796,-0.0137092501329926,-0.00727513720743092
0.0100550599073624,-0.0135086473157387,0.0152846667600088,0.010564610070214,-0.0400252490343972,-0.0320714795802742,0.00523753298664041,-0.0157764822244878,-0.00143093411676291,0.014558886926954
0.00966381654524454,-0.0094372466435903,0.00845254015403026,-0.0157023566133894,0.00413347790757979,0.00523753298664041,-0.0103142345241191,0.00904562063829407,0.00835511059711603,-0.0121843282072054
-0.0184934062711692,0.0161018576664986,0.00243467760979219,-0.0208210146480187,-0.00253415538080796,-0.0157764822244878,0.00904562063829407,0.0107783228151889,-0.0153774546148674,-0.00170504015686693
-0.0208864009975594,-0.0137683580312485,0.0235757617843555,-0.0191527349790525,-0.0137092501329926,-0.00143093411676291,0.00835511059711603,-0.0153774546148674,0.031825165149791,0.00281179743004078
0.00782625308414833,0.00723908631014059,0.0148009474626722,-0.00695367820780334,-0.00727513720743092,0.014558886926954,-0.0121843282072054,-0.00170504015686693,0.00281179743004078,0.00561534326245996
