"V1","V2","V3","V4","V5","V6","V7","V8","V9","V10"
-0.0319511886882917,-0.0271249670944796,-0.00501462362731177,0.0137160309825192,-0.00432387429747671,-0.00871182424287052,-0.0115198708177801,0.0181091281545039,-0.0376405906057818,-0.0206203948185422
-0.0271249670944796,0.0250729751623124,-0.00685596685958021,0.0366812689175037,0.0146991334729344,-0.014953720837503,-0.0320825050398858,0.0144485245909725,0.0222700305223574,0.0103128714078026
-0.00501462362731177,-0.00685596685958021,-0.0390727807033175,0.00247868038901678,0.0270462748889787,0.00831866379456767,0.0105135732844784,-0.0133983574718262,0.0120254156760508,-0.0260703312690463
0.0137160309825192,0.0366812689175037,0.00247868038901678,-0.0336997955819476,0.0177593647958312,-0.0266896725687185,-0.00249006997052653,0.0279941368082956,0.00490976733776499,-0.0079052077259821
-0.00432387429747671,0.0146991334729344,0.0270462748889787,0.0177593647958312,-0.00543807567131496,-0.022487211637748,-0.0280004297186322,-0.00747472218206473,-0.0168884925024034,-0.0271673479966154
-0.00871182424287052,-0.014953720837503,0.00831866379456767,-0.0266896725687185,-0.022487211637748,-0.0178506510874044,-0.0190455350229189,-0.0297124340364735,0.0241817112082114,0.014171461531497
-0.0115198708177801,-0.0320825050398858,0.0105135732844784,-0.00249006997052653,-0.0280004297186322,-0.0190455350229189,-0.00546855290405035,0.0165384235335395,-0.00822698446595659,-0.000822651596237876
0.0181091281545039,0.0144485245909725,-0.0133983574718262,0.0279941368082956,-0.00747472218206473,-0.0297124340364735,0.0165384235335395,-0.026878689933037,0.0208607338480423,-0.0118327518379079
-0.0376405906057818,0.0222700305223574,0.0120254156760508,0.00490976733776499,-0.0168884925024034,0.0241817112082114,-0.00822698446595659,0.0208607338480423,-0.02957366228955,0.0323699231727592
-0.0206203948185422,0.0103128714078026,-0.0260703312690463,-0.0079052077259821,-0.0271673479966154,0.014171461531497,-0.000822651596237876,-0.0118327518379079,0.0323699231727592,-0.0424955100832543
