"V1","V2","V3","V4","V5","V6","V7","V8","V9","V10"
-0.00492791156615615,-0.0191112317827567,0.0254581869081286,-0.0144822286472307,-0.0567829088612665,0.0290123009550858,-0.00511315092556798,-0.00698821575252715,-0.00859668717442054,-0.0119988137082769
-0.0191112317827567,-0.0118148347945848,-0.0121848835225321,-0.000560761091743944,-0.0352717236871675,0.00430242203234791,-0.0333584736517413,0.0291871827884667,0.0343832421110105,0.0195053192206217
0.0254581869081286,-0.0121848835225321,-0.0273175767942431,0.0177141375948856,-0.014407888394791,-0.0278902529302961,-0.0284537617006721,0.029202949782071,-0.0026213061776286,-0.00609638096225555
-0.0144822286472307,-0.000560761091743944,0.0177141375948856,-0.00652214530475867,-0.00330474235016477,-0.00571219412855973,-0.00528025995604734,0.00906207294929362,-0.0148468466708839,0.00212978359802386
-0.0567829088612665,-0.0352717236871675,-0.014407888394791,-0.00330474235016477,0.00446061571612859,-0.0207120266593637,0.00732804864307449,0.0188081079558912,-0.00691231131252455,-0.00504299318383775
0.0290123009550858,0.00430242203234791,-0.0278902529302961,-0.00571219412855973,-0.0207120266593637,0.0394815341393866,-0.0136708168171181,0.0288220432228522,-0.0164116816306173,-0.00829166927885117
-0.00511315092556798,-0.0333584736517413,-0.0284537617006721,-0.00528025995604734,0.00732804864307449,-0.0136708168171181,0.0416908172359065,-0.00558260621725241,-0.0131845578065264,0.0266161997762779
-0.00698821575252715,0.0291871827884667,0.029202949782071,0.00906207294929362,0.0188081079558912,0.0288220432228522,-0.00558260621725241,-0.00106215570850972,-0.00461170872919549,-0.0192899904134317
-0.00859668717442054,0.0343832421110105,-0.0026213061776286,-0.0148468466708839,-0.00691231131252455,-0.0164116816306173,-0.0131845578065264,-0.00461170872919549,0.0101588116203281,0.000528724785223966
-0.0119988137082769,0.0195053192206217,-0.00609638096225555,0.00212978359802386,-0.00504299318383775,-0.00829166927885117,0.0266161997762779,-0.0192899904134317,0.000528724785223966,-0.016389898418751
