"V1","V2","V3","V4","V5","V6","V7","V8","V9","V10"
0.031272794647086,-0.0127807642709127,-0.00324947895632261,0.000320920522198892,-0.0167601953860078,-0.0198655304552965,0.0648913532227578,-0.0345683513862028,-0.00740001146868785,-0.00703680736780896
-0.0127807642709127,-0.00413104112529836,-0.0155039287616534,-0.00351812307823504,0.0112215284297549,0.0229860619129959,0.00140789229154932,0.0230337281808802,0.00380866431561066,0.013916293360415
-0.00324947895632261,-0.0155039287616534,-0.0108204862129046,0.0168062649686079,0.000525937776587044,-0.00865793695489028,0.0142690092083636,-0.00973545509357125,-0.0143490478826497,-0.0174402670541647
0.000320920522198892,-0.00351812307823504,0.0168062649686079,-0.0271781699171351,-0.0116139843745086,-0.00881946509581696,0.0334526830374417,-0.0204166609482844,-0.0288873380878236,-1.13920867120962e-05
-0.0167601953860078,0.0112215284297549,0.000525937776587044,-0.0116139843745086,0.00383238249490192,-0.0153187731796924,0.000760322816719567,0.0110049593237015,0.0274459450467276,0.0172345098157132
-0.0198655304552965,0.0229860619129959,-0.00865793695489028,-0.00881946509581696,-0.0153187731796924,-0.0226518166146434,-0.00388313236701338,0.057317792035697,-0.0122160555345063,0.00804291762861843
0.0648913532227578,0.00140789229154932,0.0142690092083636,0.0334526830374417,0.000760322816719567,-0.00388313236701338,0.0185511663785481,-0.0112112426103414,0.000764972988781069,0.0174736571571567
-0.0345683513862028,0.0230337281808802,-0.00973545509357125,-0.0204166609482844,0.0110049593237015,0.057317792035697,-0.0112112426103414,0.0547522343588509,-0.0135081715128813,0.0048803496191387
-0.00740001146868785,0.00380866431561066,-0.0143490478826497,-0.0288873380878236,0.0274459450467276,-0.0122160555345063,0.000764972988781069,-0.0135081715128813,0.00327544034439957,0.0146416679211877
-0.00703680736780896,0.013916293360415,-0.0174402670541647,-1.13920867120962e-05,0.0172345098157132,0.00804291762861843,0.0174736571571567,0.0048803496191387,0.0146416679211877,0.00510456797646104
