"V1","V2","V3","V4","V5","V6","V7","V8","V9","V10"
-0.0100105628316311,0.00572333484848501,-0.0139585097553345,-0.0324176495087707,-0.0324809425839659,0.00265974084015265,-0.0160489141242845,-0.00821635676126608,-0.0057228525595172,-0.0250151142680838
0.00572333484848501,0.000686004127196771,-0.00188691306273142,-0.0412406490644553,0.0108401893772311,-0.00285140083678939,0.0141532969058868,-0.00231097983822619,-0.00941802613083697,-0.00663493148413449
-0.0139585097553345,-0.00188691306273142,0.0606660822755474,0.00112352762877666,0.00721780883577309,-0.00796528205747394,0.0455583368050328,0.00235789913558467,-0.00389904377890343,0.00204371982929357
-0.0324176495087707,-0.0412406490644553,0.00112352762877666,-0.024081735081423,0.00769637475492725,0.0124202850157544,-0.0144204359681221,0.00504589490911529,0.0136403497446751,0.00635719542982529
-0.0324809425839659,0.0108401893772311,0.00721780883577309,0.00769637475492725,0.0366172974475067,0.0285254282499936,-0.0422301339176932,0.00485552750702644,-0.00127116705851146,0.00854298960645785
0.00265974084015265,-0.00285140083678939,-0.00796528205747394,0.0124202850157544,0.0285254282499936,-0.00849808861519437,-0.0229714436373829,-0.0291044919093825,0.0206132164178192,0.0349619384682003
-0.0160489141242845,0.0141532969058868,0.0455583368050328,-0.0144204359681221,-0.0422301339176932,-0.0229714436373829,0.0386406596814744,0.00277368578137758,-0.0012347876694329,-0.0113222076161081
-0.00821635676126608,-0.00231097983822619,0.00235789913558467,0.00504589490911529,0.00485552750702644,-0.0291044919093825,0.00277368578137758,0.00176706176738863,0.0146554469816046,-0.00684789070179655
-0.0057228525595172,-0.00941802613083697,-0.00389904377890343,0.0136403497446751,-0.00127116705851146,0.0206132164178192,-0.0012347876694329,0.0146554469816046,-0.0243003666403109,-0.00659088071274699
-0.0250151142680838,-0.00663493148413449,0.00204371982929357,0.00635719542982529,0.00854298960645785,0.0349619384682003,-0.0113222076161081,-0.00684789070179655,-0.00659088071274699,0.0269968459282603
