"V1","V2","V3","V4","V5","V6","V7","V8","V9","V10"
0.00904519308992646,0.0250188189593851,-0.00475832345792211,0.00806997510701709,-0.0281839522098436,-0.0180790272935908,-0.0189422904078536,0.0358673697501265,-0.00933800190430901,0.00870621695146839
0.0250188189593851,0.00521891547939131,0.00146756967609786,0.0105150415183749,0.00579242939661844,-0.004276216740316,-0.00398303848874323,-0.0280399504528009,0.0061358712863119,0.0210435298603204
-0.00475832345792211,0.00146756967609786,-0.0216140748106021,-0.00449040224721983,0.0323604102495807,-0.0189751281119119,0.000941921143689751,-0.00488807804184223,-0.0306337886023724,-0.00857924600708274
0.00806997510701709,0.0105150415183749,-0.00449040224721983,0.0446401017350847,0.0300548007585968,-0.0272134649984202,-0.00162861961316871,0.000391439956549817,-0.0344285422788043,-0.00726139903039555
-0.0281839522098436,0.00579242939661844,0.0323604102495807,0.0300548007585968,-0.0104354550957494,0.0254637639032248,-0.00769081498216886,-0.00591442896293921,0.026475614419171,0.0094831766174399
-0.0180790272935908,-0.004276216740316,-0.0189751281119119,-0.0272134649984202,0.0254637639032248,-0.000791490164166708,-0.0135372697525381,-0.000893777104430447,-0.00845928005895765,-0.0194902115378546
-0.0189422904078536,-0.00398303848874323,0.000941921143689751,-0.00162861961316871,-0.00769081498216886,-0.0135372697525381,-0.0223918059118524,0.00225706915593898,0.0007351710986192,-0.0129729588760969
0.0358673697501265,-0.0280399504528009,-0.00488807804184223,0.000391439956549817,-0.00591442896293921,-0.000893777104430447,0.00225706915593898,-0.0263682019921812,-0.00531481226868012,0.0146897020160053
-0.00933800190430901,0.0061358712863119,-0.0306337886023724,-0.0344285422788043,0.026475614419171,-0.00845928005895765,0.0007351710986192,-0.00531481226868012,0.0066930399703794,-0.00095102032904026
0.00870621695146839,0.0210435298603204,-0.00857924600708274,-0.00726139903039555,0.0094831766174399,-0.0194902115378546,-0.0129729588760969,0.0146897020160053,-0.00095102032904026,0.0102437602839289
