"V1","V2","V3","V4","V5","V6","V7","V8","V9","V10"
-0.000426473450063924,0.00854040199298232,0.00717938942103431,-0.0232592697241237,-0.00406439708195625,-0.047362817121628,-0.00429800779242075,-0.00713713943035437,0.0196459043406503,-0.0236855678904455
0.00854040199298232,0.023027950011231,-0.0343212622933572,-0.00790985371932551,0.016730555865292,0.0120623204620236,0.0166260467592956,-0.0156146329252135,-0.0121395219923428,0.00303943429503243
0.00717938942103431,-0.0343212622933572,0.0524115546270205,0.0155126455824603,-0.00659807858152221,-0.00355822682632792,0.0161260424046517,0.026516846829833,0.015335888094664,-0.00681502405702909
-0.0232592697241237,-0.00790985371932551,0.0155126455824603,0.0278146604482068,-0.0292810571827416,0.00380823086222741,-0.00389832992828929,-0.00191825270227098,-0.0364224393727369,-0.0308219014962327
-0.00406439708195625,0.016730555865292,-0.00659807858152221,-0.0292810571827416,-0.00401448291644375,-0.00513730976888642,0.00187569864292881,-0.0111555984622961,0.00883204243412518,-0.0254304668379152
-0.047362817121628,0.0120623204620236,-0.00355822682632792,0.00380823086222741,-0.00513730976888642,0.0358158944603365,0.00956296215693305,0.015046500754624,-0.00497932606972667,-0.00807968138643078
-0.00429800779242075,0.0166260467592956,0.0161260424046517,-0.00389832992828929,0.00187569864292881,0.00956296215693305,-0.0205022594087958,-0.0165299869870732,0.0348937916204198,-0.0228458208866783
-0.00713713943035437,-0.0156146329252135,0.026516846829833,-0.00191825270227098,-0.0111555984622961,0.015046500754624,-0.0165299869870732,-0.0280813798968856,-0.0190305466669515,0.00322392278060389
0.0196459043406503,-0.0121395219923428,0.015335888094664,-0.0364224393727369,0.00883204243412518,-0.00497932606972667,0.0348937916204198,-0.0190305466669515,0.0196440798302326,-0.00609694485897406
-0.0236855678904455,0.00303943429503243,-0.00681502405702909,-0.0308219014962327,-0.0254304668379152,-0.00807968138643078,-0.0228458208866783,0.00322392278060389,-0.00609694485897406,-0.00855160465201961
