"V1","V2","V3","V4","V5","V6","V7","V8","V9","V10"
-0.0171591186337795,0.0179735831823896,0.000848444396730054,0.019523414596687,0.0226228627640587,-0.0215875449288194,-0.00912546558664317,-0.00255612528821793,-0.0228168397842005,0.00167428714504789
0.0179735831823896,0.00312725872301067,-0.00513563431543033,-0.0182203839772979,0.00362759117802823,-0.000197681189352143,-0.0308122203323059,0.0594709883271572,0.00683656567678567,0.0145372522214024
0.000848444396730054,-0.00513563431543033,-0.0205068037301005,0.038977668364777,0.0137642486624978,-0.00749752923974731,-0.00579685549160589,0.00554820514325654,0.0218903344443352,0.0109349122270444
0.019523414596687,-0.0182203839772979,0.038977668364777,0.00310775673289394,0.0269228736446327,-0.0090699111056962,0.00547150630993377,0.0142563594790884,0.0101033268035976,-0.025687628719125
0.0226228627640587,0.00362759117802823,0.0137642486624978,0.0269228736446327,-0.0458064406361413,-0.0167717534129602,-0.028115275107816,0.0153794587218058,0.0194842692032172,0.033378177014917
-0.0215875449288194,-0.000197681189352143,-0.00749752923974731,-0.0090699111056962,-0.0167717534129602,0.00675480459462918,0.0125209364455373,-0.0243125355602279,0.0158922690863104,-0.00352645001403202
-0.00912546558664317,-0.0308122203323059,-0.00579685549160589,0.00547150630993377,-0.028115275107816,0.0125209364455373,-0.0191706589099212,0.0041725880944477,0.0167122753228083,-0.000305238890657644
-0.00255612528821793,0.0594709883271572,0.00554820514325654,0.0142563594790884,0.0153794587218058,-0.0243125355602279,0.0041725880944477,0.0334940687514449,0.00853745354732743,0.00348572237521512
-0.0228168397842005,0.00683656567678567,0.0218903344443352,0.0101033268035976,0.0194842692032172,0.0158922690863104,0.0167122753228083,0.00853745354732743,-0.0181883306223741,-0.017729510557902
0.00167428714504789,0.0145372522214024,0.0109349122270444,-0.025687628719125,0.033378177014917,-0.00352645001403202,-0.000305238890657644,0.00348572237521512,-0.017729510557902,0.00235854501396706
