"V1","V2","V3","V4","V5","V6","V7","V8","V9","V10"
-0.0168079824071842,-0.000210636302686179,-0.0278776863200179,-0.0062493165212763,0.0184059458092255,-0.0469138423609141,0.00192500446586678,0.0060858291985035,0.00686022744662556,0.0388861253515791
-0.000210636302686179,-0.0171359120852885,0.00927177189307945,0.0277932606265116,-0.0231214308023868,0.0217826334577127,0.0247634369019818,-0.0192107968749367,-0.0107247472435824,-0.0301203092414095
-0.0278776863200179,0.00927177189307945,-0.0191094851957984,-0.0202484754606744,-0.00455001630093194,0.0346827718712524,0.00684113495541782,-0.0423141912794176,0.0156970754644888,-0.00134165086815623
-0.0062493165212763,0.0277932606265116,-0.0202484754606744,0.0427046533483153,-0.00692475852261382,0.0273232549130057,0.0177816558651046,0.00709699321409633,-0.0102912480227983,-0.0294258643569512
0.0184059458092255,-0.0231214308023868,-0.00455001630093194,-0.00692475852261382,0.00636388031418451,-0.0271591142760835,0.00309144715021739,0.00154426688290211,0.0170141379027132,0.00641077704254088
-0.0469138423609141,0.0217826334577127,0.0346827718712524,0.0273232549130057,-0.0271591142760835,0.0173104535344074,-0.0120189057316593,0.0283125326722365,0.0176774555645915,0.00133270024025627
0.00192500446586678,0.0247634369019818,0.00684113495541782,0.0177816558651046,0.00309144715021739,-0.0120189057316593,0.00645901775356725,0.00985731882757444,0.00707094001937814,0.00832119857190329
0.0060858291985035,-0.0192107968749367,-0.0423141912794176,0.00709699321409633,0.00154426688290211,0.0283125326722365,0.00985731882757444,-0.0172250237227023,0.0305265429903995,-0.0050914060641209
0.00686022744662556,-0.0107247472435824,0.0156970754644888,-0.0102912480227983,0.0170141379027132,0.0176774555645915,0.00707094001937814,0.0305265429903995,-0.00748511169361095,-0.000671805550014084
0.0388861253515791,-0.0301203092414095,-0.00134165086815623,-0.0294258643569512,0.00641077704254088,0.00133270024025627,0.00832119857190329,-0.0050914060641209,-0.000671805550014084,0.00339793848277057
