"V1","V2","V3","V4","V5","V6","V7","V8","V9","V10"
0.00290455847403774,0.0093578862948909,0.0192139629512931,-0.0192987377555661,-0.00764593771326513,0.0133299017728637,0.0267801439113055,-0.00152128725781335,-0.0390147854846527,-0.00134841197586808
0.0093578862948909,-0.0150387704753512,0.0212458420842733,-0.00508119444064936,0.0162478281861769,0.00936113754236478,0.0215026960238598,-0.0131711449209597,-0.013003720688471,0.00911750558343811
0.0192139629512931,0.0212458420842733,0.0323994892627775,0.00108284204559868,-0.0213160800491002,-0.0219365369349822,0.0317176452447592,0.0129889622753757,0.00352726052752458,-0.0202562680445811
-0.0192987377555661,-0.00508119444064936,0.00108284204559868,-0.0192524854356606,-0.00671716760965945,0.0122446664696476,-0.0218587140771943,-0.0110423023850182,0.0239645584209824,0.00115522346882995
-0.00764593771326513,0.0162478281861769,-0.0213160800491002,-0.00671716760965945,-0.0273102589201045,-0.000527630011683708,0.00610128906330783,-0.0195819620241238,-0.0115535803132549,0.0227044180379339
0.0133299017728637,0.00936113754236478,-0.0219365369349822,0.0122446664696476,-0.000527630011683708,0.0210818466296485,-0.0203123020480714,-0.00902607345470996,0.0096267210974761,-0.0237739513088825
0.0267801439113055,0.0215026960238598,0.0317176452447592,-0.0218587140771943,0.00610128906330783,-0.0203123020480714,0.0311929547498823,0.0079696406378271,-0.00613450500056539,0.0216806213590344
-0.00152128725781335,-0.0131711449209597,0.0129889622753757,-0.0110423023850182,-0.0195819620241238,-0.00902607345470996,0.0079696406378271,0.00575157885139674,-0.00171798630257561,-0.0252068192455091
-0.0390147854846527,-0.013003720688471,0.00352726052752458,0.0239645584209824,-0.0115535803132549,0.0096267210974761,-0.00613450500056539,-0.00171798630257561,-0.00451156229898231,-0.000771975749151427
-0.00134841197586808,0.00911750558343811,-0.0202562680445811,0.00115522346882995,0.0227044180379339,-0.0237739513088825,0.0216806213590344,-0.0252068192455091,-0.000771975749151427,0.00626373251990473
