"V1","V2","V3","V4","V5","V6","V7","V8","V9","V10"
-0.0168255963473409,0.00741314352417977,0.0161659949031675,-0.0389563594542904,-0.00658690911285514,0.00308528999072067,0.008377618272334,0.0173498286433022,-0.0318357337063768,-0.00508845799540122
0.00741314352417977,0.0164218278484214,0.00990396871415209,0.0115685904622039,-0.0155857648482534,0.0116906710034823,0.00575090470363249,-0.000550141006619829,-0.0312260032732216,0.0253186585426515
0.0161659949031675,0.00990396871415209,-0.0110612567787156,-0.01099109624035,-0.0146916732627569,0.0229732964455782,0.0021029450369509,0.0446485010888521,-0.0288902952843068,-0.0162532362784635
-0.0389563594542904,0.0115685904622039,-0.01099109624035,0.0102966040347733,-0.00241179325749655,-0.0279895577473553,0.0311880155644577,-0.000559790286562105,-0.0110863123644033,0.0193281122800013
-0.00658690911285514,-0.0155857648482534,-0.0146916732627569,-0.00241179325749655,0.0125487758145616,-0.000593973519483866,-0.0134065134330316,-0.0118415387741842,-0.00683714451909065,0.0074289562972037
0.00308528999072067,0.0116906710034823,0.0229732964455782,-0.0279895577473553,-0.000593973519483866,0.00945425757359495,0.0230145193147138,0.00395416479762508,0.0118452109630342,0.00650500834139183
0.008377618272334,0.00575090470363249,0.0021029450369509,0.0311880155644577,-0.0134065134330316,0.0230145193147138,0.000835549889085185,-0.0231904874143071,-0.0121793909839706,0.00245949138655537
0.0173498286433022,-0.000550141006619829,0.0446485010888521,-0.000559790286562105,-0.0118415387741842,0.00395416479762508,-0.0231904874143071,-0.00438753646492018,-0.00673024711739917,-0.035452351903374
-0.0318357337063768,-0.0312260032732216,-0.0288902952843068,-0.0110863123644033,-0.00683714451909065,0.0118452109630342,-0.0121793909839706,-0.00673024711739917,0.00197253418621153,-0.00215235664849155
-0.00508845799540122,0.0253186585426515,-0.0162532362784635,0.0193281122800013,0.0074289562972037,0.00650500834139183,0.00245949138655537,-0.035452351903374,-0.00215235664849155,0.0252791146052523
