"V1","V2","V3","V4","V5","V6","V7","V8","V9","V10"
0.00222984121391216,0.020029539184491,-0.0101710012512626,0.0102628576966275,0.000299046698859359,0.00813935938072547,-0.00179607942184983,0.0453346887946727,-0.0074959005275524,0.0169628286668081
0.020029539184491,-0.0113808384532721,0.010051532308474,-0.0152110915162554,-0.00318282306191925,0.0195176143000894,0.0111220784937188,0.0278113954891876,0.0115909848192582,0.00643642737706524
-0.0101710012512626,0.010051532308474,0.0260399647781166,-0.000886638219776348,-0.00712466609479761,0.01734175800842,-0.00486742631533879,-0.00778905971840478,-0.0217555272086299,0.0317638882386987
0.0102628576966275,-0.0152110915162554,-0.000886638219776348,-0.042222075837278,-0.0289320047050761,0.0160268022139555,-0.0266972547998263,0.00859000938552953,-0.00458274788130272,-0.0126746557275405
0.000299046698859359,-0.00318282306191925,-0.00712466609479761,-0.0289320047050761,0.0159637139120576,0.00508177331252709,0.0238945353322592,0.00610904348920025,-0.00940532725938978,0.0109611324156415
0.00813935938072547,0.0195176143000894,0.01734175800842,0.0160268022139555,0.00508177331252709,0.0439240908695257,-0.0174920263526041,0.00275921793181589,-0.0115831219964294,-0.00304943815259892
-0.00179607942184983,0.0111220784937188,-0.00486742631533879,-0.0266972547998263,0.0238945353322592,-0.0174920263526041,-0.0120362523655671,0.00356510684488569,-0.0137183731528611,0.0119117142609166
0.0453346887946727,0.0278113954891876,-0.00778905971840478,0.00859000938552953,0.00610904348920025,0.00275921793181589,0.00356510684488569,0.0218159806076472,0.00379085192484682,-0.0121788475614702
-0.0074959005275524,0.0115909848192582,-0.0217555272086299,-0.00458274788130272,-0.00940532725938978,-0.0115831219964294,-0.0137183731528611,0.00379085192484682,0.0212440747611911,-0.00147835243605571
0.0169628286668081,0.00643642737706524,0.0317638882386987,-0.0126746557275405,0.0109611324156415,-0.00304943815259892,0.0119117142609166,-0.0121788475614702,-0.00147835243605571,0.0188615595674731
