"V1","V2","V3","V4","V5","V6","V7","V8","V9","V10"
-0.044572291896808,-0.0146435919285284,-0.0122184979600403,0.00934590908749946,-0.00297675393307473,-0.00457893736619488,0.0115081994736279,-0.00461065853398514,0.00100770219615534,-0.00740904136578107
-0.0146435919285284,0.00222595641169943,0.00664156594232562,0.00390043518116459,-0.0101315489011556,0.00907478460113487,0.0292563996357187,-0.0105827024122076,-0.00588561720166428,-0.00848081676603655
-0.0122184979600403,0.00664156594232562,0.0265470166101232,-0.0157401332906526,-0.00732751163077336,-0.015561528699996,0.0545544000567652,-0.00244700504578064,0.00445890903039814,0.0114694464945895
0.00934590908749946,0.00390043518116459,-0.0157401332906526,0.0160486401710325,-0.00697884177883482,-0.00191766814252251,-0.00651636737455123,-0.00851262600616272,0.00819052908624647,-0.0369831974121868
-0.00297675393307473,-0.0101315489011556,-0.00732751163077336,-0.00697884177883482,-0.0159913830924078,-0.0124054834489968,-0.0153457548467596,0.0164930978027248,-0.0144890505292276,-0.0300801611853862
-0.00457893736619488,0.00907478460113487,-0.015561528699996,-0.00191766814252251,-0.0124054834489968,-0.0531115792332925,-0.00118399594948798,-0.00656038327095347,-0.0232401652657686,-0.00111980229072105
0.0115081994736279,0.0292563996357187,0.0545544000567652,-0.00651636737455123,-0.0153457548467596,-0.00118399594948798,0.0267349700682282,-0.00768860926981181,-0.00227866094402088,-0.00803657209819876
-0.00461065853398514,-0.0105827024122076,-0.00244700504578064,-0.00851262600616272,0.0164930978027248,-0.00656038327095347,-0.00768860926981181,0.00404406649871198,0.00380386444974815,0.0166010044940592
0.00100770219615534,-0.00588561720166428,0.00445890903039814,0.00819052908624647,-0.0144890505292276,-0.0232401652657686,-0.00227866094402088,0.00380386444974815,0.0095848404000578,0.00103294532025675
-0.00740904136578107,-0.00848081676603655,0.0114694464945895,-0.0369831974121868,-0.0300801611853862,-0.00111980229072105,-0.00803657209819876,0.0166010044940592,0.00103294532025675,0.00244483385681138
