"V1","V2","V3","V4","V5","V6","V7","V8","V9","V10"
-0.0511376880897135,-0.0333648706356535,0.00347186875325671,-0.0229744361543653,0.00782060984532966,-0.0368297916984893,0.0132238122283089,-0.00599356679060739,0.0143394528091053,-0.0142066481669528
-0.0333648706356535,0.00907164045142175,-0.00527157589633015,0.0132558236355491,-0.0173968510794498,0.0105062994181617,-0.0155293030058074,0.0368665736304588,-0.00570794487710686,0.0263070404941535
0.00347186875325671,-0.00527157589633015,0.0319083109551983,0.0183033852564802,0.0244553637147514,0.00289283537616897,0.00967125405005713,-0.00183741899802658,0.0100214550034072,-0.0168333536578181
-0.0229744361543653,0.0132558236355491,0.0183033852564802,0.0330903226488655,0.00765822274850214,-0.00756468586416546,-0.00548303101550643,0.0217813098309535,-0.0340511045527439,0.0176463298250113
0.00782060984532966,-0.0173968510794498,0.0244553637147514,0.00765822274850214,0.0130445775892141,-0.0216813266502802,-0.0210202542735231,0.0144881378416873,0.0233122103956766,0.0108681299022155
-0.0368297916984893,0.0105062994181617,0.00289283537616897,-0.00756468586416546,-0.0216813266502802,0.0356094967659471,-0.0156985655681942,0.0222311857600638,0.00671000552353419,-0.0187293989888389
0.0132238122283089,-0.0155293030058074,0.00967125405005713,-0.00548303101550643,-0.0210202542735231,-0.0156985655681942,0.0127539730457623,-0.0191664692909817,0.0150673000644994,0.00220424690206484
-0.00599356679060739,0.0368665736304588,-0.00183741899802658,0.0217813098309535,0.0144881378416873,0.0222311857600638,-0.0191664692909817,0.0101870895430566,-0.035082349664224,0.020837678613182
0.0143394528091053,-0.00570794487710686,0.0100214550034072,-0.0340511045527439,0.0233122103956766,0.00671000552353419,0.0150673000644994,-0.035082349664224,-0.0424597704587008,-0.0227467808068838
-0.0142066481669528,0.0263070404941535,-0.0168333536578181,0.0176463298250113,0.0108681299022155,-0.0187293989888389,0.00220424690206484,0.020837678613182,-0.0227467808068838,-0.00899400670516948
