"V1","V2","V3","V4","V5","V6","V7","V8","V9","V10"
-0.0161635034286,-0.0151447044999364,-0.0217189275636837,-0.0179872596014508,0.0197958287431317,-0.0144214927312759,0.0236454660396004,-0.00563746715367683,-0.0152760686073018,-0.0153055026830375
-0.0151447044999364,-0.00230806872258165,-0.000999128627864824,-0.00403505552810686,-0.026120235114149,0.0273363076986726,-0.00199687844755177,0.0114983573840543,-5.75107781813255e-05,0.00370358723508398
-0.0217189275636837,-0.000999128627864824,0.0197901673514148,-0.00488309461698509,0.00439507714439207,-0.0231964821987832,-0.0238594763191335,-0.0475556694382619,0.0154339192939055,0.00597038101808427
-0.0179872596014508,-0.00403505552810686,-0.00488309461698509,-0.0151305022084494,-0.0323883673920847,0.0024644520165697,-0.00998058400355954,0.00536286806904587,-0.0101716971957293,-0.0241962534773588
0.0197958287431317,-0.026120235114149,0.00439507714439207,-0.0323883673920847,0.0254660678026245,0.00847129136438057,-0.00980710229318841,-0.0160363855239785,0.00793380855299463,0.00253789146925
-0.0144214927312759,0.0273363076986726,-0.0231964821987832,0.0024644520165697,0.00847129136438057,0.00430536855693875,-0.0210781186812038,0.0228184416220151,0.018582679726361,0.0147989333811617
0.0236454660396004,-0.00199687844755177,-0.0238594763191335,-0.00998058400355954,-0.00980710229318841,-0.0210781186812038,-0.0236407989367785,-0.0134088626026455,0.0130983780444154,-0.00571388069494602
-0.00563746715367683,0.0114983573840543,-0.0475556694382619,0.00536286806904587,-0.0160363855239785,0.0228184416220151,-0.0134088626026455,-0.0357677201796747,0.00891388309253817,-0.022357476644106
-0.0152760686073018,-5.75107781813255e-05,0.0154339192939055,-0.0101716971957293,0.00793380855299463,0.018582679726361,0.0130983780444154,0.00891388309253817,-0.0228610128418039,0.0178351316586562
-0.0153055026830375,0.00370358723508398,0.00597038101808427,-0.0241962534773588,0.00253789146925,0.0147989333811617,-0.00571388069494602,-0.022357476644106,0.0178351316586562,0.0075465485349232
