"V1","V2","V3","V4","V5","V6","V7","V8","V9","V10"
-0.0130581365739126,-0.00436490999113236,0.0063248190088016,0.00121179511608562,-0.00206640076147246,-0.0321306847196185,0.00409091624562355,-0.0181393517251644,-0.00101843734847045,0.00777247187422399
-0.00436490999113236,-0.0611285498607345,0.0216383699701007,0.0246367719346855,-0.00381297259220046,-0.0465561079067062,-0.000915886826452256,0.0223535010016804,-0.0253544408828915,0.008812571406604
0.0063248190088016,0.0216383699701007,0.0477853646271131,-0.00522327422804552,0.0145663315605519,0.0453754325780116,-0.0192526896703934,0.0103212103111643,-0.0384827954165218,-0.00311109421379222
0.00121179511608562,0.0246367719346855,-0.00522327422804552,-0.0399519059730507,-2.42475126966055e-05,-0.0191442545004714,-0.01049010459136,-0.0114470439508895,0.0028262887943189,-0.0068989603904053
-0.00206640076147246,-0.00381297259220046,0.0145663315605519,-2.42475126966055e-05,-0.00272822968322621,-0.0187278352767947,0.0279816012350142,-0.0278712183474103,0.00802864758017724,0.000247554825229286
-0.0321306847196185,-0.0465561079067062,0.0453754325780116,-0.0191442545004714,-0.0187278352767947,0.0451984157704356,-0.0443301190891592,0.0183566982904553,-0.0382363049286792,-0.0270614111264826
0.00409091624562355,-0.000915886826452256,-0.0192526896703934,-0.01049010459136,0.0279816012350142,-0.0443301190891592,-0.0240588803186551,0.0108947443395858,0.0147826737667748,-0.0239611073997895
-0.0181393517251644,0.0223535010016804,0.0103212103111643,-0.0114470439508895,-0.0278712183474103,0.0183566982904553,0.0108947443395858,-0.029020510915698,-0.0217579733933254,-0.00387415093501457
-0.00101843734847045,-0.0253544408828915,-0.0384827954165218,0.0028262887943189,0.00802864758017724,-0.0382363049286792,0.0147826737667748,-0.0217579733933254,0.0103204177979658,-0.000563704126214551
0.00777247187422399,0.008812571406604,-0.00311109421379222,-0.0068989603904053,0.000247554825229286,-0.0270614111264826,-0.0239611073997895,-0.00387415093501457,-0.000563704126214551,0.00993331582599422
