"V1","V2","V3","V4","V5","V6","V7","V8","V9","V10"
-0.0230637029401602,0.00449645833364208,-0.0153669145737284,-0.0155382218238538,-0.00388222503132234,0.0226928969735009,-0.0171650445303393,0.00795112372248234,-0.0015764104215597,0.0106418907040748
0.00449645833364208,0.0167169174156149,-0.0268383439332257,0.0129039027960018,-0.0213917251840925,-0.0107114879079489,0.00153575459793173,0.0113115541283447,-0.0146860869428075,0.0323309775116372
-0.0153669145737284,-0.0268383439332257,0.007653770968466,-0.00362223237058148,-0.00127005395718046,0.00699836152121308,-0.0216567565439411,-0.0281261454221112,-0.00925177108235794,-0.00507200885346001
-0.0155382218238538,0.0129039027960018,-0.00362223237058148,-0.0309021261324017,-0.00644235980439516,-0.00356486377912636,-0.00166325538140556,0.00929995502334587,0.0117499495072707,-0.00563584439823682
-0.00388222503132234,-0.0213917251840925,-0.00127005395718046,-0.00644235980439516,0.00630903699322194,-0.00433566640483886,0.0252857869979946,-0.0131368925638006,0.000874881570772769,-0.00212809408210278
0.0226928969735009,-0.0107114879079489,0.00699836152121308,-0.00356486377912636,-0.00433566640483886,-0.048109780805465,-0.02563165069035,0.04403992626855,0.0228484728019401,0.0454488721936892
-0.0171650445303393,0.00153575459793173,-0.0216567565439411,-0.00166325538140556,0.0252857869979946,-0.02563165069035,-0.00783637359934635,-0.00347616072669114,0.0140326470602537,0.0267946629040074
0.00795112372248234,0.0113115541283447,-0.0281261454221112,0.00929995502334587,-0.0131368925638006,0.04403992626855,-0.00347616072669114,0.00124841297051157,-0.00112660675598993,-0.0115481339314371
-0.0015764104215597,-0.0146860869428075,-0.00925177108235794,0.0117499495072707,0.000874881570772769,0.0228484728019401,0.0140326470602537,-0.00112660675598993,-0.0393794697680577,0.00487173312202398
0.0106418907040748,0.0323309775116372,-0.00507200885346001,-0.00563584439823682,-0.00212809408210278,0.0454488721936892,0.0267946629040074,-0.0115481339314371,0.00487173312202398,0.0181908515602569
