"V1","V2","V3","V4","V5","V6","V7","V8","V9","V10"
-0.0301487587165371,-0.00151614084971901,0.00577584537722073,0.0190134185964832,0.00590223994246775,0.0234700365507735,-0.0116634414031556,-0.00527071458040837,-0.00168229109228922,0.000611391427075955
-0.00151614084971901,-0.028483918565889,-0.0153469646279847,-0.0178285474567733,0.00767119565548603,-0.00748046441367155,-0.0140693116124662,-0.00642359674778073,0.00593063466863761,-0.00184326720420865
0.00577584537722073,-0.0153469646279847,0.0184421331162077,-0.0206105118908461,-0.00847410750638757,-0.0029180071610757,0.0257267679728989,0.0140167223384995,0.0544193980752227,0.00385498974039315
0.0190134185964832,-0.0178285474567733,-0.0206105118908461,0.00961457252086846,0.00508884900877307,0.00950752479283121,0.00714717291709799,-0.00442867335186083,-0.0197134281107541,0.0235349730837563
0.00590223994246775,0.00767119565548603,-0.00847410750638757,0.00508884900877307,0.00135935455816163,0.030086346982625,0.013317489736243,0.000462296504839397,-0.0113132225412174,-0.00842007403294528
0.0234700365507735,-0.00748046441367155,-0.0029180071610757,0.00950752479283121,0.030086346982625,-0.0174969664501675,0.025214642112681,-0.00872616839635163,-0.00619923830696849,-0.00480564185786495
-0.0116634414031556,-0.0140693116124662,0.0257267679728989,0.00714717291709799,0.013317489736243,0.025214642112681,0.00773012009439165,-0.0201704398344329,0.00829228862178853,-0.0119871930059781
-0.00527071458040837,-0.00642359674778073,0.0140167223384995,-0.00442867335186083,0.000462296504839397,-0.00872616839635163,-0.0201704398344329,0.0594358911526803,-0.0209667348231238,0.00955327573709156
-0.00168229109228922,0.00593063466863761,0.0544193980752227,-0.0197134281107541,-0.0113132225412174,-0.00619923830696849,0.00829228862178853,-0.0209667348231238,0.00858674539271638,0.00979090977286349
0.000611391427075955,-0.00184326720420865,0.00385498974039315,0.0235349730837563,-0.00842007403294528,-0.00480564185786495,-0.0119871930059781,0.00955327573709156,0.00979090977286349,0.00972153416440955
