"V1","V2","V3","V4","V5","V6","V7","V8","V9","V10"
0.000629620832683564,0.0207037811841426,-0.00584871403845645,0.00903086215512071,-0.0216975998489521,0.0123250721884642,-0.00755598240411993,0.00388625432365702,-0.0253507504602683,0.0131179152618546
0.0207037811841426,0.0424842557709101,-0.0195694451263056,0.0021065080036601,0.028038164088772,-0.00147939715154031,0.0400522611893054,0.0157390958130334,-0.00400608758451135,-0.00610528905202086
-0.00584871403845645,-0.0195694451263056,-0.0171427873734906,0.0338120590469469,-0.0149469074175018,-0.0135539063508203,-0.0134372848144513,0.00552552086938323,0.00095632431044084,-0.0208023113226983
0.00903086215512071,0.0021065080036601,0.0338120590469469,-0.042020011062664,-0.00965201918125289,0.00351606936039375,0.00680656487383887,-0.00118432979893706,0.00262705417822903,0.0251964759197298
-0.0216975998489521,0.028038164088772,-0.0149469074175018,-0.00965201918125289,0.0104933005432737,0.0208494165452093,0.00177031695870638,0.00911891777454714,0.0173030466899378,0.0211803262996189
0.0123250721884642,-0.00147939715154031,-0.0135539063508203,0.00351606936039375,0.0208494165452093,-0.000136360833205496,-0.0294198666399955,-0.00757465894720575,0.00407852526333607,-0.000548300383563496
-0.00755598240411993,0.0400522611893054,-0.0134372848144513,0.00680656487383887,0.00177031695870638,-0.0294198666399955,0.00467679284334985,0.0163715156649115,0.00709352582398826,0.0109313776494296
0.00388625432365702,0.0157390958130334,0.00552552086938323,-0.00118432979893706,0.00911891777454714,-0.00757465894720575,0.0163715156649115,0.00515751762318939,0.0169141261537314,-0.0243122398686625
-0.0253507504602683,-0.00400608758451135,0.00095632431044084,0.00262705417822903,0.0173030466899378,0.00407852526333607,0.00709352582398826,0.0169141261537314,-0.0141816060201197,0.0237498489697439
0.0131179152618546,-0.00610528905202086,-0.0208023113226983,0.0251964759197298,0.0211803262996189,-0.000548300383563496,0.0109313776494296,-0.0243122398686625,0.0237498489697439,0.0175293491756523
