"V1","V2","V3","V4","V5","V6","V7","V8","V9","V10"
0.0141918289312668,0.0276587336319461,-0.000689328689773128,0.0410644237013311,-0.00672200254764022,0.0164238145306866,0.00738719979178297,0.0312273581974561,-0.00117316493705712,-0.00643678441199273
0.0276587336319461,0.0582794006040608,-0.00557367722701155,-0.0298936753666596,0.0286939382574012,0.0270945572891625,-0.00715330046169436,0.00509680691450724,-0.0034425718327556,-0.00361125366350135
-0.000689328689773128,-0.00557367722701155,0.019925807350012,0.0100768968712424,0.0045392038756767,-0.00502861342654847,0.00354246075144864,0.0199662787041869,0.0101853591486545,0.0591688644064166
0.0410644237013311,-0.0298936753666596,0.0100768968712424,0.00466441132435724,-0.0220549677081423,0.00847779928901638,0.017063371203912,0.00716390056951755,-0.0202421731346995,0.0137313395509009
-0.00672200254764022,0.0286939382574012,0.0045392038756767,-0.0220549677081423,-0.0295011388432766,-0.0138729354674596,-0.0148255330941997,0.0105403715312215,0.0260223396546305,-0.0220098573295013
0.0164238145306866,0.0270945572891625,-0.00502861342654847,0.00847779928901638,-0.0138729354674596,0.0092026744627387,-0.0091004849123639,0.0128995964519608,0.0078662367124629,0.00252247881609843
0.00738719979178297,-0.00715330046169436,0.00354246075144864,0.017063371203912,-0.0148255330941997,-0.0091004849123639,0.0434110056266655,-0.0154916515881623,0.00739129574142558,0.0349501559849866
0.0312273581974561,0.00509680691450724,0.0199662787041869,0.00716390056951755,0.0105403715312215,0.0128995964519608,-0.0154916515881623,0.00237204075166635,-0.0018323946570293,-0.0194953223485125
-0.00117316493705712,-0.0034425718327556,0.0101853591486545,-0.0202421731346995,0.0260223396546305,0.0078662367124629,0.00739129574142558,-0.0018323946570293,-0.0698358062254879,0.0056132658380859
-0.00643678441199273,-0.00361125366350135,0.0591688644064166,0.0137313395509009,-0.0220098573295013,0.00252247881609843,0.0349501559849866,-0.0194953223485125,0.0056132658380859,0.00041652669276635
