"V1","V2","V3","V4","V5","V6","V7","V8","V9","V10"
-0.00684605038775028,0.00512849282753641,-0.0225795566019565,-0.00286447432131319,0.020607723761752,0.0144054803560077,0.00781434369376245,-0.0102727469764613,-0.0227609541967203,0.0125850249680549
0.00512849282753641,0.0362896874465338,-0.0135789953924209,-0.00628021002714071,0.0312486998593943,-0.00698052909933755,0.0351340002702983,0.0130261653308637,0.00250858666503224,0.00520897868597892
-0.0225795566019565,-0.0135789953924209,0.0202219910374373,-0.00078236582868802,0.0152897914545111,0.00154737162782784,0.0093024569175029,0.0053180904373245,-0.00906283271270591,-0.00888794125721177
-0.00286447432131319,-0.00628021002714071,-0.00078236582868802,-0.0203374904676531,0.00800264588390456,0.0103172735057794,0.0361091952912747,-0.0420242972703973,0.0062931183402416,0.00689046915997331
0.020607723761752,0.0312486998593943,0.0152897914545111,0.00800264588390456,-0.0145410489985846,-0.01707009063593,0.0300535254637541,-0.0261185634685464,0.00194287715083967,0.00565931862910849
0.0144054803560077,-0.00698052909933755,0.00154737162782784,0.0103172735057794,-0.01707009063593,0.0356584085525022,-0.0193773867262615,-0.00336014203141657,-0.00447562779135641,0.00171994923013169
0.00781434369376245,0.0351340002702983,0.0093024569175029,0.0361091952912747,0.0300535254637541,-0.0193773867262615,0.0356625478446229,0.00422811271429276,0.0346905156745327,0.00823518702516347
-0.0102727469764613,0.0130261653308637,0.0053180904373245,-0.0420242972703973,-0.0261185634685464,-0.00336014203141657,0.00422811271429276,-0.0135061366465878,0.0101790981824566,0.01793147777647
-0.0227609541967203,0.00250858666503224,-0.00906283271270591,0.0062931183402416,0.00194287715083967,-0.00447562779135641,0.0346905156745327,0.0101790981824566,-0.030984243039248,-0.0212474716243305
0.0125850249680549,0.00520897868597892,-0.00888794125721177,0.00689046915997331,0.00565931862910849,0.00171994923013169,0.00823518702516347,0.01793147777647,-0.0212474716243305,-0.0103716904023976
