"V1","V2","V3","V4","V5","V6","V7","V8","V9","V10"
0.00849382548087525,-0.00370270163628758,-0.00301242625752465,0.0104532818197148,0.00558042275538651,-0.0185704938419675,-0.0286782483120263,-0.0203065418474973,-0.000605577103213415,-0.0305206058033338
-0.00370270163628758,0.0200506529506908,-0.0150192473642637,0.00441252001829728,0.0201218257055548,-0.00834966808485095,0.00717774404929318,-0.0217990993636226,-0.0067749960357416,-0.0319767520738688
-0.00301242625752465,-0.0150192473642637,0.0286868584077049,0.00893168603069051,0.00897826417674611,-0.0105113553104726,0.0105571234517386,0.0143866414490026,-0.010689498084239,-0.00189834071683987
0.0104532818197148,0.00441252001829728,0.00893168603069051,-0.034934353169003,-0.021813493969525,0.0140083682221439,-0.00813023269407424,0.00715049723533583,0.00355236671296451,0.0129233740328047
0.00558042275538651,0.0201218257055548,0.00897826417674611,-0.021813493969525,0.00151152306739097,-0.00478670045129596,-0.0234881926420225,0.021139090021423,0.00269826528845152,0.0221992547964116
-0.0185704938419675,-0.00834966808485095,-0.0105113553104726,0.0140083682221439,-0.00478670045129596,0.0163449085799575,-0.00277090226959417,-0.0133333609420729,-0.0153562740340053,-0.00104449976938208
-0.0286782483120263,0.00717774404929318,0.0105571234517386,-0.00813023269407424,-0.0234881926420225,-0.00277090226959417,0.0115276206482622,0.0279868543080172,0.0280901975348561,0.0181399311771239
-0.0203065418474973,-0.0217990993636226,0.0143866414490026,0.00715049723533583,0.021139090021423,-0.0133333609420729,0.0279868543080172,-0.0454945148140474,0.00382490963876271,-0.00623215937345131
-0.000605577103213415,-0.0067749960357416,-0.010689498084239,0.00355236671296451,0.00269826528845152,-0.0153562740340053,0.0280901975348561,0.00382490963876271,-0.0179627421589941,0.0347326720879431
-0.0305206058033338,-0.0319767520738688,-0.00189834071683987,0.0129233740328047,0.0221992547964116,-0.00104449976938208,0.0181399311771239,-0.00623215937345131,0.0347326720879431,-0.0198368303718965
