"V1","V2","V3","V4","V5","V6","V7","V8","V9","V10"
-0.00919900349205283,0.0145406767651446,0.0106349719384125,0.0186393876257717,0.0207821232642777,-0.000748430949879527,0.0173599781508825,-0.0158190825216685,0.0318989159054121,-0.0164156277240774
0.0145406767651446,-0.00835913220616189,-0.00109927600380251,-0.0100504801774633,-0.00197479996817248,0.0548006867311634,0.00887105510302624,0.00188223577323564,-0.000641749329503261,-0.0240273883679967
0.0106349719384125,-0.00109927600380251,0.0111736481782065,0.00584207054419136,0.00798406111514026,0.0109090764687818,-0.0037046368830582,-0.0157155945841796,-0.00734625217828727,-0.0085760049288127
0.0186393876257717,-0.0100504801774633,0.00584207054419136,0.0216825682548655,-0.00901339464424709,-0.00564226305004474,0.0164609851760914,-7.40697906219598e-06,0.0110420787605486,0.00503624391690331
0.0207821232642777,-0.00197479996817248,0.00798406111514026,-0.00901339464424709,-0.00496026141520474,0.00826710269417526,-0.0180814538249943,0.012313611058841,-0.0270080996543098,-0.0151676006246496
-0.000748430949879527,0.0548006867311634,0.0109090764687818,-0.00564226305004474,0.00826710269417526,-0.0139258155082763,-0.0110569252884893,0.0043914047143173,-0.0317708401702921,-0.00276508747798697
0.0173599781508825,0.00887105510302624,-0.0037046368830582,0.0164609851760914,-0.0180814538249943,-0.0110569252884893,-0.0471755806988174,-0.00617352041891953,0.0237228429197398,-0.0330280665044054
-0.0158190825216685,0.00188223577323564,-0.0157155945841796,-7.40697906219598e-06,0.012313611058841,0.0043914047143173,-0.00617352041891953,0.0239824413708154,0.00346742398255313,-0.0184878438662386
0.0318989159054121,-0.000641749329503261,-0.00734625217828727,0.0110420787605486,-0.0270080996543098,-0.0317708401702921,0.0237228429197398,0.00346742398255313,0.0205363547815647,-0.0131985243518634
-0.0164156277240774,-0.0240273883679967,-0.0085760049288127,0.00503624391690331,-0.0151676006246496,-0.00276508747798697,-0.0330280665044054,-0.0184878438662386,-0.0131985243518634,-0.0335902962937248
