"V1","V2","V3","V4","V5","V6","V7","V8","V9","V10"
-0.00142572122495173,0.0190666661443205,0.00717804562603944,0.00935630011969871,-0.00822012865950092,0.0306264040513684,0.00111067098645417,0.0158036837822325,0.00083101328302964,-0.012683464956274
0.0190666661443205,-0.0302335349057263,-0.00498762891659712,0.0041685583260309,-0.000681438896008753,0.00538445569090042,-0.0103844364720724,-0.016491135266409,0.0179619941705698,0.00458117729030934
0.00717804562603944,-0.00498762891659712,0.0217777060202135,-0.0103909539960296,-0.00860621268925623,-0.00817386750352254,0.0140757216581632,0.00107019136760813,-0.00368481247612996,0.0198323912904695
0.00935630011969871,0.0041685583260309,-0.0103909539960296,-0.0484076601042126,0.0131960878539999,0.00467005807021412,-0.00260656288232756,0.00354773588356159,0.0279597820847811,-0.0111804339656241
-0.00822012865950092,-0.000681438896008753,-0.00860621268925623,0.0131960878539999,0.000272056323114977,-0.00200180469154898,0.000167430447936751,-0.0274535775424047,0.00745998288309784,-0.00309986404686631
0.0306264040513684,0.00538445569090042,-0.00817386750352254,0.00467005807021412,-0.00200180469154898,0.0413431711035643,0.0149458576713098,0.00939846400382061,0.0224247966617653,-0.0375478002909612
0.00111067098645417,-0.0103844364720724,0.0140757216581632,-0.00260656288232756,0.000167430447936751,0.0149458576713098,-0.022477277248456,-0.00533503677921058,0.00837241211654092,-0.00884691944252453
0.0158036837822325,-0.016491135266409,0.00107019136760813,0.00354773588356159,-0.0274535775424047,0.00939846400382061,-0.00533503677921058,-0.00696269855476395,-0.0265823727824907,-0.0159751961228968
0.00083101328302964,0.0179619941705698,-0.00368481247612996,0.0279597820847811,0.00745998288309784,0.0224247966617653,0.00837241211654092,-0.0265823727824907,-0.0261629602353757,0.0142651139565126
-0.012683464956274,0.00458117729030934,0.0198323912904695,-0.0111804339656241,-0.00309986404686631,-0.0375478002909612,-0.00884691944252453,-0.0159751961228968,0.0142651139565126,0.0170620022659863
