"V1","V2","V3","V4","V5","V6","V7","V8","V9","V10"
-0.00497530285282459,-0.0186943373927496,0.00832067287472234,-0.00308978355683229,0.00339295661682219,0.00778287011145128,-0.032340860935249,0.00139194841838783,-0.0237342937616249,0.0146208843080968
-0.0186943373927496,0.0253006125074888,0.035825691108484,-0.0306733823243313,0.0119418789667274,0.0313007197100433,-0.00736560974960262,0.0158959467636625,-0.00972339133759692,-0.0166326358937208
0.00832067287472234,0.035825691108484,-0.0190282788308416,0.00512143366474334,-0.0129594294165929,0.0140274617959848,-0.0325756195512488,-0.00046669320287023,0.00162280316242434,0.00124114410975149
-0.00308978355683229,-0.0306733823243313,0.00512143366474334,0.00801593258885409,-0.0128487473462897,-0.0277904950200411,0.00824670135569294,0.0265862055917233,0.0133459571826022,-0.00223395207704539
0.00339295661682219,0.0119418789667274,-0.0129594294165929,-0.0128487473462897,-0.0147502485765397,-0.028370435181142,-0.00739082222966517,-0.0147379852748093,0.00546981509393495,-0.020643253281451
0.00778287011145128,0.0313007197100433,0.0140274617959848,-0.0277904950200411,-0.028370435181142,0.0462844843737607,-0.0218355043528801,-0.0196229548494119,-0.00978807924452168,0.0298531896165034
-0.032340860935249,-0.00736560974960262,-0.0325756195512488,0.00824670135569294,-0.00739082222966517,-0.0218355043528801,0.000284599238631644,0.0115973456025731,0.0022062610218968,0.0105486369489403
0.00139194841838783,0.0158959467636625,-0.00046669320287023,0.0265862055917233,-0.0147379852748093,-0.0196229548494119,0.0115973456025731,0.00959430793043838,0.0368880442585612,0.000599076491790463
-0.0237342937616249,-0.00972339133759692,0.00162280316242434,0.0133459571826022,0.00546981509393495,-0.00978807924452168,0.0022062610218968,0.0368880442585612,-0.0446535881836187,-0.0119086903411531
0.0146208843080968,-0.0166326358937208,0.00124114410975149,-0.00223395207704539,-0.020643253281451,0.0298531896165034,0.0105486369489403,0.000599076491790463,-0.0119086903411531,-0.0305575566561403
