"V1","V2","V3","V4","V5","V6","V7","V8","V9","V10"
-0.00916494099835563,-0.00327002013873614,-0.0485310866681472,0.0218573108641572,-0.0168190928044899,0.025382541011342,-0.00441963861137944,0.0112809841726059,-0.045767071792597,-0.0132251780719561
-0.00327002013873614,-0.0429334808604371,0.00563494949308867,-0.00895748370298846,-0.0275060379212182,0.0164261228453041,-0.009594283801748,-0.00532958025878373,0.0090454698687872,-0.0287876330384737
-0.0485310866681472,0.00563494949308867,-0.00661963761557785,-0.00164817346385248,0.0257712738597197,-0.00644130506263024,0.00254686250953097,0.00522542737405172,0.000215753761587485,-0.00375356085849835
0.0218573108641572,-0.00895748370298846,-0.00164817346385248,-0.036677264136023,-0.0206225347171548,0.0137439062023165,-0.0356927328569033,0.00809029512434629,0.0148236564260882,0.0185403911019126
-0.0168190928044899,-0.0275060379212182,0.0257712738597197,-0.0206225347171548,-0.021157274753574,0.0298777436114441,0.0287439520946017,0.0165746215311427,-0.0337355010583264,0.0342299338505684
0.025382541011342,0.0164261228453041,-0.00644130506263024,0.0137439062023165,0.0298777436114441,-0.0281414759236961,-0.0183825667638465,0.0184772803883374,-0.0295151471678547,0.0301649539566183
-0.00441963861137944,-0.009594283801748,0.00254686250953097,-0.0356927328569033,0.0287439520946017,-0.0183825667638465,0.01013707146858,-0.00616950008085602,0.00437018363050188,-0.0358966994968844
0.0112809841726059,-0.00532958025878373,0.00522542737405172,0.00809029512434629,0.0165746215311427,0.0184772803883374,-0.00616950008085602,-0.010550945259162,-0.0259155632777175,0.00347867610324196
-0.045767071792597,0.0090454698687872,0.000215753761587485,0.0148236564260882,-0.0337355010583264,-0.0295151471678547,0.00437018363050188,-0.0259155632777175,-0.000752620526703174,0.0109606497027598
-0.0132251780719561,-0.0287876330384737,-0.00375356085849835,0.0185403911019126,0.0342299338505684,0.0301649539566183,-0.0358966994968844,0.00347867610324196,0.0109606497027598,0.00872051665255045
