"V1","V2","V3","V4","V5","V6","V7","V8","V9","V10"
0.0387931613110196,0.0123416770788657,0.0193447246068344,0.0215560091288408,0.045656781086476,-0.0238457592366577,0.01508495372612,0.0307719794159105,0.00864560834019336,-0.000496511268306141
0.0123416770788657,-0.0330026919715199,-0.00427066270749384,0.0103107878242622,-0.00859690155064224,-0.0123580755255605,0.00778501646250234,-0.0178038815295389,0.000795115974461111,-0.0204551697001462
0.0193447246068344,-0.00427066270749384,0.0270284946749935,0.00832035521285114,0.0155201976910384,0.0082052543500507,0.00676021220716439,-0.0125617051093002,0.0146626930562328,0.0248120470823902
0.0215560091288408,0.0103107878242622,0.00832035521285114,0.00660785412006242,0.0260197829990021,-0.0164544905598316,0.0161786381409669,-0.00319120663903121,-0.0197452563393109,0.00970870896210007
0.045656781086476,-0.00859690155064224,0.0155201976910384,0.0260197829990021,-0.0135590179429431,0.00877457283627971,0.0313267065731284,-0.0392811647848544,-0.0144419098044824,-0.0195456054049144
-0.0238457592366577,-0.0123580755255605,0.0082052543500507,-0.0164544905598316,0.00877457283627971,-0.0192342596052824,0.00637256020195123,-0.00674911808286685,-0.00766674821583981,-0.00810960198750747
0.01508495372612,0.00778501646250234,0.00676021220716439,0.0161786381409669,0.0313267065731284,0.00637256020195123,-0.00122169430761252,-0.0267540460586939,-0.00765023596389071,0.0291157509293624
0.0307719794159105,-0.0178038815295389,-0.0125617051093002,-0.00319120663903121,-0.0392811647848544,-0.00674911808286685,-0.0267540460586939,0.0178167789026292,0.0170875273187799,-0.00575978538004828
0.00864560834019336,0.000795115974461111,0.0146626930562328,-0.0197452563393109,-0.0144419098044824,-0.00766674821583981,-0.00765023596389071,0.0170875273187799,-0.00337975216012352,0.00927612919714164
-0.000496511268306141,-0.0204551697001462,0.0248120470823902,0.00970870896210007,-0.0195456054049144,-0.00810960198750747,0.0291157509293624,-0.00575978538004828,0.00927612919714164,-0.0231688265131201
