"V1","V2","V3","V4","V5","V6","V7","V8","V9","V10"
0.0237350572903273,-0.000514142262186861,0.00875462906910853,-0.0131847481062952,0.0213077558901529,0.0151285314902263,-0.00373824167249288,-0.0142366919311342,0.00323315317256675,0.016953568159992
-0.000514142262186861,0.0451447401652698,0.0113087533089823,-0.0130514536781473,0.00572920110791742,0.0180260794242967,-0.0287419780632625,0.0659220515901757,-0.0244567588500146,-0.0101791220605723
0.00875462906910853,0.0113087533089823,-0.0374029044708644,-0.0221533159690639,0.00316403678163472,-0.00603463644402091,-0.00556889389230145,-0.00121971804735796,-0.0174633864116836,0.0096712170449969
-0.0131847481062952,-0.0130514536781473,-0.0221533159690639,0.00906048317656762,-0.0484019264670636,0.0064333053734017,-0.0431776833893027,0.0113087482017319,0.0192801053206284,0.00884011223698952
0.0213077558901529,0.00572920110791742,0.00316403678163472,-0.0484019264670636,0.0138799435402978,0.0103619195519946,0.0143204751442274,0.0236736419117711,-0.0382040256886832,-0.0244837480091422
0.0151285314902263,0.0180260794242967,-0.00603463644402091,0.0064333053734017,0.0103619195519946,0.0151440040556618,0.015463382923029,0.017048101622905,0.0143850548187206,-0.000297123417616939
-0.00373824167249288,-0.0287419780632625,-0.00556889389230145,-0.0431776833893027,0.0143204751442274,0.015463382923029,0.00774413930629754,0.00586845652089134,0.017288919694354,0.0255459723113464
-0.0142366919311342,0.0659220515901757,-0.00121971804735796,0.0113087482017319,0.0236736419117711,0.017048101622905,0.00586845652089134,0.0317078877755121,-0.00460136458221284,-0.0115350903884913
0.00323315317256675,-0.0244567588500146,-0.0174633864116836,0.0192801053206284,-0.0382040256886832,0.0143850548187206,0.017288919694354,-0.00460136458221284,-0.010257995173776,0.0220239000318657
0.016953568159992,-0.0101791220605723,0.0096712170449969,0.00884011223698952,-0.0244837480091422,-0.000297123417616939,0.0255459723113464,-0.0115350903884913,0.0220239000318657,0.00278888784777669
