"V1","V2","V3","V4","V5","V6","V7","V8","V9","V10"
-0.0157322022280627,0.0134659054855402,-0.0153832264426018,0.0228446916771452,-0.00394137936930734,0.00364558822019349,-0.0322156978129571,0.0199154485305786,-0.0115575671872712,0.000457682885586478
0.0134659054855402,0.000360823605021654,0.00918180040677074,0.029585828157339,-0.00900488059807181,-0.0102833607967828,-0.0111356187014234,-0.00418433976993337,-0.00989012059966626,-0.00695674485007574
-0.0153832264426018,0.00918180040677074,0.0216849709683731,-0.0031531577302528,0.00888837932152544,-0.0195443972527829,0.00147796217641161,0.0149986344619058,0.0212074104237928,0.0027029775091583
0.0228446916771452,0.029585828157339,-0.0031531577302528,0.00228178296066801,-0.0196556633991138,0.00630728496577173,0.0186924536168694,0.022060387903686,-0.0168440641100689,-0.0110252210460701
-0.00394137936930734,-0.00900488059807181,0.00888837932152544,-0.0196556633991138,-0.0103410039999877,-0.00678245032590574,-0.0244707456771788,-0.0172006000705778,0.010183416154596,0.0107280967107608
0.00364558822019349,-0.0102833607967828,-0.0195443972527829,0.00630728496577173,-0.00678245032590574,-0.0394499091465728,0.00434337626800578,0.0035189087879962,0.0322863572226961,-0.0189420146376061
-0.0322156978129571,-0.0111356187014234,0.00147796217641161,0.0186924536168694,-0.0244707456771788,0.00434337626800578,0.0319959497360002,0.0123216046151205,0.0224405740356304,0.00993140032480925
0.0199154485305786,-0.00418433976993337,0.0149986344619058,0.022060387903686,-0.0172006000705778,0.0035189087879962,0.0123216046151205,-0.0037433293330754,0.00378158014685586,-0.00884103444039737
-0.0115575671872712,-0.00989012059966626,0.0212074104237928,-0.0168440641100689,0.010183416154596,0.0322863572226961,0.0224405740356304,0.00378158014685586,-0.028575978604131,-0.013934055679334
0.000457682885586478,-0.00695674485007574,0.0027029775091583,-0.0110252210460701,0.0107280967107608,-0.0189420146376061,0.00993140032480925,-0.00884103444039737,-0.013934055679334,0.00997069267214923
