"V1","V2","V3","V4","V5","V6","V7","V8","V9","V10"
-0.0190888174119288,0.00662588045935805,-0.00320580730203049,-0.00136100110680212,0.0079024556158864,-0.0035313596746782,0.0172538905377938,-0.000334669299855346,-0.0194566046063634,0.00279718165438791
0.00662588045935805,0.0113479618476313,0.0108915518641906,0.00024814259628704,-0.0116385971498917,0.00207024055008136,0.00711764033088906,0.00048458522612507,-0.0110726484735387,-0.0118889165278832
-0.00320580730203049,0.0108915518641906,0.0368847907906884,-0.0129758168908977,-0.00514287517053378,0.0118873922816912,-0.0242474063347698,0.00552134013848305,0.0150126206463472,0.0106271793769828
-0.00136100110680212,0.00024814259628704,-0.0129758168908977,-0.0439098311731438,-0.00934700024694445,-0.0244413134490901,-0.00149789110993665,-0.007851776725063,0.0234957842745364,-0.0236771031993189
0.0079024556158864,-0.0116385971498917,-0.00514287517053378,-0.00934700024694445,0.0383653895377243,-0.0155568023314214,-0.0154499734006449,-0.00931329964818035,-0.00568098623263785,-0.0183166255680213
-0.0035313596746782,0.00207024055008136,0.0118873922816912,-0.0244413134490901,-0.0155568023314214,-0.00356178100736404,-0.0368394021545103,0.00775767201540203,0.0208878782388163,-0.0205855759775011
0.0172538905377938,0.00711764033088906,-0.0242474063347698,-0.00149789110993665,-0.0154499734006449,-0.0368394021545103,0.00806124924734957,-0.00515587762862535,0.012080152938847,0.0457834782280595
-0.000334669299855346,0.00048458522612507,0.00552134013848305,-0.007851776725063,-0.00931329964818035,0.00775767201540203,-0.00515587762862535,0.00135300945038392,-0.00895484344392942,0.0235485970329864
-0.0194566046063634,-0.0110726484735387,0.0150126206463472,0.0234957842745364,-0.00568098623263785,0.0208878782388163,0.012080152938847,-0.00895484344392942,0.00489290645499314,-0.0129713470829322
0.00279718165438791,-0.0118889165278832,0.0106271793769828,-0.0236771031993189,-0.0183166255680213,-0.0205855759775011,0.0457834782280595,0.0235485970329864,-0.0129713470829322,0.00323901928753647
