"V1","V2","V3","V4","V5","V6","V7","V8","V9","V10"
-0.0182643449227666,0.0190156186397081,-0.0102512093796479,-0.0110620395617749,0.0162284904479108,-0.0033749441290357,0.0130812614055905,-0.012946248657131,0.0329672483840995,0.00801573624378732
0.0190156186397081,0.0141798228520393,-0.000148411385051341,-0.0215754882069561,-0.00620330453720385,-0.000319310456712912,0.0325328628095265,-0.00766286877813067,0.00341429773579958,-0.00920991894905278
-0.0102512093796479,-0.000148411385051341,0.0113361297157662,-0.00304984527829204,0.00853831673988725,-0.00427408094396012,0.0029682208656765,0.00177737023538595,0.0301189393607483,-0.0170196707729273
-0.0110620395617749,-0.0215754882069561,-0.00304984527829204,-0.0333390853107437,-0.00389307548328481,-0.0215294271832947,-0.00154225010254513,0.0268895941775784,0.0156404047827639,-0.0210528001408807
0.0162284904479108,-0.00620330453720385,0.00853831673988725,-0.00389307548328481,0.0058286554107974,0.0100464836247247,-0.0092435565461471,0.004875890792282,-0.0188018287232603,-0.0063240354516838
-0.0033749441290357,-0.000319310456712912,-0.00427408094396012,-0.0215294271832947,0.0100464836247247,-0.0114624315278456,0.0265342634520369,-0.00546247045522395,0.0222760040291863,-0.00693752949614516
0.0130812614055905,0.0325328628095265,0.0029682208656765,-0.00154225010254513,-0.0092435565461471,0.0265342634520369,-0.0234109837176724,-0.00298563012721771,-0.00846994202064999,0.000510041769983993
-0.012946248657131,-0.00766286877813067,0.00177737023538595,0.0268895941775784,0.004875890792282,-0.00546247045522395,-0.00298563012721771,-0.0392584024131929,0.0140202311847446,-0.0149260019149571
0.0329672483840995,0.00341429773579958,0.0301189393607483,0.0156404047827639,-0.0188018287232603,0.0222760040291863,-0.00846994202064999,0.0140202311847446,0.0212503135773904,0.00635333850346701
0.00801573624378732,-0.00920991894905278,-0.0170196707729273,-0.0210528001408807,-0.0063240354516838,-0.00693752949614516,0.000510041769983993,-0.0149260019149571,0.00635333850346701,-0.00219137356233825
