"V1","V2","V3","V4","V5","V6","V7","V8","V9","V10"
-0.00811957499334715,0.0247923348422238,0.0227147435046952,0.0172311795901507,0.00369110122746753,0.0411632520947493,0.00862024802321756,0.0230899810821311,-0.0412588431981572,-0.0193413711872171
0.0247923348422238,0.0231934298936528,-0.00704382156610979,0.0103861839673911,-0.0217545225771331,0.0159326929143153,-0.00928873379786313,0.0350997013393396,-0.00185522129273248,0.00983238926956547
0.0227147435046952,-0.00704382156610979,0.0264653841241772,-0.0131475724654821,0.0133183472725324,-0.0260013385223419,-0.00489360807707006,-0.0153309277520186,-0.00998730200254911,-0.0113282319869757
0.0172311795901507,0.0103861839673911,-0.0131475724654821,-0.0169607562647932,0.00150693280857995,-0.0222345082391722,-0.00923534532015779,0.00188028766562443,0.000855013046561226,-0.00511940852611513
0.00369110122746753,-0.0217545225771331,0.0133183472725324,0.00150693280857995,-0.0285674945009039,0.0171182357929124,-0.0233399877979289,-0.0266323508049476,-0.0228305156239945,-0.0196972438759445
0.0411632520947493,0.0159326929143153,-0.0260013385223419,-0.0222345082391722,0.0171182357929124,-0.00570852035696454,0.000362926084810768,-0.00635001070583275,0.00855842926775119,-0.0306711272236257
0.00862024802321756,-0.00928873379786313,-0.00489360807707006,-0.00923534532015779,-0.0233399877979289,0.000362926084810768,-0.0159927567036386,0.0114933970973177,-0.0285767991580662,-0.0291761408888507
0.0230899810821311,0.0350997013393396,-0.0153309277520186,0.00188028766562443,-0.0266323508049476,-0.00635001070583275,0.0114933970973177,-0.0488837487714701,0.000278838384696248,0.0308893753534728
-0.0412588431981572,-0.00185522129273248,-0.00998730200254911,0.000855013046561226,-0.0228305156239945,0.00855842926775119,-0.0285767991580662,0.000278838384696248,0.0320814470045253,0.0288589056309699
-0.0193413711872171,0.00983238926956547,-0.0113282319869757,-0.00511940852611513,-0.0196972438759445,-0.0306711272236257,-0.0291761408888507,0.0308893753534728,0.0288589056309699,-0.00286464983686874
