"V1","V2","V3","V4","V5","V6","V7","V8","V9","V10"
0.0524035941573504,0.00425080400962424,0.0203059555346564,-0.0225036443546525,-0.00453630780271972,0.0293023470458612,0.0413246915449268,0.0249719558928844,-0.00202495159982152,-0.00991486005552528
0.00425080400962424,0.0122720426126888,-0.0108631799109332,0.0250415262213249,-0.0176630047421286,0.00832565540541616,-0.00108272629588919,0.00499142614017805,-0.0281105123128667,0.00431420016030989
0.0203059555346564,-0.0108631799109332,0.00623525411138917,0.0174716186267194,0.000261616764932053,0.00111338700622408,-0.00448137066726682,0.00428472501713853,0.0296664184007733,0.0071934496390735
-0.0225036443546525,0.0250415262213249,0.0174716186267194,-0.011409677826318,0.00953542236482889,-0.0148077642655712,-0.00371379226756998,0.00802643891783549,-0.0289899639946514,-0.00231948731207489
-0.00453630780271972,-0.0176630047421286,0.000261616764932053,0.00953542236482889,-0.0160945324363893,-0.0178767879096866,-0.0159268971297397,-0.0127732742980001,0.0092551560442748,0.00469420742219081
0.0293023470458612,0.00832565540541616,0.00111338700622408,-0.0148077642655712,-0.0178767879096866,0.0312241513396184,-0.0122216765631837,0.0225508100882926,0.0334575920669977,-0.0429762260362327
0.0413246915449268,-0.00108272629588919,-0.00448137066726682,-0.00371379226756998,-0.0159268971297397,-0.0122216765631837,0.0171046607264304,0.0121795140529857,0.0119224115205955,-0.00903860102811076
0.0249719558928844,0.00499142614017805,0.00428472501713853,0.00802643891783549,-0.0127732742980001,0.0225508100882926,0.0121795140529857,-0.0186774980352773,-0.00261108816794864,-0.0287888280055837
-0.00202495159982152,-0.0281105123128667,0.0296664184007733,-0.0289899639946514,0.0092551560442748,0.0334575920669977,0.0119224115205955,-0.00261108816794864,0.0311400906251573,-0.0265797429078607
-0.00991486005552528,0.00431420016030989,0.0071934496390735,-0.00231948731207489,0.00469420742219081,-0.0429762260362327,-0.00903860102811076,-0.0287888280055837,-0.0265797429078607,0.0021197974700738
