"V1","V2","V3","V4","V5","V6","V7","V8","V9","V10"
-0.0170488615450089,-0.0172029962806455,0.0183967790338692,0.00408090406877895,-0.0225445292818174,0.0183812423086652,-0.0402933875296232,0.0284374368240344,0.016526380665864,0.0112271963695522
-0.0172029962806455,-0.0317249049554039,0.0072918673437332,0.00995403651793906,0.0132814101230514,-0.0143764865092777,0.00249802757038778,-0.00424836686937709,-0.00268955056743196,-0.00922930003422897
0.0183967790338692,0.0072918673437332,-0.0351998119948228,0.00368261910660861,-0.0256881615020678,0.0281686558195034,-0.00127018246320512,0.0120086562460149,-0.0294886614687304,0.00341386075999278
0.00408090406877895,0.00995403651793906,0.00368261910660861,0.0220135238629626,0.00116356652799343,-0.0276997875146933,0.00451923680065011,-0.00883940626912978,-0.0257185723247603,0.0106931791460881
-0.0225445292818174,0.0132814101230514,-0.0256881615020678,0.00116356652799343,0.00732224551623366,-0.0084408099435084,0.00551121613018217,0.00348197595444674,0.0132700769015222,0.0182715395839981
0.0183812423086652,-0.0143764865092777,0.0281686558195034,-0.0276997875146933,-0.0084408099435084,0.00607978812166476,0.0169135687853651,0.0270546208659189,-0.0196576499407921,0.00495259439050185
-0.0402933875296232,0.00249802757038778,-0.00127018246320512,0.00451923680065011,0.00551121613018217,0.0169135687853651,-0.0325903041337341,0.00606535625764609,0.00632822391577697,0.00140517299899662
0.0284374368240344,-0.00424836686937709,0.0120086562460149,-0.00883940626912978,0.00348197595444674,0.0270546208659189,0.00606535625764609,0.0159901484710228,0.0098498035899635,0.0171508048348412
0.016526380665864,-0.00268955056743196,-0.0294886614687304,-0.0257185723247603,0.0132700769015222,-0.0196576499407921,0.00632822391577697,0.0098498035899635,0.00290299573020392,0.014532948732356
0.0112271963695522,-0.00922930003422897,0.00341386075999278,0.0106931791460881,0.0182715395839981,0.00495259439050185,0.00140517299899662,0.0171508048348412,0.014532948732356,0.017895662492547
