"V1","V2","V3","V4","V5","V6","V7","V8","V9","V10"
-0.0271224895660441,-0.0180869329386167,-0.0161186150259529,0.00786202834018519,0.0159078066106699,0.000868258567838868,-0.00734449408239836,0.00313522667001574,-0.00999990887366027,-0.02739858586518
-0.0180869329386167,-0.0209256750989405,0.0153899393311017,0.00857797997835884,0.029463214965388,-0.00678803835375155,0.0155359916242042,-0.00232646186046317,-0.0047089835967841,-0.0180927354591852
-0.0161186150259529,0.0153899393311017,-0.0142514321985556,0.00248430044911113,-0.0138004945508767,-0.00496763437053506,-0.0189481028453088,-0.023969020447878,0.00830166834383418,0.00730679724938857
0.00786202834018519,0.00857797997835884,0.00248430044911113,0.00162569064680334,-0.0512464691312907,-0.0215051196387262,0.021975323512671,-0.00774725547506842,-0.0316368460581557,-0.00394959560881957
0.0159078066106699,0.029463214965388,-0.0138004945508767,-0.0512464691312907,-0.0503913642422181,0.00839582136112675,0.0244949817745704,-0.00152232057747946,0.0113905593934508,0.00344234792532314
0.000868258567838868,-0.00678803835375155,-0.00496763437053506,-0.0215051196387262,0.00839582136112675,0.000459676901853268,-0.0166038556449324,0.0100859028725831,0.0344638236208823,0.0170509665118549
-0.00734449408239836,0.0155359916242042,-0.0189481028453088,0.021975323512671,0.0244949817745704,-0.0166038556449324,-0.0292417880253972,-0.0101588164702734,0.0206784555265386,0.015589273716132
0.00313522667001574,-0.00232646186046317,-0.023969020447878,-0.00774725547506842,-0.00152232057747946,0.0100859028725831,-0.0101588164702734,-0.0072780607539179,-0.00192474948521108,-0.000826403206173709
-0.00999990887366027,-0.0047089835967841,0.00830166834383418,-0.0316368460581557,0.0113905593934508,0.0344638236208823,0.0206784555265386,-0.00192474948521108,-0.0296411047976612,-0.0133698680141111
-0.02739858586518,-0.0180927354591852,0.00730679724938857,-0.00394959560881957,0.00344234792532314,0.0170509665118549,0.015589273716132,-0.000826403206173709,-0.0133698680141111,-0.0489024052697282
