"V1","V2","V3","V4","V5","V6","V7","V8","V9","V10"
-0.0358402692230977,-0.00786157397464672,0.000265980061624906,-0.0425884294531613,-0.00671020541363693,0.00259323240552614,-0.00189723693106891,0.00933160037415684,0.00331740289813938,0.0322352910153306
-0.00786157397464672,-0.000757100205591343,-0.00684852497676114,0.0131781519515133,0.00872331688049416,-0.00764610448694139,-0.00611334098912031,0.0130667691685772,0.0106819344545255,-0.0226711095530806
0.000265980061624906,-0.00684852497676114,0.0239514971809518,0.00141134153551497,0.0377271703367395,-0.0155538562143916,-0.00640819652633293,0.00141344746395737,-0.0218987420625652,-0.0050673128161407
-0.0425884294531613,0.0131781519515133,0.00141134153551497,-0.00685796551320592,0.013432188686615,-0.0196036350307123,-0.018784805758933,-0.00555170770836688,0.000810112496359844,-0.00736399620227345
-0.00671020541363693,0.00872331688049416,0.0377271703367395,0.013432188686615,-0.0133436278852845,-0.0119557482938277,0.0118065248371443,0.0237404424353755,-0.0188743489941096,-0.0159702864281012
0.00259323240552614,-0.00764610448694139,-0.0155538562143916,-0.0196036350307123,-0.0119557482938277,-0.0139037992681323,-0.0139667986952526,-0.00942126574801939,0.00138605630015298,0.00687161743603739
-0.00189723693106891,-0.00611334098912031,-0.00640819652633293,-0.018784805758933,0.0118065248371443,-0.0139667986952526,-0.0163877658042283,-0.00370941555916923,-0.0353133244317294,-0.00344975855685757
0.00933160037415684,0.0130667691685772,0.00141344746395737,-0.00555170770836688,0.0237404424353755,-0.00942126574801939,-0.00370941555916923,-0.0186341340173379,-0.0208471380613672,0.0172611859071303
0.00331740289813938,0.0106819344545255,-0.0218987420625652,0.000810112496359844,-0.0188743489941096,0.00138605630015298,-0.0353133244317294,-0.0208471380613672,0.0316285221372254,-0.0358989207572291
0.0322352910153306,-0.0226711095530806,-0.0050673128161407,-0.00736399620227345,-0.0159702864281012,0.00687161743603739,-0.00344975855685757,0.0172611859071303,-0.0358989207572291,-0.0281932499765132
