"V1","V2","V3","V4","V5","V6","V7","V8","V9","V10"
0.0262280630263418,-0.0100914927589394,-0.00662014331102721,-0.0327490939525139,-0.021343961360138,-0.00748645149527171,-0.00197740024582039,0.00163768062396094,0.0222992074734418,0.0104566745233084
-0.0100914927589394,-0.0118858406558879,0.029952393404657,-0.0156211348135931,-0.0245405299897502,0.00376225591537599,0.0581093190748126,-0.0217924487909905,-0.00937032552486983,-0.0123083384877891
-0.00662014331102721,0.029952393404657,-0.0231278696542786,0.0355598528108002,-0.00369710695515567,-0.0176889674254081,0.0102357808985157,-0.00975760677894299,0.0203725187640808,-0.026634273720164
-0.0327490939525139,-0.0156211348135931,0.0355598528108002,0.00792615192625425,0.0179056826306619,0.0396913568746367,-0.0275189231640209,0.00761240698553982,-0.0259455733686186,0.0229701289865718
-0.021343961360138,-0.0245405299897502,-0.00369710695515567,0.0179056826306619,-0.0308794144874814,-0.0127744176036832,-0.0280028387788852,-0.00216689235949232,0.00431171725427246,0.0203951018508414
-0.00748645149527171,0.00376225591537599,-0.0176889674254081,0.0396913568746367,-0.0127744176036832,0.0101791345064143,-0.0453032351506579,-0.0173968912627118,0.00357361142398107,-0.0114349224731158
-0.00197740024582039,0.0581093190748126,0.0102357808985157,-0.0275189231640209,-0.0280028387788852,-0.0453032351506579,-0.0128855316348681,0.00266252784302321,0.0281978070972339,0.00600990113495936
0.00163768062396094,-0.0217924487909905,-0.00975760677894299,0.00761240698553982,-0.00216689235949232,-0.0173968912627118,0.00266252784302321,-0.0234230843497813,-0.019193274471788,0.00813203464740875
0.0222992074734418,-0.00937032552486983,0.0203725187640808,-0.0259455733686186,0.00431171725427246,0.00357361142398107,0.0281978070972339,-0.019193274471788,-0.0155499089606906,0.0290555485504861
0.0104566745233084,-0.0123083384877891,-0.026634273720164,0.0229701289865718,0.0203951018508414,-0.0114349224731158,0.00600990113495936,0.00813203464740875,0.0290555485504861,0.00576299650809871
