"V1","V2","V3","V4","V5","V6","V7","V8","V9","V10"
-0.00643191168878743,0.0317347039596154,0.00549420978872074,0.00520848148928627,-0.0203866908309684,0.0325851668957265,0.010421006783703,0.000615556776039134,-0.0173608514575508,0.0137344630068165
0.0317347039596154,0.0151118439094347,-0.0178533485835889,-0.0147616027175567,0.00652589212463426,0.010032266287625,0.0131804410066018,0.0127850434806739,-0.0190018743696662,-0.00817786423888356
0.00549420978872074,-0.0178533485835889,-0.0103373833604987,-0.00106715916527862,-0.00722610596345176,0.0140962432980595,-0.0221640588871992,-0.0163973596966903,-0.0280830739385738,0.00925202198750892
0.00520848148928627,-0.0147616027175567,-0.00106715916527862,0.0498832851540737,-0.0376887421259715,-0.0368530436099204,-0.0063161280160335,0.00517937081352448,-0.0153768344857761,0.0105215024103472
-0.0203866908309684,0.00652589212463426,-0.00722610596345176,-0.0376887421259715,0.0312164436691463,0.000590792904903313,-0.0260907230669955,-0.00643120412582632,0.0125287421580985,0.00483763808671089
0.0325851668957265,0.010032266287625,0.0140962432980595,-0.0368530436099204,0.000590792904903313,0.0159624245539298,-0.00705633991223527,-0.00700781355695776,0.0251347478295337,0.00836286493904722
0.010421006783703,0.0131804410066018,-0.0221640588871992,-0.0063161280160335,-0.0260907230669955,-0.00705633991223527,-0.0339774422047126,0.00678894197884504,0.0138430726642329,-0.00280857793946913
0.000615556776039134,0.0127850434806739,-0.0163973596966903,0.00517937081352448,-0.00643120412582632,-0.00700781355695776,0.00678894197884504,-0.038236529854992,0.00991272766047438,0.00120016544271659
-0.0173608514575508,-0.0190018743696662,-0.0280830739385738,-0.0153768344857761,0.0125287421580985,0.0251347478295337,0.0138430726642329,0.00991272766047438,-0.00774738158088542,0.00715473129065837
0.0137344630068165,-0.00817786423888356,0.00925202198750892,0.0105215024103472,0.00483763808671089,0.00836286493904722,-0.00280857793946913,0.00120016544271659,0.00715473129065837,0.0275510969093276
