"V1","V2","V3","V4","V5","V6","V7","V8","V9","V10"
0.00633810284379162,0.0076499614512825,0.021395867050651,-0.000971183129862115,-0.015077278076355,0.00997544811223046,-0.00396032644791512,0.00642769601761256,0.043597868715122,0.020335867740418
0.0076499614512825,0.00254967950416189,-0.0251737261104901,0.00428877314235474,-0.0123040050891572,-0.0277524097327021,-0.00776771085136623,-0.0144555963706939,0.0189418527200482,-0.000292606829987764
0.021395867050651,-0.0251737261104901,0.0391092722776274,-0.00521484487349079,-0.0167233992210239,0.0343671553378303,-0.0171422357188705,0.0229631525985518,0.00277103584789857,0.0398308513012587
-0.000971183129862115,0.00428877314235474,-0.00521484487349079,-0.025096720782656,-0.00099021859096412,0.0175461702591158,-0.0119802931195468,0.0129989037791425,0.00171462536056041,-0.0226418571242992
-0.015077278076355,-0.0123040050891572,-0.0167233992210239,-0.00099021859096412,-0.039951331820533,0.000526940126034818,0.026275799385598,-0.0271987823198476,-0.0163892359543357,-0.037805641676056
0.00997544811223046,-0.0277524097327021,0.0343671553378303,0.0175461702591158,0.000526940126034818,0.00241414195218455,-0.0191545376113704,-0.0132259677126303,0.0119750989471022,0.00606396686718274
-0.00396032644791512,-0.00776771085136623,-0.0171422357188705,-0.0119802931195468,0.026275799385598,-0.0191545376113704,-0.0112118909580446,0.0038747669738353,0.0138592039553744,0.0165530137362419
0.00642769601761256,-0.0144555963706939,0.0229631525985518,0.0129989037791425,-0.0271987823198476,-0.0132259677126303,0.0038747669738353,-0.0450191361152338,-0.00952141690476488,-0.00611783074127611
0.043597868715122,0.0189418527200482,0.00277103584789857,0.00171462536056041,-0.0163892359543357,0.0119750989471022,0.0138592039553744,-0.00952141690476488,-0.0244075669763716,0.0157080191603938
0.020335867740418,-0.000292606829987764,0.0398308513012587,-0.0226418571242992,-0.037805641676056,0.00606396686718274,0.0165530137362419,-0.00611783074127611,0.0157080191603938,0.0371629105120532
