"V1","V2","V3","V4","V5","V6","V7","V8","V9","V10"
-0.00295384552503506,0.0138696200001549,-0.00738315697623232,-0.0107340426170198,-0.00581671013745698,-0.0342546183046587,0.013514005658617,0.0296857759217041,-0.00348424752952866,-0.00348074944341805
0.0138696200001549,-0.0418850694482805,-0.0125791597199854,0.00169561575520503,0.0164174354802376,0.00254668386865703,0.0144535239917718,0.00899457543769815,-0.00881108405576317,-0.0160702273456258
-0.00738315697623232,-0.0125791597199854,0.0266056529648254,-0.0266324739689904,-0.003152780068778,-0.00590294320680395,0.0173165243606079,-0.00699366680617466,0.00509292206845915,0.0276507030244107
-0.0107340426170198,0.00169561575520503,-0.0266324739689904,-0.0483573180249794,-0.00532047944908025,-0.00735329067764181,0.00825765055397186,-0.00429938613380734,-0.020530347497891,0.0131613465879789
-0.00581671013745698,0.0164174354802376,-0.003152780068778,-0.00532047944908025,0.0250696346777475,0.0339922734282449,-0.0114014531705622,-0.00106058999532828,0.0299760024778461,0.000971039484016914
-0.0342546183046587,0.00254668386865703,-0.00590294320680395,-0.00735329067764181,0.0339922734282449,-0.00424730197489414,-0.00527717669206627,-0.0171457032128433,0.00474729922024878,0.00123177568975872
0.013514005658617,0.0144535239917718,0.0173165243606079,0.00825765055397186,-0.0114014531705622,-0.00527717669206627,0.0401937537697305,-0.00131077694964545,0.0051122721450048,0.0284240234365773
0.0296857759217041,0.00899457543769815,-0.00699366680617466,-0.00429938613380734,-0.00106058999532828,-0.0171457032128433,-0.00131077694964545,0.000640230692523747,0.0127485990234928,0.00332113355616359
-0.00348424752952866,-0.00881108405576317,0.00509292206845915,-0.020530347497891,0.0299760024778461,0.00474729922024878,0.0051122721450048,0.0127485990234928,0.0640583692910957,0.00880183489296114
-0.00348074944341805,-0.0160702273456258,0.0276507030244107,0.0131613465879789,0.000971039484016914,0.00123177568975872,0.0284240234365773,0.00332113355616359,0.00880183489296114,-0.0329308978991241
