"V1","V2","V3","V4","V5","V6","V7","V8","V9","V10"
-0.010350841112146,0.00301127975260132,-0.0141938874015765,0.0123799339538343,-0.00661709984568428,-0.0071301420818549,-0.0111497676577463,-0.0230718730499289,-0.0389404438887478,0.0119463579151875
0.00301127975260132,-0.0120849888670741,-0.00660842298911721,0.00581708249981143,-0.014609262157619,-0.00505704884608581,-0.00860195731963323,-0.0197794113619106,-0.00304833657774771,-0.0141457295265241
-0.0141938874015765,-0.00660842298911721,0.0113717325333723,-0.0223929367243036,0.0134038109136963,0.0214946854083246,0.0183975022958582,-0.0290853770953948,-0.0355483811865557,0.0160041034808136
0.0123799339538343,0.00581708249981143,-0.0223929367243036,-0.0348327834195404,-0.0204726040412785,0.0127178817907847,-0.0214708528208754,0.00826823368630591,0.0068623312872453,-0.00746719146889243
-0.00661709984568428,-0.014609262157619,0.0134038109136963,-0.0204726040412785,-0.0149402035532749,0.00852330008810399,0.0114316612530521,0.0212263890512732,-0.00221705468115575,-0.0529436499228923
-0.0071301420818549,-0.00505704884608581,0.0214946854083246,0.0127178817907847,0.00852330008810399,-0.0227303927949863,-0.000144622296415053,0.0132794605415139,0.0188290198636759,0.023990599555096
-0.0111497676577463,-0.00860195731963323,0.0183975022958582,-0.0214708528208754,0.0114316612530521,-0.000144622296415053,0.00566401396420471,0.00389482748090429,0.00699528500511499,-0.0306614048205193
-0.0230718730499289,-0.0197794113619106,-0.0290853770953948,0.00826823368630591,0.0212263890512732,0.0132794605415139,0.00389482748090429,0.0232653557968574,0.00852202877939161,-0.0321216527408291
-0.0389404438887478,-0.00304833657774771,-0.0355483811865557,0.0068623312872453,-0.00221705468115575,0.0188290198636759,0.00699528500511499,0.00852202877939161,-0.0245836443456206,0.0143871107052777
0.0119463579151875,-0.0141457295265241,0.0160041034808136,-0.00746719146889243,-0.0529436499228923,0.023990599555096,-0.0306614048205193,-0.0321216527408291,0.0143871107052777,-0.00737794350734078
