"V1","V2","V3","V4","V5","V6","V7","V8","V9","V10"
-0.000890435639373655,0.0197801073135096,-0.00546584778432539,0.0012729895941138,-0.00592915789959872,-0.00973930609537451,0.0106512953664444,0.0318754631056156,0.014324771106504,0.00111429289966029
0.0197801073135096,-0.0540646567872038,0.0154701258175264,-0.00704923607095346,-0.00224236784914394,0.00680037525312225,0.0198232559067355,0.0151035942689452,-0.013240856404495,-0.0347853930813669
-0.00546584778432539,0.0154701258175264,0.0362027343086072,-0.0190127293897797,-0.0468669411288633,0.00266576286306566,0.0328870672849524,0.0274252541400432,-0.0517859104871267,-0.024476847954828
0.0012729895941138,-0.00704923607095346,-0.0190127293897797,-0.0416744402025424,0.0117419575396142,-0.0241409853334253,0.00683113053379787,0.00795231454190333,-0.0133943136561656,-6.94098037557808e-05
-0.00592915789959872,-0.00224236784914394,-0.0468669411288633,0.0117419575396142,-0.0184495312686905,0.00771479559110947,0.00034639556309208,-0.0196507807024886,-0.0296329164051126,0.000981272311290712
-0.00973930609537451,0.00680037525312225,0.00266576286306566,-0.0241409853334253,0.00771479559110947,-0.00435267545873099,0.00432045746257997,-0.00467000329616301,0.0211533295997283,0.029003654256647
0.0106512953664444,0.0198232559067355,0.0328870672849524,0.00683113053379787,0.00034639556309208,0.00432045746257997,-0.035746118893891,0.00209120079987241,-0.00131816809075532,-0.0267459056819329
0.0318754631056156,0.0151035942689452,0.0274252541400432,0.00795231454190333,-0.0196507807024886,-0.00467000329616301,0.00209120079987241,0.00481692514903376,-0.0184945986409186,-0.0097638471070995
0.014324771106504,-0.013240856404495,-0.0517859104871267,-0.0133943136561656,-0.0296329164051126,0.0211533295997283,-0.00131816809075532,-0.0184945986409186,0.0132836795805882,-0.00607053093865788
0.00111429289966029,-0.0347853930813669,-0.024476847954828,-6.94098037557808e-05,0.000981272311290712,0.029003654256647,-0.0267459056819329,-0.0097638471070995,-0.00607053093865788,-0.0109598432033275
