"V1","V2","V3","V4","V5","V6","V7","V8","V9","V10"
-0.00452147869361867,-0.00761826592050354,-0.00685369392667286,-0.0132787928939409,-0.00124780492618725,0.0193167955321307,0.0238756788589497,0.00602588102413636,-0.0145655342931379,-0.00144997058089582
-0.00761826592050354,-0.0221960275363654,0.0598052056092883,0.0219168569188982,-0.0062342094477376,0.0239281685752733,0.0169591910550938,0.0145029148927874,-0.0162722049977845,0.00196528616472705
-0.00685369392667286,0.0598052056092883,0.0209341309916594,-0.013779746578478,-0.00290244813760429,0.0107471293178487,0.0135332778830029,-0.0325965862046005,0.0081927708384766,-0.00781698212205561
-0.0132787928939409,0.0219168569188982,-0.013779746578478,-0.0117068549930116,0.00375722655113784,-0.00527047057787062,-0.0192588279937621,0.0136401809450701,0.0284020226571852,0.00796630490377236
-0.00124780492618725,-0.0062342094477376,-0.00290244813760429,0.00375722655113784,0.0383182584621628,-0.0203601331526679,-0.013534062838539,-0.0189551844124163,-0.0289270758383744,-0.0162192763555136
0.0193167955321307,0.0239281685752733,0.0107471293178487,-0.00527047057787062,-0.0203601331526679,-0.0503971132610579,0.010485930491422,0.00485718504486667,0.0129885291809001,0.00653915892153854
0.0238756788589497,0.0169591910550938,0.0135332778830029,-0.0192588279937621,-0.013534062838539,0.010485930491422,-0.00140153294888954,-0.0275862264544768,-0.0154591394733276,0.0363276950256669
0.00602588102413636,0.0145029148927874,-0.0325965862046005,0.0136401809450701,-0.0189551844124163,0.00485718504486667,-0.0275862264544768,-0.0127477180019876,0.002234360396133,-0.0186817492772263
-0.0145655342931379,-0.0162722049977845,0.0081927708384766,0.0284020226571852,-0.0289270758383744,0.0129885291809001,-0.0154591394733276,0.002234360396133,-0.00546547838154119,-0.0159610574617983
-0.00144997058089582,0.00196528616472705,-0.00781698212205561,0.00796630490377236,-0.0162192763555136,0.00653915892153854,0.0363276950256669,-0.0186817492772263,-0.0159610574617983,0.000747241144716693
