"V1","V2","V3","V4","V5","V6","V7","V8","V9","V10"
-0.0556480478252883,0.00286990834507956,0.0364446205734678,-0.00614577614324373,-0.00537511956688886,0.00970017733220186,0.00412577351203278,-0.0137321311121016,0.000390837730914737,-0.0294729259653704
0.00286990834507956,0.0279471736966152,-0.00276133059636308,0.0359358587574923,-0.0131618966243368,-0.00556227848220924,-0.00350283759308046,-0.027382442688956,0.00549089473185495,-0.021230487026091
0.0364446205734678,-0.00276133059636308,-0.028715591796237,0.00680955529348512,0.00127843052653687,-0.0222765446833717,0.0150841171804978,-0.0122449936661223,0.0145088371681606,0.0344472966663585
-0.00614577614324373,0.0359358587574923,0.00680955529348512,0.0036277931996771,-0.00673905849854788,-0.0332113769824613,0.0139528851544691,0.00691220858529563,0.00729934335425962,0.00136804121696201
-0.00537511956688886,-0.0131618966243368,0.00127843052653687,-0.00673905849854788,-0.00681268144131097,0.00725694361004273,0.00991617328187638,0.0425625543480162,0.0266863600833561,-0.0176041647777665
0.00970017733220186,-0.00556227848220924,-0.0222765446833717,-0.0332113769824613,0.00725694361004273,-0.0269100126859491,-0.0161534680202275,-0.0197348311502823,0.00487505117240214,-0.0223716434668168
0.00412577351203278,-0.00350283759308046,0.0150841171804978,0.0139528851544691,0.00991617328187638,-0.0161534680202275,-0.0141355673703918,-0.00558732329767942,-0.0290350190842111,-0.00957558696767323
-0.0137321311121016,-0.027382442688956,-0.0122449936661223,0.00691220858529563,0.0425625543480162,-0.0197348311502823,-0.00558732329767942,0.0501871162658868,-0.0488282038514704,-0.0308965221300401
0.000390837730914737,0.00549089473185495,0.0145088371681606,0.00729934335425962,0.0266863600833561,0.00487505117240214,-0.0290350190842111,-0.0488282038514704,0.0116696910689878,0.00147200486738261
-0.0294729259653704,-0.021230487026091,0.0344472966663585,0.00136804121696201,-0.0176041647777665,-0.0223716434668168,-0.00957558696767323,-0.0308965221300401,0.00147200486738261,0.0455978848387836
