"V1","V2","V3","V4","V5","V6","V7","V8","V9","V10"
-0.0184858864018548,0.0115603739238869,0.00540203578309893,0.0162940315009369,-0.0200212729752208,0.0191472001650692,-0.00329926047913207,-0.021521564485574,0.000996539635194169,-7.86501178109134e-05
0.0115603739238869,0.0139755548497031,0.0169744400744048,0.00792638742108698,-0.0127892751288686,0.065029307411004,0.00684524844795065,-0.0173137559797414,-0.0204838342300567,-0.00269009185145193
0.00540203578309893,0.0169744400744048,-0.0201391582676049,-0.000454418993677576,0.00924985041622058,0.00668786511772178,0.0135964878805677,-0.0294319475586726,-0.0302213326555764,-0.0212143410994025
0.0162940315009369,0.00792638742108698,-0.000454418993677576,0.00236551417233808,-0.003221521186378,0.0186757656389479,0.0141356396424804,0.00357988664234245,-0.00584396868165935,-0.001114680375815
-0.0200212729752208,-0.0127892751288686,0.00924985041622058,-0.003221521186378,-0.0196576037055537,-0.0294732767363055,0.00510274768343247,0.0264904135819625,-0.0163247859634427,-0.00627522762083785
0.0191472001650692,0.065029307411004,0.00668786511772178,0.0186757656389479,-0.0294732767363055,0.0259812810234554,0.025313450685682,0.011067714867238,-0.00434806681578118,-0.00211011237003008
-0.00329926047913207,0.00684524844795065,0.0135964878805677,0.0141356396424804,0.00510274768343247,0.025313450685682,0.00716066955592374,-0.00399890603716559,-0.0128424644934443,0.0117387501514737
-0.021521564485574,-0.0173137559797414,-0.0294319475586726,0.00357988664234245,0.0264904135819625,0.011067714867238,-0.00399890603716559,-0.0161892889694668,-0.0054772742422809,-0.00752258791678224
0.000996539635194169,-0.0204838342300567,-0.0302213326555764,-0.00584396868165935,-0.0163247859634427,-0.00434806681578118,-0.0128424644934443,-0.0054772742422809,0.0237049143363719,0.00768613916748874
-7.86501178109134e-05,-0.00269009185145193,-0.0212143410994025,-0.001114680375815,-0.00627522762083785,-0.00211011237003008,0.0117387501514737,-0.00752258791678224,0.00768613916748874,-0.00836625416176453
