"V1","V2","V3","V4","V5","V6","V7","V8","V9","V10"
0.0275135041114881,0.00753980264804106,0.0378168454070215,-0.0172531218328713,0.00917020851887271,-0.00803840259711361,-0.00527699460851076,-0.000692951246102898,-5.75702858383584e-05,-0.000505397897811871
0.00753980264804106,-0.0341723868333431,-0.0271904288473351,-0.00551490718544796,-0.0190577496874109,0.0255407609957487,-0.0012281425440003,0.00672698698902424,0.00463404021660555,0.0113536764881324
0.0378168454070215,-0.0271904288473351,0.0286805765528047,-0.00217077408324185,-0.00975352161318196,-0.0138344122444679,0.019135381352342,0.0413729278669478,-0.00924468157894968,0.0198058986512135
-0.0172531218328713,-0.00551490718544796,-0.00217077408324185,-0.0125247985067923,-0.00505226970320696,0.0275245050464167,-0.0223538925871611,-0.0267380500620183,0.0189140448678979,-0.0148730889809085
0.00917020851887271,-0.0190577496874109,-0.00975352161318196,-0.00505226970320696,-0.0061550926706043,0.0127732491658071,0.0107543064638712,-0.0100070710372623,-0.00940978668318888,-0.0267967245454822
-0.00803840259711361,0.0255407609957487,-0.0138344122444679,0.0275245050464167,0.0127732491658071,0.00136534086913185,-0.017400628015625,-0.0128067416797791,-0.00336914467101839,-0.00532314304456312
-0.00527699460851076,-0.0012281425440003,0.019135381352342,-0.0223538925871611,0.0107543064638712,-0.017400628015625,-0.0490336159540172,0.0340660940523061,-0.00774808617558746,0.0108461889455936
-0.000692951246102898,0.00672698698902424,0.0413729278669478,-0.0267380500620183,-0.0100070710372623,-0.0128067416797791,0.0340660940523061,-0.0411164271892075,-0.0117658393141098,-0.000565943196023184
-5.75702858383584e-05,0.00463404021660555,-0.00924468157894968,0.0189140448678979,-0.00940978668318888,-0.00336914467101839,-0.00774808617558746,-0.0117658393141098,-0.0190590632670878,-0.0102420208593497
-0.000505397897811871,0.0113536764881324,0.0198058986512135,-0.0148730889809085,-0.0267967245454822,-0.00532314304456312,0.0108461889455936,-0.000565943196023184,-0.0102420208593497,0.00950679120208688
