"V1","V2","V3","V4","V5","V6","V7","V8","V9","V10"
-0.00910924170451843,-0.00300487830196423,-0.0299748445782799,0.0282271629799304,0.0330855147180592,0.0152699037437239,0.0184361617690698,0.0106333289713665,-0.00951239083645365,-0.00504447835958544
-0.00300487830196423,-0.0589129534038607,-0.00947266438256246,0.00969467717582038,0.0139010501088309,0.00217293881033114,-0.016546959459311,-0.0125022561916481,0.0160967338357532,-0.00158261470788784
-0.0299748445782799,-0.00947266438256246,0.0201556275578975,-0.00752176486499665,0.00197495672907155,0.00462586372929351,-0.0202105157607108,0.0162212314611839,0.0191227954938195,-0.0114637685417679
0.0282271629799304,0.00969467717582038,-0.00752176486499665,0.0367232857164254,0.0401021876011081,0.0374206973914385,0.0127777677210792,-0.0476504672487068,-0.0537279699029674,0.0177481131001311
0.0330855147180592,0.0139010501088309,0.00197495672907155,0.0401021876011081,0.0297159824349158,0.000770156141563488,0.0231870980507268,0.00465551500958826,-0.0319775384837602,-0.00717829513974465
0.0152699037437239,0.00217293881033114,0.00462586372929351,0.0374206973914385,0.000770156141563488,0.0028742217725487,-0.00334560598311266,0.0117206150019376,0.0261545454677101,-0.0104997336090015
0.0184361617690698,-0.016546959459311,-0.0202105157607108,0.0127777677210792,0.0231870980507268,-0.00334560598311266,-0.00624326605083421,0.00408045114691499,-0.0391174543252317,0.00465550578509841
0.0106333289713665,-0.0125022561916481,0.0162212314611839,-0.0476504672487068,0.00465551500958826,0.0117206150019376,0.00408045114691499,-0.024176600339357,-0.00529599220469663,0.0268331696264802
-0.00951239083645365,0.0160967338357532,0.0191227954938195,-0.0537279699029674,-0.0319775384837602,0.0261545454677101,-0.0391174543252317,-0.00529599220469663,0.0219895144854965,0.0015178000355159
-0.00504447835958544,-0.00158261470788784,-0.0114637685417679,0.0177481131001311,-0.00717829513974465,-0.0104997336090015,0.00465550578509841,0.0268331696264802,0.0015178000355159,-0.00842738724316125
