"V1","V2","V3","V4","V5","V6","V7","V8","V9","V10"
-0.00703479843375379,0.00884594676394208,0.0238868810419695,0.0321361154268045,-0.0177780566075692,0.025284711392378,-0.00718486709565901,-0.0156061180053785,0.00237749941096887,0.00945838304270973
0.00884594676394208,0.0171722092696298,-0.0207310438747176,-0.00559389974940082,-0.00236915896715644,0.0053001777987176,0.00217312282144562,-0.0230057060081907,-0.0146194801177893,3.80371731321882e-05
0.0238868810419695,-0.0207310438747176,0.0216186555425736,-0.0232812944321863,0.0067339087040594,-0.00765568535805919,0.00915826053777599,-0.0187225493096904,0.00291498726571732,0.0378612903381059
0.0321361154268045,-0.00559389974940082,-0.0232812944321863,0.0371322301284042,-0.019323542295673,-0.000477708122710632,-0.0025618751823991,-0.00890642463719174,-0.00953906635462353,0.0163810487238609
-0.0177780566075692,-0.00236915896715644,0.0067339087040594,-0.019323542295673,-0.0703938672205413,0.00603389529933481,-0.0265784120905732,0.000539940108399184,0.0217350658553757,-0.00752554690938306
0.025284711392378,0.0053001777987176,-0.00765568535805919,-0.000477708122710632,0.00603389529933481,-0.00231729970119896,-0.00336319709937548,-0.0164069175846401,-0.0255919420723881,0.0227890833755911
-0.00718486709565901,0.00217312282144562,0.00915826053777599,-0.0025618751823991,-0.0265784120905732,-0.00336319709937548,-0.0160725173650988,0.0100316576453394,-0.0245621039742837,-0.00614677773838571
-0.0156061180053785,-0.0230057060081907,-0.0187225493096904,-0.00890642463719174,0.000539940108399184,-0.0164069175846401,0.0100316576453394,0.046634983618872,0.0421791876346742,-0.00712085500903957
0.00237749941096887,-0.0146194801177893,0.00291498726571732,-0.00953906635462353,0.0217350658553757,-0.0255919420723881,-0.0245621039742837,0.0421791876346742,-0.00102325522318538,0.000927747644950336
0.00945838304270973,3.80371731321882e-05,0.0378612903381059,0.0163810487238609,-0.00752554690938306,0.0227890833755911,-0.00614677773838571,-0.00712085500903957,0.000927747644950336,-0.0201760865822857
