"V1","V2","V3","V4","V5","V6","V7","V8","V9","V10"
-0.020109392525359,-0.0168467911293367,-0.00988108155004233,0.0123741829289366,-0.00526175057746958,-0.00977083181927391,0.028083056636567,-0.0205010197177966,0.000557887961969587,0.0222598429936493
-0.0168467911293367,-0.00808621463386019,0.0164415060911753,0.0220436367159545,-0.0175396310960097,-0.0180396953460094,0.00868758825906928,-0.0122328119885868,-0.0123297893650057,0.0179745736731998
-0.00988108155004233,0.0164415060911753,0.0127736074067188,0.013223732599013,-0.0368452215579107,0.0525757866073885,0.009422175857446,-0.00465430722991586,-0.0284157297915045,-0.00676093901838776
0.0123741829289366,0.0220436367159545,0.013223732599013,0.0235927671067396,0.0280899113142046,-0.0167854416509477,0.0106668595042861,0.00408958996403253,0.0144945840283013,-0.0205054715126574
-0.00526175057746958,-0.0175396310960097,-0.0368452215579107,0.0280899113142046,-0.025909026268421,-0.00977915697385981,-0.00955139913691402,0.0196421990249659,0.0256676983953216,-0.00327820373040672
-0.00977083181927391,-0.0180396953460094,0.0525757866073885,-0.0167854416509477,-0.00977915697385981,0.00920961509257432,-0.0218953047071776,0.0162294777257706,0.0341002240366688,0.0117768180961964
0.028083056636567,0.00868758825906928,0.009422175857446,0.0106668595042861,-0.00955139913691402,-0.0218953047071776,0.0112235137261658,0.00928913814342286,0.0172915298268913,0.0300554197083043
-0.0205010197177966,-0.0122328119885868,-0.00465430722991586,0.00408958996403253,0.0196421990249659,0.0162294777257706,0.00928913814342286,0.0302358919584617,0.0301608366464229,-0.00763172189112712
0.000557887961969587,-0.0123297893650057,-0.0284157297915045,0.0144945840283013,0.0256676983953216,0.0341002240366688,0.0172915298268913,0.0301608366464229,-0.00667126691059532,-0.0158892029812489
0.0222598429936493,0.0179745736731998,-0.00676093901838776,-0.0205054715126574,-0.00327820373040672,0.0117768180961964,0.0300554197083043,-0.00763172189112712,-0.0158892029812489,-0.00463970918767433
