"V1","V2","V3","V4","V5","V6","V7","V8","V9","V10"
-0.0186733685347039,0.0130475935436802,-0.0110182993232102,0.000174020379671044,-0.0253896497310232,-0.00136503880382234,0.0174119549441174,0.00923929305744738,0.00467038728621134,-0.0255114645009894
0.0130475935436802,0.0106427991692924,-0.0110591394900838,-0.0182000277200396,-0.0587541274519573,-0.0252903956060445,0.00385685262782869,0.00339602784678853,0.0264698078762969,0.0061461183318203
-0.0110182993232102,-0.0110591394900838,-0.027381210907134,-0.0142109730744742,-0.0131651708776272,0.00229887821098319,0.000884275861557765,-0.0112358881424355,0.0178799442914973,0.0364473505716649
0.000174020379671044,-0.0182000277200396,-0.0142109730744742,-0.00016450656262359,0.0149002860744547,-0.000615795927903133,0.0255334909978556,-0.0151477235512198,0.0057554588711949,-0.00818005246873007
-0.0253896497310232,-0.0587541274519573,-0.0131651708776272,0.0149002860744547,0.00332909944429975,0.00509615043282282,0.00155520798793624,-0.00100174222760002,-0.0268371948290116,-0.0185933505506985
-0.00136503880382234,-0.0252903956060445,0.00229887821098319,-0.000615795927903133,0.00509615043282282,-0.00563477867845448,-0.00691374676534587,0.0042063841161471,-0.00789672704946424,-0.0120169910504216
0.0174119549441174,0.00385685262782869,0.000884275861557765,0.0255334909978556,0.00155520798793624,-0.00691374676534587,-0.000613401033196892,-0.000606909019731355,0.0113778349478186,0.0113149974206222
0.00923929305744738,0.00339602784678853,-0.0112358881424355,-0.0151477235512198,-0.00100174222760002,0.0042063841161471,-0.000606909019731355,-0.00172893590506882,-0.0196962373049531,0.014137842455325
0.00467038728621134,0.0264698078762969,0.0178799442914973,0.0057554588711949,-0.0268371948290116,-0.00789672704946424,0.0113778349478186,-0.0196962373049531,0.0217787356977684,0.0123351470095135
-0.0255114645009894,0.0061461183318203,0.0364473505716649,-0.00818005246873007,-0.0185933505506985,-0.0120169910504216,0.0113149974206222,0.014137842455325,0.0123351470095135,-0.0203854145023553
