"V1","V2","V3","V4","V5","V6","V7","V8","V9","V10"
-0.0260102785659815,-0.00371599552856851,0.0109576696007252,0.0246846402413027,-0.0387914391494225,0.00702188219429574,0.0106969429204161,0.0312103146261661,-0.0235338946150669,0.0183688201308205
-0.00371599552856851,0.0443235715312136,0.0546425555404895,-0.0156583357550156,0.00134274173955591,-0.0117500866661033,0.00776896940950562,-0.0167788317455787,0.00279682287126858,-0.0250820818355112
0.0109576696007252,0.0546425555404895,0.0179784021474826,0.0160542803626181,-0.0129783065728337,0.00111449886686315,0.00878758670740899,0.0219814612492875,-0.00298909899867628,-0.00782079337406738
0.0246846402413027,-0.0156583357550156,0.0160542803626181,-0.00882770113443547,0.0135318695170562,0.00690645651210287,0.0126871160878134,0.0016176788872288,0.00889556199526751,-0.00644576408058983
-0.0387914391494225,0.00134274173955591,-0.0129783065728337,0.0135318695170562,-0.0359915194764008,-0.0183583147991668,0.00537519704164905,0.00746498731503107,0.0245853663656639,0.0118923203078746
0.00702188219429574,-0.0117500866661033,0.00111449886686315,0.00690645651210287,-0.0183583147991668,-0.0635984277239564,0.00873490678352301,0.00966943721719178,0.000726429283476295,-0.00456931766765386
0.0106969429204161,0.00776896940950562,0.00878758670740899,0.0126871160878134,0.00537519704164905,0.00873490678352301,-0.0306214230904369,0.0198236003485783,0.00965620603098226,-0.00227915942270151
0.0312103146261661,-0.0167788317455787,0.0219814612492875,0.0016176788872288,0.00746498731503107,0.00966943721719178,0.0198236003485783,0.00352283046312123,-0.00376091686867603,-0.0296825102144598
-0.0235338946150669,0.00279682287126858,-0.00298909899867628,0.00889556199526751,0.0245853663656639,0.000726429283476295,0.00965620603098226,-0.00376091686867603,-0.0180256770346998,-0.0131371969332074
0.0183688201308205,-0.0250820818355112,-0.00782079337406738,-0.00644576408058983,0.0118923203078746,-0.00456931766765386,-0.00227915942270151,-0.0296825102144598,-0.0131371969332074,-0.010735165011012
