"V1","V2","V3","V4","V5","V6","V7","V8","V9","V10"
-0.0472731593077882,-0.00221049244252136,-0.0152610291986019,0.0173326572703788,-0.0246817214611756,-0.0218177438300249,0.0436364239309226,-0.00121841462661261,0.00451846723944606,-0.0179176132254804
-0.00221049244252136,0.0129122327134346,-0.0167749336889389,0.0194437859763998,0.000586929043334011,0.013279606853073,0.0312551780506141,0.0216141163471876,-0.0136719846049714,0.0236185219182728
-0.0152610291986019,-0.0167749336889389,-0.0258357421964145,0.0138326453964264,0.0121623642120764,-0.0253264705255344,0.00606444587548292,-0.00745105219429252,-0.0189595913451245,-0.0126855053246987
0.0173326572703788,0.0194437859763998,0.0138326453964264,-0.0322460986825719,-0.013898890086251,0.00441040565691898,-0.00362883089652585,0.00265500179749985,0.0159169766786325,0.0149531264345414
-0.0246817214611756,0.000586929043334011,0.0121623642120764,-0.013898890086251,-0.0295189847573236,0.0216530964437087,0.0116664907515708,-0.00907521617136231,0.0160112586709553,0.0263691721138609
-0.0218177438300249,0.013279606853073,-0.0253264705255344,0.00441040565691898,0.0216530964437087,0.0124504956499957,0.0087139246141107,-0.00613193380106417,0.00152531413651687,0.0128191300653608
0.0436364239309226,0.0312551780506141,0.00606444587548292,-0.00362883089652585,0.0116664907515708,0.0087139246141107,-0.0237554481593321,0.0244877689383559,0.0231989136891866,0.0385424102617058
-0.00121841462661261,0.0216141163471876,-0.00745105219429252,0.00265500179749985,-0.00907521617136231,-0.00613193380106417,0.0244877689383559,-0.0271627449860502,0.0339667332833496,-0.0132747265203845
0.00451846723944606,-0.0136719846049714,-0.0189595913451245,0.0159169766786325,0.0160112586709553,0.00152531413651687,0.0231989136891866,0.0339667332833496,-0.0273244205444176,-0.0165072397635141
-0.0179176132254804,0.0236185219182728,-0.0126855053246987,0.0149531264345414,0.0263691721138609,0.0128191300653608,0.0385424102617058,-0.0132747265203845,-0.0165072397635141,0.00158281588425244
