"V1","V2","V3","V4","V5","V6","V7","V8","V9","V10"
0.0112375740252705,-0.0213699427319278,0.0156290933400435,0.0191772150780582,0.0101847145364038,-0.0118005113911438,0.00515850269509577,0.00141074875344647,-0.00781745700464064,-0.0433886573827833
-0.0213699427319278,-0.0230919993418723,0.0265274742276767,-0.0168786819024769,0.00300427880304648,0.00713261979637887,-0.0204453508257756,0.0134037915646579,-0.016224229352701,0.0183960957423061
0.0156290933400435,0.0265274742276767,0.0127357902352575,0.0119625852236049,0.0343894679226595,-0.0136538384245396,-0.00059390802328502,0.0150576776882412,0.0049838569456158,-0.0301307585258236
0.0191772150780582,-0.0168786819024769,0.0119625852236049,0.0103794762835135,-0.0131333196100858,-0.026689120365314,-0.0355982609215699,-0.0163425715615054,0.023829620257852,0.0116743501906599
0.0101847145364038,0.00300427880304648,0.0343894679226595,-0.0131333196100858,-0.00717119269095974,-0.000767257241422776,-0.0215209727654563,0.0301763973616289,0.0214134766925371,0.0364854569161332
-0.0118005113911438,0.00713261979637887,-0.0136538384245396,-0.026689120365314,-0.000767257241422776,-0.0204861628269265,0.0125099885597383,0.00783662085640804,0.0189300301612124,0.0302683726690719
0.00515850269509577,-0.0204453508257756,-0.00059390802328502,-0.0355982609215699,-0.0215209727654563,0.0125099885597383,0.00299216473763797,-0.0411866787164427,0.00701042890773323,-0.0260881334818023
0.00141074875344647,0.0134037915646579,0.0150576776882412,-0.0163425715615054,0.0301763973616289,0.00783662085640804,-0.0411866787164427,-0.0397054592171585,0.00973335414222655,-0.00688046061632321
-0.00781745700464064,-0.016224229352701,0.0049838569456158,0.023829620257852,0.0214134766925371,0.0189300301612124,0.00701042890773323,0.00973335414222655,-0.000193859736926205,0.0159725247410171
-0.0433886573827833,0.0183960957423061,-0.0301307585258236,0.0116743501906599,0.0364854569161332,0.0302683726690719,-0.0260881334818023,-0.00688046061632321,0.0159725247410171,0.0172467000528265
