"V1","V2","V3","V4","V5","V6","V7","V8","V9","V10"
0.00363313716120905,-0.014551077702856,0.00407263573709831,0.0181644051317107,0.00696315538744828,0.0237586546568674,0.0162293161795824,0.0149733827756798,-0.0114186383381272,-0.00760463810183779
-0.014551077702856,-0.00494171650933211,0.00910519074771243,-0.011114856538135,-0.0388864492894517,-0.00429062155561983,-0.0253690389501288,-0.00631931245596613,0.0119528539618619,-0.0142432348140031
0.00407263573709831,0.00910519074771243,-0.0454232850023839,0.0153932930488837,0.000949460062276203,-0.0080649621378908,0.0271859502151791,-0.0193143983853923,0.0251966121837989,0.00101704856997882
0.0181644051317107,-0.011114856538135,0.0153932930488837,-0.0255009235655659,-0.0160367904226425,0.0100895319901317,-0.0222612902868865,-0.02144555791312,0.00237795588229567,-0.00248142090360387
0.00696315538744828,-0.0388864492894517,0.000949460062276203,-0.0160367904226425,0.0497407302404912,-0.0368375981832982,0.0373732057491377,0.0167564334945605,-0.0245515427413535,0.0186025539230219
0.0237586546568674,-0.00429062155561983,-0.0080649621378908,0.0100895319901317,-0.0368375981832982,0.00337576969723345,-0.0172729762496581,-0.0150130268735281,-0.00125759678649824,-0.0072257276747098
0.0162293161795824,-0.0253690389501288,0.0271859502151791,-0.0222612902868865,0.0373732057491377,-0.0172729762496581,0.0573929126119224,-0.000719676316371028,-0.00402449648018854,-0.0209140740328806
0.0149733827756798,-0.00631931245596613,-0.0193143983853923,-0.02144555791312,0.0167564334945605,-0.0150130268735281,-0.000719676316371028,-0.00218516050924875,-0.00663839354062349,-0.00395420720732873
-0.0114186383381272,0.0119528539618619,0.0251966121837989,0.00237795588229567,-0.0245515427413535,-0.00125759678649824,-0.00402449648018854,-0.00663839354062349,0.00895601368015708,0.011790762501475
-0.00760463810183779,-0.0142432348140031,0.00101704856997882,-0.00248142090360387,0.0186025539230219,-0.0072257276747098,-0.0209140740328806,-0.00395420720732873,0.011790762501475,-0.00674040899334161
