"V1","V2","V3","V4","V5","V6","V7","V8","V9","V10"
0.0270214714188443,0.00229912717342062,0.0124671636239162,-0.0115478735688149,0.00535282592087884,-0.00388429639726352,-0.00583168996364199,0.0140407171107079,0.0127426976459739,0.0162702500603462
0.00229912717342062,-0.0713046504017825,0.0122548550678871,-0.00798601981948855,0.011625584158876,-0.00553960594969945,-0.0125978512507667,-0.0366023540948882,0.0126905501039562,-0.0230264235278949
0.0124671636239162,0.0122548550678871,-0.0170268865609021,-0.0101202285518508,-0.0125722742233223,-0.0493511002407701,-0.0180913261637516,-0.00112221518810747,-0.000103568716746917,-0.0150979464917895
-0.0115478735688149,-0.00798601981948855,-0.0101202285518508,0.0199477635702835,-0.0176422033619868,0.00482553620629997,0.0128717723831437,0.0248788451861463,-0.0151192443745456,0.0155179701863154
0.00535282592087884,0.011625584158876,-0.0125722742233223,-0.0176422033619868,-0.0303679813244855,0.0163711703713854,-0.0174539217948777,0.0107555328467942,0.0267412504304109,-0.022651557409353
-0.00388429639726352,-0.00553960594969945,-0.0493511002407701,0.00482553620629997,0.0163711703713854,0.000877072323608541,0.011475355279971,-0.0297722570469169,-0.00751618398348105,0.00628882162386579
-0.00583168996364199,-0.0125978512507667,-0.0180913261637516,0.0128717723831437,-0.0174539217948777,0.011475355279971,0.0325634200314231,0.0170003568059497,-0.0173776256344081,0.00439487355490985
0.0140407171107079,-0.0366023540948882,-0.00112221518810747,0.0248788451861463,0.0107555328467942,-0.0297722570469169,0.0170003568059497,0.00780061189088561,0.0132552014846404,-0.00640582385132999
0.0127426976459739,0.0126905501039562,-0.000103568716746917,-0.0151192443745456,0.0267412504304109,-0.00751618398348105,-0.0173776256344081,0.0132552014846404,0.00348945399470852,-0.0145941856080921
0.0162702500603462,-0.0230264235278949,-0.0150979464917895,0.0155179701863154,-0.022651557409353,0.00628882162386579,0.00439487355490985,-0.00640582385132999,-0.0145941856080921,-0.00327014062890534
