"V1","V2","V3","V4","V5","V6","V7","V8","V9","V10"
0.00176033667417754,-0.00835622819824666,-0.0115141361338799,0.0320820099017699,-0.00764694940819478,-0.013681100977757,-0.033094098123843,-0.017515030665112,-0.0437098608906801,0.016155607813271
-0.00835622819824666,-0.0424347735469339,-0.0103084013023436,-0.0155792736346591,-0.019267055180437,0.00775192824833779,0.0174954913363124,-0.0081887388648021,0.0198054760380484,-0.0261754635100673
-0.0115141361338799,-0.0103084013023436,0.00371471340229947,0.0037138402935058,0.00748827067645994,-0.00143032522749621,0.0256408298132265,0.0242311423826923,-0.00632496386440872,0.0338457627528027
0.0320820099017699,-0.0155792736346591,0.0037138402935058,0.00937375528685536,-0.0321583940520647,-0.00637782656334661,-0.0186376815988918,-0.00225227165080671,-0.0250485085186233,-0.0178031097325344
-0.00764694940819478,-0.019267055180437,0.00748827067645994,-0.0321583940520647,-0.0297538402481057,0.00724224355726991,0.00634673055698882,0.0175708027984617,-0.000996427441083128,0.0215375079182815
-0.013681100977757,0.00775192824833779,-0.00143032522749621,-0.00637782656334661,0.00724224355726991,-0.0222332047467003,-0.00694335135676129,-0.0152037636767582,0.00549283950371619,0.0267166237345981
-0.033094098123843,0.0174954913363124,0.0256408298132265,-0.0186376815988918,0.00634673055698882,-0.00694335135676129,-0.0313718633633331,0.0131021581308707,-0.0113689056731968,0.0164514275947719
-0.017515030665112,-0.0081887388648021,0.0242311423826923,-0.00225227165080671,0.0175708027984617,-0.0152037636767582,0.0131021581308707,-0.00155870303234975,0.00106570268810634,-0.0146238316974384
-0.0437098608906801,0.0198054760380484,-0.00632496386440872,-0.0250485085186233,-0.000996427441083128,0.00549283950371619,-0.0113689056731968,0.00106570268810634,0.0429356828148228,-0.0226471252546992
0.016155607813271,-0.0261754635100673,0.0338457627528027,-0.0178031097325344,0.0215375079182815,0.0267166237345981,0.0164514275947719,-0.0146238316974384,-0.0226471252546992,-0.00825332019620828
