"V1","V2","V3","V4","V5","V6","V7","V8","V9","V10"
-0.0241510887629824,0.000952197967859159,-0.0234381029057266,0.0107853604091983,0.0275767353337844,-0.00517823944744111,-0.0139254356131872,-0.00739983667812169,-0.0163093755925135,0.0012509288844102
0.000952197967859159,0.0172534998047988,-0.00726477733575969,0.0184589470758638,-0.0232589443190692,-0.00210522380896624,0.00345985578820781,0.00288478166574152,-0.0159376673993516,-0.0110964289698485
-0.0234381029057266,-0.00726477733575969,-0.0111844303792816,-0.0486966253946463,-0.000734370464304385,0.00388528167749795,-0.0127135080792533,-0.00752943890010298,0.0100531066925761,0.0159507709745269
0.0107853604091983,0.0184589470758638,-0.0486966253946463,0.0470926611426673,0.010445604505508,0.00319288253484519,-0.00648798522353855,0.0250949214433209,0.0369349801647401,0.0116915093932642
0.0275767353337844,-0.0232589443190692,-0.000734370464304385,0.010445604505508,-0.0301638736827028,0.00325810217155449,0.0107679168434274,0.0104538103834738,-0.0206288274255489,-0.0136257803931085
-0.00517823944744111,-0.00210522380896624,0.00388528167749795,0.00319288253484519,0.00325810217155449,-0.0112088584090451,-0.00956385551930719,0.0176236791710591,0.00470848326206534,-0.0171962666065988
-0.0139254356131872,0.00345985578820781,-0.0127135080792533,-0.00648798522353855,0.0107679168434274,-0.00956385551930719,0.0250640050604102,-0.0141982314675716,0.00131853574760401,-0.0498565161302439
-0.00739983667812169,0.00288478166574152,-0.00752943890010298,0.0250949214433209,0.0104538103834738,0.0176236791710591,-0.0141982314675716,0.00177095532567182,-0.0138622994714845,-0.0241976579637899
-0.0163093755925135,-0.0159376673993516,0.0100531066925761,0.0369349801647401,-0.0206288274255489,0.00470848326206534,0.00131853574760401,-0.0138622994714845,-0.00903081266154491,-0.0109829032798557
0.0012509288844102,-0.0110964289698485,0.0159507709745269,0.0116915093932642,-0.0136257803931085,-0.0171962666065988,-0.0498565161302439,-0.0241976579637899,-0.0109829032798557,0.0263114236737062
