"V1","V2","V3","V4","V5","V6","V7","V8","V9","V10"
-0.0132415175096368,-0.00177113333722883,-0.0260878157460251,-0.00693674524532368,0.0121375672615409,0.0127219505245046,-0.0189242624106438,-0.00906631631052348,0.01533011262818,0.0166109405683794
-0.00177113333722883,-0.00360727831458725,-0.0135755594420274,0.00361677671231157,0.00555689800618839,-0.0164442577823257,-0.00829323063245624,-0.0123668928366323,-0.049657609020933,-0.00352402888972198
-0.0260878157460251,-0.0135755594420274,0.0126119817111912,0.0438942274840395,0.0240230223370973,0.0184994992068942,0.0176769425620427,0.0185112980263498,0.00951735548934202,0.0242373680223044
-0.00693674524532368,0.00361677671231157,0.0438942274840395,0.014165726918324,0.00983699699597646,0.00657437338928384,0.0241123706664985,0.0233213533084362,-0.00359566318056799,0.031896625732482
0.0121375672615409,0.00555689800618839,0.0240230223370973,0.00983699699597646,-0.00441540941154026,0.0103554251955028,-0.00356401873891455,0.0338908570764644,0.0181957266766937,0.0144132389552007
0.0127219505245046,-0.0164442577823257,0.0184994992068942,0.00657437338928384,0.0103554251955028,0.0334398887802303,0.0251515477923888,-0.00278990138866844,-0.0379870621231162,0.0119836321527614
-0.0189242624106438,-0.00829323063245624,0.0176769425620427,0.0241123706664985,-0.00356401873891455,0.0251515477923888,0.0229616933473126,0.0138272488192491,-0.011179971536057,-0.0157852772882256
-0.00906631631052348,-0.0123668928366323,0.0185112980263498,0.0233213533084362,0.0338908570764644,-0.00278990138866844,0.0138272488192491,-0.00349990307685335,-0.0165933477946644,0.000650058028894483
0.01533011262818,-0.049657609020933,0.00951735548934202,-0.00359566318056799,0.0181957266766937,-0.0379870621231162,-0.011179971536057,-0.0165933477946644,-0.00290932990266368,-0.0167765314988067
0.0166109405683794,-0.00352402888972198,0.0242373680223044,0.031896625732482,0.0144132389552007,0.0119836321527614,-0.0157852772882256,0.000650058028894483,-0.0167765314988067,-0.0429211087683141
