"V1","V2","V3","V4","V5","V6","V7","V8","V9","V10"
-0.00908997104065803,-0.000174443609235436,-0.0141240300694896,-0.0157168906748724,-0.017488721172196,0.0108848481718096,0.00932039052366147,-0.00427319193150419,-0.00476710547844025,-0.00118879503968613
-0.000174443609235436,-0.00778157042012018,-0.0161838589974895,0.00167231785951402,-0.00395991140023874,-0.0326360194715921,-0.000979177648090816,-0.0141748854028383,0.0181712245449262,-0.0253587966750868
-0.0141240300694896,-0.0161838589974895,-0.0156897336394536,-0.0466930015180483,-0.0261639219501535,0.0442758004036413,-0.00226015669011892,-0.0170322849581408,0.00704668229823459,-0.00822314788756661
-0.0157168906748724,0.00167231785951402,-0.0466930015180483,-0.00541857916080266,0.00916691877380066,-0.00558135661044418,0.0169721620595724,0.0234285620990714,0.00317377979332323,0.00425385927910471
-0.017488721172196,-0.00395991140023874,-0.0261639219501535,0.00916691877380066,-0.0259224604365056,-0.00156047126480171,0.0122898655111335,0.0195713206421411,0.00700862495381125,0.0104437244973714
0.0108848481718096,-0.0326360194715921,0.0442758004036413,-0.00558135661044418,-0.00156047126480171,0.00528238086515309,-0.00507040819270594,-0.0140159607751783,0.00675669158736429,0.0205965944472808
0.00932039052366147,-0.000979177648090816,-0.00226015669011892,0.0169721620595724,0.0122898655111335,-0.00507040819270594,0.0100463654825026,0.00897465773375834,0.0253793648756704,-0.0192203357807441
-0.00427319193150419,-0.0141748854028383,-0.0170322849581408,0.0234285620990714,0.0195713206421411,-0.0140159607751783,0.00897465773375834,0.000333019164218928,0.00772669123199513,0.0139669852613157
-0.00476710547844025,0.0181712245449262,0.00704668229823459,0.00317377979332323,0.00700862495381125,0.00675669158736429,0.0253793648756704,0.00772669123199513,-0.0224820069364872,0.0186071803277125
-0.00118879503968613,-0.0253587966750868,-0.00822314788756661,0.00425385927910471,0.0104437244973714,0.0205965944472808,-0.0192203357807441,0.0139669852613157,0.0186071803277125,0.00585703815526908
