"V1","V2","V3","V4","V5","V6","V7","V8","V9","V10"
0.0520645015725624,0.0151555249551818,0.0196163584679936,-0.00493055962451114,-0.0250919783228786,-0.000158148491923056,-0.00562688916688454,-0.0227591358108609,-0.0077431999286823,-0.00144265372931384
0.0151555249551818,-0.0446623332505372,0.02998355504902,0.0578856456602405,0.014887813501934,0.042159511588981,-0.00248334454273279,0.00230005765356582,-0.00856000709770106,0.00603116436151431
0.0196163584679936,0.02998355504902,0.0117159907223373,-0.00250604812841777,-0.00393005277581708,-0.0368893902412936,-0.0229931296636291,0.0186500493446647,0.00506115996414827,0.00108865928380119
-0.00493055962451114,0.0578856456602405,-0.00250604812841777,0.0170794377554411,0.025970380549,0.0316353118645831,0.0165927107151458,-0.00794683702975101,0.021536784093306,-0.0329323321213506
-0.0250919783228786,0.014887813501934,-0.00393005277581708,0.025970380549,-0.0301970248579142,0.00940934727621959,0.0150429832147051,-0.0071394703806202,-0.0185944858793986,0.00271644960037468
-0.000158148491923056,0.042159511588981,-0.0368893902412936,0.0316353118645831,0.00940934727621959,0.00817563154958916,-0.0164436501169215,0.0109702731830621,0.00939565129334445,0.0182303140791225
-0.00562688916688454,-0.00248334454273279,-0.0229931296636291,0.0165927107151458,0.0150429832147051,-0.0164436501169215,0.0200765105169209,0.00876091864153974,-0.051187009983619,-0.00221935704613344
-0.0227591358108609,0.00230005765356582,0.0186500493446647,-0.00794683702975101,-0.0071394703806202,0.0109702731830621,0.00876091864153974,0.00391869733712764,0.00441540160311945,-0.00953548344326171
-0.0077431999286823,-0.00856000709770106,0.00506115996414827,0.021536784093306,-0.0185944858793986,0.00939565129334445,-0.051187009983619,0.00441540160311945,-0.0605928282515171,0.00060849644977474
-0.00144265372931384,0.00603116436151431,0.00108865928380119,-0.0329323321213506,0.00271644960037468,0.0182303140791225,-0.00221935704613344,-0.00953548344326171,0.00060849644977474,-0.0446238635191371
