"V1","V2","V3","V4","V5","V6","V7","V8","V9","V10"
-0.0343431969765576,-0.00484685453571318,0.000591311397051475,-0.00375725602078279,0.00297060763240094,-0.0171134484043975,-0.0131697767751374,0.00285060876969189,-0.000794722885186014,-9.22617583411847e-05
-0.00484685453571318,-0.011139409895939,-0.000359365833054538,-0.00654594511200316,-0.0241545548941369,-0.0258987999829972,-0.0104085714840991,-0.00518480704171037,-0.0256223841959776,-0.00340910047751888
0.000591311397051475,-0.000359365833054538,-0.0157780833633376,-0.00966240714168621,0.0172355342454722,0.00513748353179732,-0.0219553260418359,0.00667995631393538,0.00314928968116482,0.000318329824691227
-0.00375725602078279,-0.00654594511200316,-0.00966240714168621,0.0179568994687581,-0.00541536196918996,0.0226240241238232,0.0182320584562487,-0.0218349694564708,0.025665720691517,0.0130042222616469
0.00297060763240094,-0.0241545548941369,0.0172355342454722,-0.00541536196918996,0.0166627579618234,-0.0447088172596143,-0.0278490581987569,0.00396433254997109,0.0190682146240853,-0.0137137617065174
-0.0171134484043975,-0.0258987999829972,0.00513748353179732,0.0226240241238232,-0.0447088172596143,0.0025885607425205,-0.000689885120077666,0.0385974819587346,0.0264576324602321,-0.00876676758448637
-0.0131697767751374,-0.0104085714840991,-0.0219553260418359,0.0182320584562487,-0.0278490581987569,-0.000689885120077666,0.0134962290379233,0.00269630236611623,0.00526321833442584,-0.000679289909138162
0.00285060876969189,-0.00518480704171037,0.00667995631393538,-0.0218349694564708,0.00396433254997109,0.0385974819587346,0.00269630236611623,0.00110945824148789,0.0251607537733374,-0.0318468767122787
-0.000794722885186014,-0.0256223841959776,0.00314928968116482,0.025665720691517,0.0190682146240853,0.0264576324602321,0.00526321833442584,0.0251607537733374,0.0178847745570529,0.0325175731187718
-9.22617583411847e-05,-0.00340910047751888,0.000318329824691227,0.0130042222616469,-0.0137137617065174,-0.00876676758448637,-0.000679289909138162,-0.0318468767122787,0.0325175731187718,0.0189205861430497
