"V1","V2","V3","V4","V5","V6","V7","V8","V9","V10"
0.00312481128577682,0.0195806243176474,-0.0158821810593463,0.0263920684687406,-0.013691198627715,0.0261873491984714,0.00723889589760516,0.0188907289054093,0.00325977961864094,0.00940338389520025
0.0195806243176474,0.0409143485915507,-0.0157604903602725,0.0031832459297284,-0.00562675449084072,-0.00513837636976304,0.0107422204470188,-0.0183414049870912,-0.0122792242286416,0.00265285218031844
-0.0158821810593463,-0.0157604903602725,-0.0148197074593515,-0.0106034092828127,0.00702575468250585,0.0154900789338314,-0.000534676981593293,0.0196384246173802,-0.010853595984562,0.00423545391010146
0.0263920684687406,0.0031832459297284,-0.0106034092828127,-0.0069671190379075,-0.000615365177197834,0.00727561409152274,-0.0140595369519815,-0.00101752606333395,0.0064627188301864,0.0123381962881674
-0.013691198627715,-0.00562675449084072,0.00702575468250585,-0.000615365177197834,0.026466614111839,-0.0145515659285757,-0.00220013033311613,0.00865253674788526,0.0179406854916865,0.00943968402605944
0.0261873491984714,-0.00513837636976304,0.0154900789338314,0.00727561409152274,-0.0145515659285757,0.0150443644330809,-0.00472770389831516,0.0423659158160271,0.00416458277190727,-0.0170635204097386
0.00723889589760516,0.0107422204470188,-0.000534676981593293,-0.0140595369519815,-0.00220013033311613,-0.00472770389831516,0.00736647901288774,0.0158440411202872,0.0308036365784667,-0.00590481345057062
0.0188907289054093,-0.0183414049870912,0.0196384246173802,-0.00101752606333395,0.00865253674788526,0.0423659158160271,0.0158440411202872,0.05670709434095,0.0161087366192894,0.0143111014747266
0.00325977961864094,-0.0122792242286416,-0.010853595984562,0.0064627188301864,0.0179406854916865,0.00416458277190727,0.0308036365784667,0.0161087366192894,0.00402940251897532,0.0114934024022647
0.00940338389520025,0.00265285218031844,0.00423545391010146,0.0123381962881674,0.00943968402605944,-0.0170635204097386,-0.00590481345057062,0.0143111014747266,0.0114934024022647,0.00237600532357658
