"V1","V2","V3","V4","V5","V6","V7","V8","V9","V10"
-0.0164119646312408,0.016661014192725,0.00899211224632107,0.0246789414877582,0.0172086927260691,0.0056980917937865,0.0141913965969214,0.00686002314613903,-0.00503807658792595,-0.0150501018212794
0.016661014192725,-0.0126820385525829,-0.00404030811886797,-0.00481385840722685,-0.0104029153201974,-0.000990943720589916,-0.00382183692027275,0.0064055194933413,0.00720679862427222,0.025051186186244
0.00899211224632107,-0.00404030811886797,-0.00304477540603756,0.0194207566192779,-0.00140360160655846,-0.0159817446945659,-0.00588583394771574,0.0348405776854007,0.0069350225889827,0.0202338824213803
0.0246789414877582,-0.00481385840722685,0.0194207566192779,-0.00730361059583777,-0.00427550036645631,0.0204756127133525,0.0030190244104051,0.0121538938882971,-0.00280543268054866,-0.0172112802212415
0.0172086927260691,-0.0104029153201974,-0.00140360160655846,-0.00427550036645631,-0.0224586434979195,0.0142142788517821,-0.0101539178613355,-0.00874968729176128,-0.00777943400929613,-0.0053882542959051
0.0056980917937865,-0.000990943720589916,-0.0159817446945659,0.0204756127133525,0.0142142788517821,0.0838787789242866,0.0086037746876653,0.0148337847173603,0.00735008294649581,-0.0381861579374485
0.0141913965969214,-0.00382183692027275,-0.00588583394771574,0.0030190244104051,-0.0101539178613355,0.0086037746876653,0.0047682469478664,0.0220187687996417,0.00489188215328622,0.0160305375370539
0.00686002314613903,0.0064055194933413,0.0348405776854007,0.0121538938882971,-0.00874968729176128,0.0148337847173603,0.0220187687996417,-0.0437826510726609,-0.0120939241964514,0.0426201523162651
-0.00503807658792595,0.00720679862427222,0.0069350225889827,-0.00280543268054866,-0.00777943400929613,0.00735008294649581,0.00489188215328622,-0.0120939241964514,-0.0174876183471979,-0.00398427734569527
-0.0150501018212794,0.025051186186244,0.0202338824213803,-0.0172112802212415,-0.0053882542959051,-0.0381861579374485,0.0160305375370539,0.0426201523162651,-0.00398427734569527,0.0503134017257201
