"V1","V2","V3","V4","V5","V6","V7","V8","V9","V10"
-0.0215416475953061,0.0321977277172987,0.0362007395588884,0.00125859605239018,-0.0123443207354552,-0.0160485167753915,-0.0102460859936569,0.0213490570312892,0.0435167970635459,-0.00121847244229769
0.0321977277172987,0.0119722267775509,-0.0110640563552227,0.0190660771540463,0.00608604293373906,-0.0301849589266642,-0.0178330932703875,0.0108329509811422,0.0197115043616036,-0.00637878017414946
0.0362007395588884,-0.0110640563552227,-0.018387612086884,0.00481775579631053,0.000832362663734635,-0.0104888066803453,0.000285178779085541,-0.00843528169976064,0.00889323981972899,0.0310618547885292
0.00125859605239018,0.0190660771540463,0.00481775579631053,0.0246155280090025,0.0105990461406249,0.00811933196779647,-0.0349381571931321,-0.0291131154435513,-0.018184127670142,-0.0122689911281727
-0.0123443207354552,0.00608604293373906,0.000832362663734635,0.0105990461406249,0.0075193235862729,0.000127063748162011,0.00855570401666375,-0.0232495332108194,0.0108747476334441,-0.0134421590163819
-0.0160485167753915,-0.0301849589266642,-0.0104888066803453,0.00811933196779647,0.000127063748162011,0.00875218593425258,-0.00798999471781777,-0.00251858033361501,-0.0602420416850633,-0.00334444433776433
-0.0102460859936569,-0.0178330932703875,0.000285178779085541,-0.0349381571931321,0.00855570401666375,-0.00798999471781777,-0.0244505418605792,-0.0169302673040505,0.0145660981912932,-0.0125578723901639
0.0213490570312892,0.0108329509811422,-0.00843528169976064,-0.0291131154435513,-0.0232495332108194,-0.00251858033361501,-0.0169302673040505,-0.00397985614995431,0.0107050295868707,-0.0111080041455168
0.0435167970635459,0.0197115043616036,0.00889323981972899,-0.018184127670142,0.0108747476334441,-0.0602420416850633,0.0145660981912932,0.0107050295868707,0.00956077293963871,-0.0111022871972799
-0.00121847244229769,-0.00637878017414946,0.0310618547885292,-0.0122689911281727,-0.0134421590163819,-0.00334444433776433,-0.0125578723901639,-0.0111080041455168,-0.0111022871972799,0.0673334744545221
