"V1","V2","V3","V4","V5","V6","V7","V8","V9","V10"
0.035067490689622,-0.0130601415347456,-0.00295461099538856,0.0493122968283799,0.0105229530282086,-0.0105661266540732,-0.0104861915688905,-0.0171884402064177,-0.0139480266971018,0.0187480345194536
-0.0130601415347456,0.0138171114194698,0.00297959370744205,-0.0164584475549945,-0.0101822685098454,0.028871905904577,-0.00585907970111774,-0.0356361920486004,0.00296296982608522,-0.0196778592896451
-0.00295461099538856,0.00297959370744205,-0.0373446513042759,-0.030449815512658,0.00205691618880684,-0.0154116203591291,-0.0314759798683484,-0.00249070323127337,0.0263189327263067,0.000774636526783565
0.0493122968283799,-0.0164584475549945,-0.030449815512658,-0.054046220145688,-0.0017719361369107,0.008293160919621,-0.0130612535768667,0.00934059746071207,-0.00214218061366926,0.0185681403215889
0.0105229530282086,-0.0101822685098454,0.00205691618880684,-0.0017719361369107,0.00351479176937619,0.0179337452929968,0.00498835513426366,0.0341096166510967,0.0186834360186289,0.0132296844220492
-0.0105661266540732,0.028871905904577,-0.0154116203591291,0.008293160919621,0.0179337452929968,-0.012085956313163,-0.00961514250012995,0.0246352147019004,0.0195680175872962,-0.0188774713746504
-0.0104861915688905,-0.00585907970111774,-0.0314759798683484,-0.0130612535768667,0.00498835513426366,-0.00961514250012995,-0.011054289040886,-0.00299047825914037,-0.0122805084570825,-0.0233810159587203
-0.0171884402064177,-0.0356361920486004,-0.00249070323127337,0.00934059746071207,0.0341096166510967,0.0246352147019004,-0.00299047825914037,-0.0165113710601603,0.00761858699440869,0.00264686795351622
-0.0139480266971018,0.00296296982608522,0.0263189327263067,-0.00214218061366926,0.0186834360186289,0.0195680175872962,-0.0122805084570825,0.00761858699440869,0.00944298655957108,-0.00961139073168156
0.0187480345194536,-0.0196778592896451,0.000774636526783565,0.0185681403215889,0.0132296844220492,-0.0188774713746504,-0.0233810159587203,0.00264686795351622,-0.00961139073168156,0.0330072086867006
