"V1","V2","V3","V4","V5","V6","V7","V8","V9","V10"
0.029849584930641,-0.00994373797330453,0.0162705647482144,-0.0223394285634826,0.0091565529494131,-0.0109995921604843,0.0106167794722044,0.0100804352658121,0.0130427943998307,-0.00893658620558399
-0.00994373797330453,-0.0294508169472859,0.0107704270550205,0.0076944114431128,-0.0117271955822998,-0.0077352784941009,0.0206257374954996,0.0086546905909962,-0.0192204233392821,0.00180354974158014
0.0162705647482144,0.0107704270550205,-0.0100600439365028,0.0216110067542553,0.00465418430476838,-0.00959982375271101,0.0189056381739107,0.00820054085623139,0.0119640207354208,-0.0248154043359992
-0.0223394285634826,0.0076944114431128,0.0216110067542553,-0.00107535704358623,0.0062224600258499,-0.0172386327680687,-0.00639437299176777,-0.0154353582847889,-0.0115493327438509,-0.00572423925765768
0.0091565529494131,-0.0117271955822998,0.00465418430476838,0.0062224600258499,-0.0213901831747066,-0.0559955074628351,0.00648001518721791,0.00495123812783099,0.0277665368446315,0.00681377747230552
-0.0109995921604843,-0.0077352784941009,-0.00959982375271101,-0.0172386327680687,-0.0559955074628351,-0.00324935320118702,-0.00425688679004164,-0.0170435338827611,-0.0141344644935817,0.00216827223476454
0.0106167794722044,0.0206257374954996,0.0189056381739107,-0.00639437299176777,0.00648001518721791,-0.00425688679004164,0.00680455663168607,-0.00809859062941559,0.017058365760238,-0.0175261666667216
0.0100804352658121,0.0086546905909962,0.00820054085623139,-0.0154353582847889,0.00495123812783099,-0.0170435338827611,-0.00809859062941559,-0.0106692978157375,0.00911866508312517,0.0109287983116757
0.0130427943998307,-0.0192204233392821,0.0119640207354208,-0.0115493327438509,0.0277665368446315,-0.0141344644935817,0.017058365760238,0.00911866508312517,-0.0268339982843321,0.0365161123297895
-0.00893658620558399,0.00180354974158014,-0.0248154043359992,-0.00572423925765768,0.00681377747230552,0.00216827223476454,-0.0175261666667216,0.0109287983116757,0.0365161123297895,-0.00923309670044614
