"V1","V2","V3","V4","V5","V6","V7","V8","V9","V10"
-0.0109119805926667,-0.0424589617330795,-0.0162388711914743,0.00192049664527535,0.00996705339447299,-0.0210859823431197,0.025032055355161,-0.020720332719282,0.0045416966792895,-0.0175839617227546
-0.0424589617330795,-0.0125003599130641,0.00427390631183,-0.0148498300209658,-0.0114927205286823,0.019601423854107,-0.00733198295129595,0.0163122782064052,0.0104676288488768,0.0163167161123742
-0.0162388711914743,0.00427390631183,0.0236638454536447,0.0030667225220944,-0.0167779128058834,-0.00967048074838414,-0.014965013920793,-0.00132096913587817,-0.00386744893023583,-0.0212890007897292
0.00192049664527535,-0.0148498300209658,0.0030667225220944,-0.0437549145905866,0.0123309704698586,0.0154099056837464,0.00117145527140834,0.00309351640139326,0.0249990298396452,0.0133745842975664
0.00996705339447299,-0.0114927205286823,-0.0167779128058834,0.0123309704698586,-0.0166447573823852,-0.0175798536951982,0.00533813002990372,-0.0284517098252638,-0.00890272278300597,0.0168745326641092
-0.0210859823431197,0.019601423854107,-0.00967048074838414,0.0154099056837464,-0.0175798536951982,0.00407028592696068,0.00318076235958892,0.00725835569247299,0.011236524685632,0.0129049625222042
0.025032055355161,-0.00733198295129595,-0.014965013920793,0.00117145527140834,0.00533813002990372,0.00318076235958892,-0.0117862970643537,0.0330741265320484,-0.0116644011678842,-0.00243431278562225
-0.020720332719282,0.0163122782064052,-0.00132096913587817,0.00309351640139326,-0.0284517098252638,0.00725835569247299,0.0330741265320484,0.0164258314915887,-0.00591575770166858,-0.0072374455785375
0.0045416966792895,0.0104676288488768,-0.00386744893023583,0.0249990298396452,-0.00890272278300597,0.011236524685632,-0.0116644011678842,-0.00591575770166858,-0.030968500039354,0.002726071096801
-0.0175839617227546,0.0163167161123742,-0.0212890007897292,0.0133745842975664,0.0168745326641092,0.0129049625222042,-0.00243431278562225,-0.0072374455785375,0.002726071096801,0.0646620132587255
