"V1","V2","V3","V4","V5","V6","V7","V8","V9","V10"
0.0520367556806248,-0.0178804620759542,0.0188984141353972,0.00216987273402481,0.00215438378728875,0.0149616269193308,0.00886938812327188,-0.0329177196798208,-0.0456386948191956,-0.0369049274118321
-0.0178804620759542,-0.00615703549716533,0.00369179728493587,0.00270130674671932,0.012508649373267,-0.0175600549216471,0.0160325031798633,0.000250702838141618,0.00244820781901103,0.00888616878708573
0.0188984141353972,0.00369179728493587,0.020279803500969,-0.0128721233021698,0.0143217840390918,-0.00714918620279476,-0.0117770725750821,-0.0365025252646518,-0.00267748013495362,-0.0100375717464469
0.00216987273402481,0.00270130674671932,-0.0128721233021698,-0.0082946195661078,0.04468432868988,-0.0190593777220588,0.00187566315482095,0.0229441599887171,0.0215918009094478,0.0119395811528302
0.00215438378728875,0.012508649373267,0.0143217840390918,0.04468432868988,0.0119517731920845,-0.00584160818691216,0.0118084707862642,0.000638619411498183,0.0248663880503224,-0.0217821190585366
0.0149616269193308,-0.0175600549216471,-0.00714918620279476,-0.0190593777220588,-0.00584160818691216,-0.0284649639302617,0.0155997034732897,0.0102128215821608,0.00405048362355067,-0.00612070480591237
0.00886938812327188,0.0160325031798633,-0.0117770725750821,0.00187566315482095,0.0118084707862642,0.0155997034732897,0.032673786093888,0.0142994561732418,-0.0359903096747468,-0.0387537001335992
-0.0329177196798208,0.000250702838141618,-0.0365025252646518,0.0229441599887171,0.000638619411498183,0.0102128215821608,0.0142994561732418,0.00856026514909924,-0.0122071272294403,0.0116129706453045
-0.0456386948191956,0.00244820781901103,-0.00267748013495362,0.0215918009094478,0.0248663880503224,0.00405048362355067,-0.0359903096747468,-0.0122071272294403,0.00838620612971224,0.00460298419357592
-0.0369049274118321,0.00888616878708573,-0.0100375717464469,0.0119395811528302,-0.0217821190585366,-0.00612070480591237,-0.0387537001335992,0.0116129706453045,0.00460298419357592,0.00073538181470707
