"V1","V2","V3","V4","V5","V6","V7","V8","V9","V10"
-0.0299347682579685,0.0144387687835902,-0.0153799290323817,0.0124359743537663,0.0317959488186816,0.00986639145857518,0.0072782882143594,-0.0318750705106839,0.029889283009762,0.0177849512269568
0.0144387687835902,0.0186929420870686,0.000551436429781934,-0.0342916170099781,-0.00429669120068089,0.0128113518396695,0.00902825826378834,0.0191588828789412,0.00336556918832938,0.0294713458189783
-0.0153799290323817,0.000551436429781934,-0.0241636460149605,0.031626944760899,0.00106112932984622,0.0108303079759725,0.0117674881690989,0.0272502128797575,0.00967815922204915,0.0140999104348997
0.0124359743537663,-0.0342916170099781,0.031626944760899,0.00868915656222427,0.0198709477206046,0.0133326437362254,-0.0102277783792013,0.0118187251260401,-0.0182182846331604,-0.00995191998021179
0.0317959488186816,-0.00429669120068089,0.00106112932984622,0.0198709477206046,0.0049014725039392,0.00214940275643463,0.0127702220334804,-0.0386774110324686,-0.0117519343364714,0.0297431538089474
0.00986639145857518,0.0128113518396695,0.0108303079759725,0.0133326437362254,0.00214940275643463,0.0300151406802315,-0.000997655565562643,0.0126728627027807,-0.00556364008982918,0.00789088197137677
0.0072782882143594,0.00902825826378834,0.0117674881690989,-0.0102277783792013,0.0127702220334804,-0.000997655565562643,0.0350761176352327,0.00669401032126885,0.0153627452690956,0.00788112147760354
-0.0318750705106839,0.0191588828789412,0.0272502128797575,0.0118187251260401,-0.0386774110324686,0.0126728627027807,0.00669401032126885,0.00119682490002817,-0.0120702122523693,-0.00823959464906089
0.029889283009762,0.00336556918832938,0.00967815922204915,-0.0182182846331604,-0.0117519343364714,-0.00556364008982918,0.0153627452690956,-0.0120702122523693,0.00625496215119123,0.00239858892889491
0.0177849512269568,0.0294713458189783,0.0140999104348997,-0.00995191998021179,0.0297431538089474,0.00789088197137677,0.00788112147760354,-0.00823959464906089,0.00239858892889491,0.0170185841609044
