"V1","V2","V3","V4","V5","V6","V7","V8","V9","V10"
-0.0137620935229076,0.0270952236438181,0.0200873300421302,-0.00734665893615433,-0.0190026365934627,-0.000188651993553059,-0.013813993984794,-0.00496265150414107,0.0202788468415531,-0.00160960006930259
0.0270952236438181,-0.050971156859414,0.011188055751343,-0.00275284679216738,0.00578113925609306,0.0104498310143508,0.00674322980458254,0.00350491754576263,-0.00548431083596476,-0.0240566519016474
0.0200873300421302,0.011188055751343,-0.0212743875058977,-0.0158281971184917,-0.00358804917928933,0.0143819166380123,-0.0250873831600694,0.0182854120112233,0.00581008557506335,0.00464229228080923
-0.00734665893615433,-0.00275284679216738,-0.0158281971184917,-0.0292138773215575,0.00904597298956543,-0.00595457229602138,0.0254910463880361,-0.00259953978281297,0.0149915812343005,-0.00793902212594509
-0.0190026365934627,0.00578113925609306,-0.00358804917928933,0.00904597298956543,0.00351496439104604,0.00767527953302102,-0.000932886792050884,0.00241934895120011,0.0100720209212446,0.0066646044301807
-0.000188651993553059,0.0104498310143508,0.0143819166380123,-0.00595457229602138,0.00767527953302102,0.00640733667668765,0.00894692834605545,-0.0274651521667662,0.0166346188600287,-0.023196787892199
-0.013813993984794,0.00674322980458254,-0.0250873831600694,0.0254910463880361,-0.000932886792050884,0.00894692834605545,-0.0129715902318005,0.00633859972389228,-0.0042618107552991,0.0145256914455899
-0.00496265150414107,0.00350491754576263,0.0182854120112233,-0.00259953978281297,0.00241934895120011,-0.0274651521667662,0.00633859972389228,-0.00377945539939546,0.000683146982387843,0.0232559497489688
0.0202788468415531,-0.00548431083596476,0.00581008557506335,0.0149915812343005,0.0100720209212446,0.0166346188600287,-0.0042618107552991,0.000683146982387843,0.00463157027508847,-0.0370987639066227
-0.00160960006930259,-0.0240566519016474,0.00464229228080923,-0.00793902212594509,0.0066646044301807,-0.023196787892199,0.0145256914455899,0.0232559497489688,-0.0370987639066227,0.0328460442558787
