"V1","V2","V3","V4","V5","V6","V7","V8","V9","V10"
0.0237278144064601,-0.0137763481038606,-0.0302981184328122,0.0125384517652201,-0.0148039411065272,-0.00373363658309742,0.0478631039184279,0.0202412879098255,-0.00120201405219075,-0.0155479946824493
-0.0137763481038606,0.0386985044998422,-0.0256242785911056,-0.018478171181674,0.0041853282128614,0.00098243110797101,0.030251586980175,0.0131094615815558,-0.0113177701256153,0.0318696216481747
-0.0302981184328122,-0.0256242785911056,0.0214184961038237,-0.00504364943632405,0.0169835710935491,-0.0139285750661876,-0.0113561049211693,0.0167734245380719,-0.0249306872837052,-0.000997039619534719
0.0125384517652201,-0.018478171181674,-0.00504364943632405,0.00651236836678604,-0.016082782102593,0.00160362486195328,0.0336365670196422,0.0193340584563682,-0.00639379877404788,0.0192753442053784
-0.0148039411065272,0.0041853282128614,0.0169835710935491,-0.016082782102593,0.0471572877261081,0.0256871919311659,-0.0123862582076276,-0.00259420336920108,-0.0295638373678922,0.0144530747482511
-0.00373363658309742,0.00098243110797101,-0.0139285750661876,0.00160362486195328,0.0256871919311659,0.0137325074384591,-0.00118166999118571,-0.0181839710085308,0.020293673238403,0.00494357707344413
0.0478631039184279,0.030251586980175,-0.0113561049211693,0.0336365670196422,-0.0123862582076276,-0.00118166999118571,-0.0274716214904975,0.00634239569679486,0.0015071477885436,0.00168757192053939
0.0202412879098255,0.0131094615815558,0.0167734245380719,0.0193340584563682,-0.00259420336920108,-0.0181839710085308,0.00634239569679486,-0.0310048772194038,-0.0176523202590298,-0.00416425082229818
-0.00120201405219075,-0.0113177701256153,-0.0249306872837052,-0.00639379877404788,-0.0295638373678922,0.020293673238403,0.0015071477885436,-0.0176523202590298,0.0118185791024515,0.0381387170659024
-0.0155479946824493,0.0318696216481747,-0.000997039619534719,0.0192753442053784,0.0144530747482511,0.00494357707344413,0.00168757192053939,-0.00416425082229818,0.0381387170659024,0.061632247471172
