"V1","V2","V3","V4","V5","V6","V7","V8","V9","V10"
0.0113348967507196,0.0273060773506261,-0.0227762430824339,0.0113310926334745,-0.0450041114460501,-0.0356012333836225,0.0066411089748867,-0.00867356693622145,-0.0113302310261234,-0.0113900514407708
0.0273060773506261,0.00256636025506709,-0.0123430152835908,0.000642244353055559,0.000423397528873069,-0.0285291858113575,0.00311377339705817,0.0040651793687346,-0.0275198652252875,-0.000629273519687788
-0.0227762430824339,-0.0123430152835908,0.0189531115476625,0.01284656440754,0.00662662291399224,-0.0273723698589842,0.010810066894798,0.0261837499954349,-0.0191836754273047,-0.0199886824780915
0.0113310926334745,0.000642244353055559,0.01284656440754,-0.0277729039259402,0.032097720196188,0.0116697543069742,-0.00775648013453867,0.00568165466153698,0.00479479543032765,0.0158090329511048
-0.0450041114460501,0.000423397528873069,0.00662662291399224,0.032097720196188,0.000520527322481579,0.0221814134696415,0.000904746889957048,-0.0129688700419125,-0.0110614332003187,0.0171188033107596
-0.0356012333836225,-0.0285291858113575,-0.0273723698589842,0.0116697543069742,0.0221814134696415,0.0120160051135715,-0.0123769709080322,-0.00140793950697928,0.051297509705953,0.00125741821203989
0.0066411089748867,0.00311377339705817,0.010810066894798,-0.00775648013453867,0.000904746889957048,-0.0123769709080322,-0.0213297319844659,0.0120348154403074,-2.01258786516527e-05,-0.00555447074773401
-0.00867356693622145,0.0040651793687346,0.0261837499954349,0.00568165466153698,-0.0129688700419125,-0.00140793950697928,0.0120348154403074,-0.0215207302871851,0.00656777642337914,-0.0111061728623809
-0.0113302310261234,-0.0275198652252875,-0.0191836754273047,0.00479479543032765,-0.0110614332003187,0.051297509705953,-2.01258786516527e-05,0.00656777642337914,-0.024853564128298,0.0064302983686506
-0.0113900514407708,-0.000629273519687788,-0.0199886824780915,0.0158090329511048,0.0171188033107596,0.00125741821203989,-0.00555447074773401,-0.0111061728623809,0.0064302983686506,0.0126993618592677
