"V1","V2","V3","V4","V5","V6","V7","V8","V9","V10"
0.0581365702928092,-0.0259078461180531,0.0182438451550878,0.0025969354901996,-0.0343742169052678,0.0197849962383136,-0.0211710425226948,-0.00684959687904696,-0.0146038436010989,0.00879577688490353
-0.0259078461180531,0.0150229344207464,-0.0175399987944947,-0.000550715900252162,0.00282891235988276,0.0210793950564192,-0.0222413819549897,-0.0195046060660758,-0.0119995399904203,-0.0154703202207884
0.0182438451550878,-0.0175399987944947,0.0477911751167292,0.00900013013199317,-0.0133140965861429,0.0250760354734021,9.10347543573123e-05,0.0248558019854834,0.0516852293728071,-0.0180280289525563
0.0025969354901996,-0.000550715900252162,0.00900013013199317,-0.0227078500975485,-0.0217253839758073,-0.00892722561250451,0.00981848951286171,0.0026825617852352,-0.018641383479652,-0.0204977947131841
-0.0343742169052678,0.00282891235988276,-0.0133140965861429,-0.0217253839758073,-0.00986565049574912,-0.00975323209548618,-0.0103938403718081,-0.00445405171900882,0.0126097405228174,-0.025165721769112
0.0197849962383136,0.0210793950564192,0.0250760354734021,-0.00892722561250451,-0.00975323209548618,-0.0204619012184562,-0.00846782649785617,0.002995933370759,-0.0146668091965924,0.0208226974273238
-0.0211710425226948,-0.0222413819549897,9.10347543573123e-05,0.00981848951286171,-0.0103938403718081,-0.00846782649785617,0.0389510039571237,0.00839551495524237,-0.00205405340771637,-0.0336592701538792
-0.00684959687904696,-0.0195046060660758,0.0248558019854834,0.0026825617852352,-0.00445405171900882,0.002995933370759,0.00839551495524237,-0.0303439906071615,-0.0206099709209001,-0.0234213108016914
-0.0146038436010989,-0.0119995399904203,0.0516852293728071,-0.018641383479652,0.0126097405228174,-0.0146668091965924,-0.00205405340771637,-0.0206099709209001,0.0305562653425539,-0.00571467501158917
0.00879577688490353,-0.0154703202207884,-0.0180280289525563,-0.0204977947131841,-0.025165721769112,0.0208226974273238,-0.0336592701538792,-0.0234213108016914,-0.00571467501158917,0.0304223681836506
