"V1","V2","V3","V4","V5","V6","V7","V8","V9","V10"
-0.0189309881236627,-0.000198771633268517,0.0119699501762915,0.00669805805952804,-0.00480683422290287,-0.038033368709871,-0.00733333216282499,0.0162109888188702,0.0160112159831074,-0.0235393620028129
-0.000198771633268517,-0.00183627066177374,-0.0258429495313863,-0.0216925709890703,-0.00327107907157238,0.0151028677705843,-0.00713455695700027,-0.00687488330120889,-0.000903300009745719,0.0175981022669876
0.0119699501762915,-0.0258429495313863,-0.0295648804907475,0.00938512508492662,-0.0159479027713267,-0.00815357793271271,-0.0141127198390468,-0.00562088387166696,-0.0170031924811378,0.00531315193573618
0.00669805805952804,-0.0216925709890703,0.00938512508492662,0.00514700458202144,0.022333925482444,0.0183781330207857,0.0198436123568306,0.026092671958368,-0.00446941762210093,0.0168409785112265
-0.00480683422290287,-0.00327107907157238,-0.0159479027713267,0.022333925482444,0.00975167839439663,0.00235287372749287,0.0293632298367331,-0.000585742309798722,-0.00584356658970238,0.00709907239682293
-0.038033368709871,0.0151028677705843,-0.00815357793271271,0.0183781330207857,0.00235287372749287,-0.0240493128195159,0.00476523533521972,0.0131975547662365,0.00344332623886754,0.00520512975028827
-0.00733333216282499,-0.00713455695700027,-0.0141127198390468,0.0198436123568306,0.0293632298367331,0.00476523533521972,0.0274980506452978,0.00660116501560408,0.0162331318592769,-0.00915819593149441
0.0162109888188702,-0.00687488330120889,-0.00562088387166696,0.026092671958368,-0.000585742309798722,0.0131975547662365,0.00660116501560408,0.0312321419596064,0.00328103502585893,0.0102169919824464
0.0160112159831074,-0.000903300009745719,-0.0170031924811378,-0.00446941762210093,-0.00584356658970238,0.00344332623886754,0.0162331318592769,0.00328103502585893,0.0387698098207256,-0.00412468591451723
-0.0235393620028129,0.0175981022669876,0.00531315193573618,0.0168409785112265,0.00709907239682293,0.00520512975028827,-0.00915819593149441,0.0102169919824464,-0.00412468591451723,-0.0195344849487548
