"V1","V2","V3","V4","V5","V6","V7","V8","V9","V10"
0.00452878988637662,-0.000451147866142564,-0.0225613445203452,-0.00483361624725333,-0.0210818394517686,-0.00208961238843649,0.029522788932299,0.0329952038429522,0.000457089180433304,-0.0396725555186779
-0.000451147866142564,0.0119212697471423,0.0134507453641596,-0.0192353889123499,0.010413664302107,0.00355079318445661,0.0184462316269487,-0.00776174401652674,0.0332229338214501,-0.00890033224641419
-0.0225613445203452,0.0134507453641596,0.0188723979071517,0.00524028213483056,0.00620552620345523,-0.000677578109189937,-0.015899490476213,-0.0054223292414328,0.0128020650728667,0.0162742399353217
-0.00483361624725333,-0.0192353889123499,0.00524028213483056,-0.00158936950139381,-0.0213676115040061,-0.00723238369846181,0.0267627423538517,-0.00948121394298629,0.00685850612708692,-0.00920828312639766
-0.0210818394517686,0.010413664302107,0.00620552620345523,-0.0213676115040061,0.0117859499237854,-0.0128638746269445,0.0126089118090155,-0.0106495634797908,-0.0145492868808399,0.0116557487722231
-0.00208961238843649,0.00355079318445661,-0.000677578109189937,-0.00723238369846181,-0.0128638746269445,-0.0220246977283224,-0.0135255309094804,0.00555725029422431,0.0247535581105345,0.00122837853907496
0.029522788932299,0.0184462316269487,-0.015899490476213,0.0267627423538517,0.0126089118090155,-0.0135255309094804,0.00118390389023504,0.0194581988726554,0.00377003855905156,-0.00680006035189801
0.0329952038429522,-0.00776174401652674,-0.0054223292414328,-0.00948121394298629,-0.0106495634797908,0.00555725029422431,0.0194581988726554,0.00347562521612659,-0.00171406551394201,-0.00462872621254886
0.000457089180433304,0.0332229338214501,0.0128020650728667,0.00685850612708692,-0.0145492868808399,0.0247535581105345,0.00377003855905156,-0.00171406551394201,0.0155929806616566,-0.00622327827190966
-0.0396725555186779,-0.00890033224641419,0.0162742399353217,-0.00920828312639766,0.0116557487722231,0.00122837853907496,-0.00680006035189801,-0.00462872621254886,-0.00622327827190966,-0.0224525073795674
