"V1","V2","V3","V4","V5","V6","V7","V8","V9","V10"
0.0127252930081753,-0.0184783514029156,-0.00217552207390132,0.0187139145732749,0.0106289003753591,0.0288942940866684,-0.0332197251336924,0.000241898898269571,0.0128937571524148,0.0296109265757001
-0.0184783514029156,0.0162103114194093,0.00688906835889169,0.0293237380756082,0.0176125843589318,-0.0192940127120398,-0.0203074577217117,-0.00899411658051914,-0.00268483242853875,-0.0180826243701711
-0.00217552207390132,0.00688906835889169,-0.00586724052960097,0.012112762594025,-0.0204825964541213,0.0298752283806391,0.0019483296203645,-0.0257882267217251,-0.0130010864717704,-0.0116381932817704
0.0187139145732749,0.0293237380756082,0.012112762594025,-0.0272983861895236,0.00106130395424759,-0.0180587579518664,-0.0283945965455873,-0.0378586393657592,0.00390965613717311,0.00905978043625157
0.0106289003753591,0.0176125843589318,-0.0204825964541213,0.00106130395424759,-0.0403959627866929,-0.00321877039328646,-0.00429726445365096,0.00808581262600284,-0.00453517401425568,0.00638759371736271
0.0288942940866684,-0.0192940127120398,0.0298752283806391,-0.0180587579518664,-0.00321877039328646,-0.0131926759099795,-0.0253478293522611,-0.0254606428265437,-0.0186308711827542,0.00914487613568787
-0.0332197251336924,-0.0203074577217117,0.0019483296203645,-0.0283945965455873,-0.00429726445365096,-0.0253478293522611,0.00769557843881283,0.00851362417587702,-0.0194106048085285,-0.0106684301621414
0.000241898898269571,-0.00899411658051914,-0.0257882267217251,-0.0378586393657592,0.00808581262600284,-0.0254606428265437,0.00851362417587702,-0.0210985205877314,-0.00513144349852237,0.0121720365192755
0.0128937571524148,-0.00268483242853875,-0.0130010864717704,0.00390965613717311,-0.00453517401425568,-0.0186308711827542,-0.0194106048085285,-0.00513144349852237,0.0380968018538989,0.0049731021340518
0.0296109265757001,-0.0180826243701711,-0.0116381932817704,0.00905978043625157,0.00638759371736271,0.00914487613568787,-0.0106684301621414,0.0121720365192755,0.0049731021340518,-0.0359321091034821
