"V1","V2","V3","V4","V5","V6","V7","V8","V9","V10"
0.0410710625797975,0.0201025195347115,0.00620745219271342,0.0112821416835987,0.00564199979030283,-0.00683756009321732,0.00883860695476531,0.0099643634719838,0.0245777836406063,0.0430965475775122
0.0201025195347115,0.00917177812017966,0.0197722788281438,0.0152305228515698,-0.00220209606765595,-0.0129948358095908,-0.0115236817908293,-0.0184465714761481,0.0407794470798972,0.00633707940511295
0.00620745219271342,0.0197722788281438,0.0219869460244217,0.0132111087902187,0.00954278822866556,0.00633741850316923,0.00289368319232537,0.00344422983604476,-0.0285909329214808,0.0144891535938957
0.0112821416835987,0.0152305228515698,0.0132111087902187,0.00683727749990446,-0.0140503740890217,0.0142775262922684,0.00115301779355537,-0.0243979659125443,-0.0286204631119046,0.0211899188239423
0.00564199979030283,-0.00220209606765595,0.00954278822866556,-0.0140503740890217,-0.0200485679397882,-0.0377613070899805,-0.0205497162218978,-0.0137220356695403,0.00559022794590592,-0.0164346127773855
-0.00683756009321732,-0.0129948358095908,0.00633741850316923,0.0142775262922684,-0.0377613070899805,-0.0523858933685244,0.00543991806497254,-0.00148679825967518,0.00552211553344125,-0.0270001267176523
0.00883860695476531,-0.0115236817908293,0.00289368319232537,0.00115301779355537,-0.0205497162218978,0.00543991806497254,0.030515022627376,-0.00928755317926767,0.00758792474587283,-0.00636838509943211
0.0099643634719838,-0.0184465714761481,0.00344422983604476,-0.0243979659125443,-0.0137220356695403,-0.00148679825967518,-0.00928755317926767,-0.000815290541495917,-0.00106453998348377,0.0119465647871181
0.0245777836406063,0.0407794470798972,-0.0285909329214808,-0.0286204631119046,0.00559022794590592,0.00552211553344125,0.00758792474587283,-0.00106453998348377,0.0554513510261601,0.0129788242276725
0.0430965475775122,0.00633707940511295,0.0144891535938957,0.0211899188239423,-0.0164346127773855,-0.0270001267176523,-0.00636838509943211,0.0119465647871181,0.0129788242276725,0.0352042514236452
