"V1","V2","V3","V4","V5","V6","V7","V8","V9","V10"
0.00544815790218056,0.0150470014990994,-0.0304730470396353,0.0204422354226443,0.0249732824158248,0.0129671727102855,-0.0206726704050755,0.0231072266089361,-0.0103009148338749,0.00547280044744549
0.0150470014990994,-0.00244473085245442,0.0297236031875414,-5.98481504747665e-05,0.014673890876018,0.00156103536792363,0.0119744107013123,-0.0329083359818625,-0.00517736610940457,-0.00993316563220304
-0.0304730470396353,0.0297236031875414,-0.0168458950170879,-0.02284472038,-0.0173669213317841,-0.00538268314708218,0.00144878983662871,0.0130677946178912,-0.00234190416374705,-0.0259599251144079
0.0204422354226443,-5.98481504747665e-05,-0.02284472038,-0.0266237982020308,-0.00262173897109637,0.00186573219362473,0.0172682881701106,-0.00217596039677512,0.0149501508448495,0.0219445144389951
0.0249732824158248,0.014673890876018,-0.0173669213317841,-0.00262173897109637,0.0199712541037201,-0.0291083933637333,0.00345825727272808,-0.0110087127845924,-0.020509983960991,-0.0112410675575808
0.0129671727102855,0.00156103536792363,-0.00538268314708218,0.00186573219362473,-0.0291083933637333,0.00347810476326877,0.035982289138921,0.0139005182482175,-0.0128554724627543,0.0221174207802883
-0.0206726704050755,0.0119744107013123,0.00144878983662871,0.0172682881701106,0.00345825727272808,0.035982289138921,0.00438237986617529,0.0132939224383351,-0.0493173711754296,-0.00765179002445849
0.0231072266089361,-0.0329083359818625,0.0130677946178912,-0.00217596039677512,-0.0110087127845924,0.0139005182482175,0.0132939224383351,0.0172135810575776,0.000417034800808094,-0.015076597262936
-0.0103009148338749,-0.00517736610940457,-0.00234190416374705,0.0149501508448495,-0.020509983960991,-0.0128554724627543,-0.0493173711754296,0.000417034800808094,0.000420970707587509,-0.012493916479346
0.00547280044744549,-0.00993316563220304,-0.0259599251144079,0.0219445144389951,-0.0112410675575808,0.0221174207802883,-0.00765179002445849,-0.015076597262936,-0.012493916479346,0.0196471010505117
