"V1","V2","V3","V4","V5","V6","V7","V8","V9","V10"
0.00183258921050207,-0.000531755612072229,0.00568599512573427,-0.00238800191590567,-0.00923084735324177,-0.00620698054299097,-0.011343845097845,-0.0374008871336576,-0.0116512100489755,-0.0194726982677829
-0.000531755612072229,-0.0371927744658428,-0.00774551310715199,0.0112505335256969,0.00329168723939944,-0.00201845077980543,0.00332795902371002,0.00337838566837022,0.000916965235827474,0.00615880675278757
0.00568599512573427,-0.00774551310715199,0.0599272795043991,0.00424739569330821,-0.0117007676671161,-0.0214057761016249,0.0144851106172319,0.00832425944894878,-0.0114975330510746,0.0475304406687584
-0.00238800191590567,0.0112505335256969,0.00424739569330821,0.000616736677913243,-0.0320444914284373,0.0112667814442687,-0.000276586698004743,-0.00812490428881717,-0.0104268255555994,-0.0112800878189627
-0.00923084735324177,0.00329168723939944,-0.0117007676671161,-0.0320444914284373,0.0284920863252679,-0.00729713623913059,-0.0398530453717119,-0.0186751675081969,0.00197046626251824,0.024079154198399
-0.00620698054299097,-0.00201845077980543,-0.0214057761016249,0.0112667814442687,-0.00729713623913059,-0.0347454863744063,-0.0134576891820203,-0.0158329999258149,0.0225128441762126,-0.0266459842916716
-0.011343845097845,0.00332795902371002,0.0144851106172319,-0.000276586698004743,-0.0398530453717119,-0.0134576891820203,0.0195895049812585,0.000740587111371567,-0.00792866126649869,0.0346247897545534
-0.0374008871336576,0.00337838566837022,0.00832425944894878,-0.00812490428881717,-0.0186751675081969,-0.0158329999258149,0.000740587111371567,0.0334028115850094,-0.00692066933369962,-0.00170293072686149
-0.0116512100489755,0.000916965235827474,-0.0114975330510746,-0.0104268255555994,0.00197046626251824,0.0225128441762126,-0.00792866126649869,-0.00692066933369962,0.00235722733852881,-0.00902236509532146
-0.0194726982677829,0.00615880675278757,0.0475304406687584,-0.0112800878189627,0.024079154198399,-0.0266459842916716,0.0346247897545534,-0.00170293072686149,-0.00902236509532146,0.0451541483114421
