"V1","V2","V3","V4","V5","V6","V7","V8","V9","V10"
-0.00541979438455134,0.0193191230600612,0.00865543574178403,-0.00848408794027624,0.038531162906039,-0.000211057490796243,0.00960748659966656,-0.0243012613738071,0.017734115778162,0.0227811679705539
0.0193191230600612,0.0202174692096015,0.00436252407036414,-0.0252998764583293,0.00120833767245762,0.0232398733799011,-0.0103512302620918,0.00599417096204139,0.0320143815117748,0.00297706565219821
0.00865543574178403,0.00436252407036414,0.000440607018493822,0.0313871586970993,-0.00639109241026823,0.0235932932908312,-0.0159340453486373,-0.0181055657226563,0.0205232301428256,0.0191599921503233
-0.00848408794027624,-0.0252998764583293,0.0313871586970993,-0.00214494888344166,-0.0245417593301057,-0.00835371185661119,0.000277641561725132,-0.00641530071183649,-0.032734256372539,-0.0201577197504302
0.038531162906039,0.00120833767245762,-0.00639109241026823,-0.0245417593301057,0.0153323181022501,0.0299619958668528,-0.0278142533840943,-0.00755851067187941,0.0129099936754903,0.0009608672501697
-0.000211057490796243,0.0232398733799011,0.0235932932908312,-0.00835371185661119,0.0299619958668528,0.0501896045454117,0.0216927862285698,0.0227691135048437,-0.0150432074366422,-0.0116647341941537
0.00960748659966656,-0.0103512302620918,-0.0159340453486373,0.000277641561725132,-0.0278142533840943,0.0216927862285698,0.0226933628248268,-0.00697731329555374,-0.0172259263257301,-0.0239726188871509
-0.0243012613738071,0.00599417096204139,-0.0181055657226563,-0.00641530071183649,-0.00755851067187941,0.0227691135048437,-0.00697731329555374,-0.00378254243923557,0.00611409300159136,-0.0166004619123172
0.017734115778162,0.0320143815117748,0.0205232301428256,-0.032734256372539,0.0129099936754903,-0.0150432074366422,-0.0172259263257301,0.00611409300159136,0.0518100643256157,0.00661139865708606
0.0227811679705539,0.00297706565219821,0.0191599921503233,-0.0201577197504302,0.0009608672501697,-0.0116647341941537,-0.0239726188871509,-0.0166004619123172,0.00661139865708606,-0.0179928231811844
