"V1","V2","V3","V4","V5","V6","V7","V8","V9","V10"
0.0128379537399661,0.0141676572673991,0.0243151145329907,0.0104724472061071,0.0183392732078988,0.0198480208079369,0.0104320654632032,-0.0245456919193284,-0.00535103184632311,-0.00599046324297063
0.0141676572673991,0.00978864519011857,-0.00414120952847177,0.0218701947732039,-0.0047530853133666,0.0242360483939336,0.0169719701757337,-0.0205955388776048,0.0318463210572616,-0.00741329385797833
0.0243151145329907,-0.00414120952847177,0.0858548585712014,-0.0193658981070406,0.0238032585807827,-0.0327249954166287,-0.0059593142242807,-0.0177036078953287,0.0093683295132809,-0.0153978281143428
0.0104724472061071,0.0218701947732039,-0.0193658981070406,-0.0271302699816607,0.0199426282388763,-0.0139176748475821,-0.0122256812470611,-0.00906648158750172,-0.0286599048619627,0.0173177386576385
0.0183392732078988,-0.0047530853133666,0.0238032585807827,0.0199426282388763,0.0439776633749003,-0.0359512687373676,-0.00546097091314862,0.0294172198416173,-0.00482801960413782,-0.0317095166423418
0.0198480208079369,0.0242360483939336,-0.0327249954166287,-0.0139176748475821,-0.0359512687373676,-0.0251351807801507,-0.0152890866290998,0.00558526919536617,-0.0185086699451286,-0.0195184771276951
0.0104320654632032,0.0169719701757337,-0.0059593142242807,-0.0122256812470611,-0.00546097091314862,-0.0152890866290998,-0.00160672636646106,0.0173201810472297,0.0176235777133748,0.0162131578963075
-0.0245456919193284,-0.0205955388776048,-0.0177036078953287,-0.00906648158750172,0.0294172198416173,0.00558526919536617,0.0173201810472297,-0.0090594828612331,0.0325543315422459,0.0045029084792937
-0.00535103184632311,0.0318463210572616,0.0093683295132809,-0.0286599048619627,-0.00482801960413782,-0.0185086699451286,0.0176235777133748,0.0325543315422459,0.0235976337454308,-0.0107734211039795
-0.00599046324297063,-0.00741329385797833,-0.0153978281143428,0.0173177386576385,-0.0317095166423418,-0.0195184771276951,0.0162131578963075,0.0045029084792937,-0.0107734211039795,0.0257145733950186
