"V1","V2","V3","V4","V5","V6","V7","V8","V9","V10"
-0.0240858449531781,0.00732649828839318,-0.0134059848287751,0.0177235637698726,1.87982862606545e-06,0.0064330604277163,0.0134228171308596,0.00711282980525456,-0.0221055622963432,0.00757637286870046
0.00732649828839318,0.00800316621950934,-0.00971614496617921,-0.0111628231904286,0.0170942416207964,0.00949028633973984,0.00387809508006734,-0.00931579907587322,-0.000194371692940019,-0.00241629818495312
-0.0134059848287751,-0.00971614496617921,0.0186967499741618,0.0222884839465494,-0.021785837627353,-0.00416932659563956,-0.00872784713734881,0.0179660359275013,0.0116629375927803,0.0047504268967995
0.0177235637698726,-0.0111628231904286,0.0222884839465494,-0.022365448436877,-0.00499136555820994,0.0253497735362915,0.00504010955510927,0.00675865862169721,0.0104118731069711,0.0211185410521984
1.87982862606545e-06,0.0170942416207964,-0.021785837627353,-0.00499136555820994,-0.0362106615826349,-0.0202641366317753,0.00304237299960786,-0.0154592870616573,-0.0101796913916452,-0.028104012841155
0.0064330604277163,0.00949028633973984,-0.00416932659563956,0.0253497735362915,-0.0202641366317753,0.027892552507312,0.00851025142917627,-0.0238095277068141,0.0220125352076621,0.0191944552045407
0.0134228171308596,0.00387809508006734,-0.00872784713734881,0.00504010955510927,0.00304237299960786,0.00851025142917627,6.08005932837497e-05,-0.00647996215056289,-0.00641311104008625,0.0193600702668063
0.00711282980525456,-0.00931579907587322,0.0179660359275013,0.00675865862169721,-0.0154592870616573,-0.0238095277068141,-0.00647996215056289,0.00112646988532967,0.0154042713220188,-0.0238865031734512
-0.0221055622963432,-0.000194371692940019,0.0116629375927803,0.0104118731069711,-0.0101796913916452,0.0220125352076621,-0.00641311104008625,0.0154042713220188,-0.00224972218954327,0.00161281928444474
0.00757637286870046,-0.00241629818495312,0.0047504268967995,0.0211185410521984,-0.028104012841155,0.0191944552045407,0.0193600702668063,-0.0238865031734512,0.00161281928444474,0.010859103952883
