"V1","V2","V3","V4","V5","V6","V7","V8","V9","V10"
-0.0224971360062338,-0.0193160581661423,-0.000684886762436787,0.000833330862088066,-0.00561768438120703,-0.00072375847798951,-0.0398968602979744,0.00558229447532729,0.00317531420845313,-0.0153551563462293
-0.0193160581661423,0.00551464770472623,0.00838613120842209,-0.0264344429419641,-0.0164549179706316,0.0121714639067481,-0.0240669634104547,0.0133464119612208,0.000899368062704321,0.0195909184139172
-0.000684886762436787,0.00838613120842209,-0.0263787226534783,-0.0182517170240595,-0.010108977338829,-0.00332335380974169,0.00734628699935243,-0.0148361721558601,0.00387786688906876,-0.0132339943238766
0.000833330862088066,-0.0264344429419641,-0.0182517170240595,0.00825202949247514,-0.0368643996079387,-0.0139848174188864,0.0253774898636586,0.0200953710036703,-0.0144888074720331,-0.00979754631349735
-0.00561768438120703,-0.0164549179706316,-0.010108977338829,-0.0368643996079387,0.0234386754636436,-0.0232533562475039,-0.0150127411135518,-0.0293162823698183,-0.0024268286415571,-0.000405214493879705
-0.00072375847798951,0.0121714639067481,-0.00332335380974169,-0.0139848174188864,-0.0232533562475039,-0.00162290570090877,-0.0102278854886927,0.016287281197999,-0.0143870356568442,0.0255576762055569
-0.0398968602979744,-0.0240669634104547,0.00734628699935243,0.0253774898636586,-0.0150127411135518,-0.0102278854886927,-0.0354469283818502,-0.00824664851435508,-0.0153440546135066,-0.00521474466471804
0.00558229447532729,0.0133464119612208,-0.0148361721558601,0.0200953710036703,-0.0293162823698183,0.016287281197999,-0.00824664851435508,0.0153063272858812,-0.0217788074655386,-0.0120749365110407
0.00317531420845313,0.000899368062704321,0.00387786688906876,-0.0144888074720331,-0.0024268286415571,-0.0143870356568442,-0.0153440546135066,-0.0217788074655386,-0.012248289106441,0.00860251612755643
-0.0153551563462293,0.0195909184139172,-0.0132339943238766,-0.00979754631349735,-0.000405214493879705,0.0255576762055569,-0.00521474466471804,-0.0120749365110407,0.00860251612755643,0.0170833863705389
