"V1","V2","V3","V4","V5","V6","V7","V8","V9","V10"
-0.011871195916052,-0.00689293619643086,0.0193193059953542,0.0109016801506546,0.00463941127033367,-0.0309699066694633,0.00778789190121723,0.00721665191157554,-0.007244125467875,0.00517785806046113
-0.00689293619643086,-0.00140817204850303,-0.0181877440927967,-0.00878353665075648,0.00330652620349388,0.00207920864064835,0.0125824726299544,0.0448355209076141,0.0227798743548757,0.00117730387046845
0.0193193059953542,-0.0181877440927967,0.00702854507144739,-0.044807526013386,0.0136604043981746,-0.0120669927372841,0.00419701718189493,-0.000249227980894593,-0.0073882266048856,-0.000128192385911688
0.0109016801506546,-0.00878353665075648,-0.044807526013386,-0.00656139810876799,0.0298491060126096,0.0460111065720491,-0.0196595653111221,-0.00215787862920306,-0.00129083155998316,0.0106922984256982
0.00463941127033367,0.00330652620349388,0.0136604043981746,0.0298491060126096,-0.0048403062691408,-0.0123860255878366,0.00220139975437105,0.00275897610415541,-0.00986292719052487,-0.00340655540996327
-0.0309699066694633,0.00207920864064835,-0.0120669927372841,0.0460111065720491,-0.0123860255878366,0.0167520677911078,0.011408226214672,-0.000595425502281616,-0.00113853161886888,-0.0116515680971552
0.00778789190121723,0.0125824726299544,0.00419701718189493,-0.0196595653111221,0.00220139975437105,0.011408226214672,0.0143275034065021,0.0088217026086442,-0.0234638247422806,-0.00863845214970523
0.00721665191157554,0.0448355209076141,-0.000249227980894593,-0.00215787862920306,0.00275897610415541,-0.000595425502281616,0.0088217026086442,-0.00576525653043927,-0.002626081829856,0.0113931535336952
-0.007244125467875,0.0227798743548757,-0.0073882266048856,-0.00129083155998316,-0.00986292719052487,-0.00113853161886888,-0.0234638247422806,-0.002626081829856,0.0408390346247402,-0.0304651693442234
0.00517785806046113,0.00117730387046845,-0.000128192385911688,0.0106922984256982,-0.00340655540996327,-0.0116515680971552,-0.00863845214970523,0.0113931535336952,-0.0304651693442234,0.0201008596823791
