"V1","V2","V3","V4","V5","V6","V7","V8","V9","V10"
0.00898387741894056,-0.0297392777761604,0.0276548914420795,0.0168042987789194,0.0253528781707477,-0.00450250989333799,0.0278934463537263,0.0231412531393936,0.0206346253533228,-0.00672272926083682
-0.0297392777761604,0.000401101299878714,0.0121087554282728,0.0135846381631127,-0.00443283909554895,0.0405946768589175,-0.0196825626532716,-0.00551793842639603,0.0227701840759436,-0.00485836207466951
0.0276548914420795,0.0121087554282728,0.033872966099875,0.0246350968495431,0.014993647028097,-0.0395768882911371,-0.0118104916311395,-0.0185449635201453,-0.0160939646349553,-0.0230139602787201
0.0168042987789194,0.0135846381631127,0.0246350968495431,0.000323430942920644,-0.018040620872262,-0.0163571918233771,-0.0118908562503633,0.00295917926589127,-0.0207453342394754,-0.0367777477521691
0.0253528781707477,-0.00443283909554895,0.014993647028097,-0.018040620872262,0.0348235304972049,-0.0214387569761214,0.00463083529516891,0.0110737818900699,0.0219362990047582,0.0158216854692366
-0.00450250989333799,0.0405946768589175,-0.0395768882911371,-0.0163571918233771,-0.0214387569761214,0.00470434974805107,-0.00295830000778761,0.00872332320177804,0.0158894330955417,-0.0278453090699635
0.0278934463537263,-0.0196825626532716,-0.0118104916311395,-0.0118908562503633,0.00463083529516891,-0.00295830000778761,-0.0323663744745336,-0.0028988375252818,0.0035111850588983,0.0211298098504036
0.0231412531393936,-0.00551793842639603,-0.0185449635201453,0.00295917926589127,0.0110737818900699,0.00872332320177804,-0.0028988375252818,-0.00254977573713941,-0.00377327597813123,0.0153632463694243
0.0206346253533228,0.0227701840759436,-0.0160939646349553,-0.0207453342394754,0.0219362990047582,0.0158894330955417,0.0035111850588983,-0.00377327597813123,0.0597844595954948,-0.0124269386664307
-0.00672272926083682,-0.00485836207466951,-0.0230139602787201,-0.0367777477521691,0.0158216854692366,-0.0278453090699635,0.0211298098504036,0.0153632463694243,-0.0124269386664307,0.0438250988589157
