"V1","V2","V3","V4","V5","V6","V7","V8","V9","V10"
0.0159782677589263,0.0171750732536818,0.020112487812359,-0.00535976038163172,0.0181051182279435,-0.0118957930838446,0.00586539003644268,0.00826783480894681,-0.00852812297111584,0.0123799402627952
0.0171750732536818,-0.0315634679228679,-0.0240260474467824,0.018512399077538,0.0181298019570478,0.0104521984680584,0.0208393058366228,0.013884841267487,0.00882105194473259,0.0143942555319691
0.020112487812359,-0.0240260474467824,-0.0037186631565103,-0.00768748152276097,-0.024364876536025,0.0121876497399238,-0.0135812264593261,-0.00493051004204915,-0.0259987687789716,-0.026665711513778
-0.00535976038163172,0.018512399077538,-0.00768748152276097,0.0443076735857773,-0.00124294104804466,0.0115956296373736,-0.00588888982621851,-0.00538953928007257,-0.0133591168697737,-0.00745651943315249
0.0181051182279435,0.0181298019570478,-0.024364876536025,-0.00124294104804466,-0.0196787711718339,-0.0218043033047052,0.0228128694660846,0.0246892148089273,-0.00629299397601271,0.0141782816242515
-0.0118957930838446,0.0104521984680584,0.0121876497399238,0.0115956296373736,-0.0218043033047052,-0.0260777447834001,-0.00792744133509005,0.0220490195434035,-0.000557953057054097,-0.0262185177509586
0.00586539003644268,0.0208393058366228,-0.0135812264593261,-0.00588888982621851,0.0228128694660846,-0.00792744133509005,0.00911141036484528,-0.0504202942430267,0.0153980381914457,-0.0213138330569445
0.00826783480894681,0.013884841267487,-0.00493051004204915,-0.00538953928007257,0.0246892148089273,0.0220490195434035,-0.0504202942430267,0.00739439832444266,0.0306069360663457,0.00579020160994547
-0.00852812297111584,0.00882105194473259,-0.0259987687789716,-0.0133591168697737,-0.00629299397601271,-0.000557953057054097,0.0153980381914457,0.0306069360663457,-0.00179007062486489,0.00858515769115358
0.0123799402627952,0.0143942555319691,-0.026665711513778,-0.00745651943315249,0.0141782816242515,-0.0262185177509586,-0.0213138330569445,0.00579020160994547,0.00858515769115358,0.0224121554568035
