"V1","V2","V3","V4","V5","V6","V7","V8","V9","V10"
0.0227909931123697,0.0047884614421242,-0.0112980735321506,0.0126988932844572,-0.00502066472011843,0.0068634059336303,0.035516345317477,0.0391386117400545,-0.00972312778000579,-0.0078745080336024
0.0047884614421242,0.0110725314790052,0.012387134968266,-0.0115227135191164,0.0201639398720188,-0.00409476226645551,-0.0156796207098039,-0.0033125331768239,-0.0257894524441363,-0.0183875027418214
-0.0112980735321506,0.012387134968266,0.056917488808435,-0.0300995277185072,0.0135624668783331,0.00422836182828001,0.00699200900910825,0.01359648533228,0.00576976654784115,-0.0122256519283908
0.0126988932844572,-0.0115227135191164,-0.0300995277185072,-0.0309398167344908,0.0276213906058608,-0.0536225721441965,-0.00527730960906203,0.012981338811576,0.00281096542069731,-0.00146126493319702
-0.00502066472011843,0.0201639398720188,0.0135624668783331,0.0276213906058608,0.0333926888759514,-0.0399306440497624,0.00837233029218688,0.0141531180467272,-0.00798348767311377,-0.0349367458964835
0.0068634059336303,-0.00409476226645551,0.00422836182828001,-0.0536225721441965,-0.0399306440497624,0.0103269678006444,-0.00300932829639181,0.00114281456254731,0.0132348488006917,0.0332656933044623
0.035516345317477,-0.0156796207098039,0.00699200900910825,-0.00527730960906203,0.00837233029218688,-0.00300932829639181,-0.0279807622222201,0.00146156299248682,0.0188881821082861,0.0140638176972773
0.0391386117400545,-0.0033125331768239,0.01359648533228,0.012981338811576,0.0141531180467272,0.00114281456254731,0.00146156299248682,0.015440379776752,0.0145734067731914,0.0222911257534731
-0.00972312778000579,-0.0257894524441363,0.00576976654784115,0.00281096542069731,-0.00798348767311377,0.0132348488006917,0.0188881821082861,0.0145734067731914,-0.0317517160540306,0.0255806688878674
-0.0078745080336024,-0.0183875027418214,-0.0122256519283908,-0.00146126493319702,-0.0349367458964835,0.0332656933044623,0.0140638176972773,0.0222911257534731,0.0255806688878674,-0.000189394844133473
