"V1","V2","V3","V4","V5","V6","V7","V8","V9","V10"
-0.00747123049049245,0.0112552519007954,0.0167718566995736,-0.032138066182951,0.0016647081652318,-0.0273319088649492,-0.00272366270079519,0.0111383710428489,0.0144624419719318,0.00422528314746373
0.0112552519007954,-0.0410945469257693,0.000756673376383243,0.0159382164034371,0.0299543616542676,0.028855600350174,-0.000568614419469719,-0.00357615039812456,0.00758564723757016,-0.0115031288179201
0.0167718566995736,0.000756673376383243,-0.00471915472167013,0.0162115562544431,-0.00426850441594167,0.00868566156825551,-0.0227376501337574,0.00795975078983185,-0.00814252974128864,-0.00299250765068968
-0.032138066182951,0.0159382164034371,0.0162115562544431,0.009001527904489,-0.00921771665877431,0.00376052695142902,-0.00493691178379813,0.0252591836963502,0.00826880918075272,0.0054249820729914
0.0016647081652318,0.0299543616542676,-0.00426850441594167,-0.00921771665877431,-0.0125182119360393,-0.0205492355007673,-0.00995855837689109,0.0188640529953899,0.0087575811130359,0.000789197166528721
-0.0273319088649492,0.028855600350174,0.00868566156825551,0.00376052695142902,-0.0205492355007673,-0.0377700093879946,-0.00174099362531364,0.0109777086583956,0.0181298612293343,-0.00129889584673834
-0.00272366270079519,-0.000568614419469719,-0.0227376501337574,-0.00493691178379813,-0.00995855837689109,-0.00174099362531364,-0.0290244882056086,0.0140613641034568,-0.0186101120020243,-0.0192174814455173
0.0111383710428489,-0.00357615039812456,0.00795975078983185,0.0252591836963502,0.0188640529953899,0.0109777086583956,0.0140613641034568,-0.0169109231134051,0.00962020036738456,-0.0158590012382747
0.0144624419719318,0.00758564723757016,-0.00814252974128864,0.00826880918075272,0.0087575811130359,0.0181298612293343,-0.0186101120020243,0.00962020036738456,-0.0302001236509774,0.00899090009794261
0.00422528314746373,-0.0115031288179201,-0.00299250765068968,0.0054249820729914,0.000789197166528721,-0.00129889584673834,-0.0192174814455173,-0.0158590012382747,0.00899090009794261,-0.0306378522033954
