"V1","V2","V3","V4","V5","V6","V7","V8","V9","V10"
-6.56692405107018e-05,0.00421732569761252,0.00672408466271701,0.0157535908926486,-0.00236160621651162,-0.00612423630280648,0.00622601112905723,-0.0244135421540023,-0.0205767369916754,-0.0200370097282724
0.00421732569761252,0.00410079031182837,0.0108162958108651,0.00218788020612014,-0.0143149249630383,-0.0270586022727032,-0.0259554984887742,-0.0243331971552451,0.0167650798970903,-0.00762033392122551
0.00672408466271701,0.0108162958108651,0.0133227896945353,0.0436764067602664,-0.00584355045206526,0.00228967060488033,0.0423257389573959,-0.000585878505660135,0.00373931929358486,0.064628843245582
0.0157535908926486,0.00218788020612014,0.0436764067602664,0.0181860996338364,0.00961285086437691,-0.0101854663925706,0.0100714639682193,-0.0113734723060015,0.00129448392353238,0.0158168232483435
-0.00236160621651162,-0.0143149249630383,-0.00584355045206526,0.00961285086437691,-0.0414066529442359,-0.0154972671589999,-0.017654760111698,-0.0270290790312076,0.0160121332479153,0.00374359029842738
-0.00612423630280648,-0.0270586022727032,0.00228967060488033,-0.0101854663925706,-0.0154972671589999,-0.00647538103258105,-3.67586714214647e-05,-0.00899706103503716,-0.0135780135757023,-0.0311767328676705
0.00622601112905723,-0.0259554984887742,0.0423257389573959,0.0100714639682193,-0.017654760111698,-3.67586714214647e-05,-0.00610757897058098,-4.42789835900292e-05,0.00830139489403115,0.00819111232821371
-0.0244135421540023,-0.0243331971552451,-0.000585878505660135,-0.0113734723060015,-0.0270290790312076,-0.00899706103503716,-4.42789835900292e-05,-0.0473658635760617,-0.00724950360683593,0.0105086649571719
-0.0205767369916754,0.0167650798970903,0.00373931929358486,0.00129448392353238,0.0160121332479153,-0.0135780135757023,0.00830139489403115,-0.00724950360683593,0.0318038550603333,-0.00464188760164077
-0.0200370097282724,-0.00762033392122551,0.064628843245582,0.0158168232483435,0.00374359029842738,-0.0311767328676705,0.00819111232821371,0.0105086649571719,-0.00464188760164077,0.0071087344119533
