"V1","V2","V3","V4","V5","V6","V7","V8","V9","V10"
0.0152871945122079,-0.0101243935203892,-0.00545387544760001,0.0157124406832871,0.0104461105857117,-0.0342786476527507,-0.0126279571224815,0.031657605781333,-0.0520038169507926,-0.0125909471881711
-0.0101243935203892,0.00881677588964511,-0.0273310491634426,0.0285382079162336,0.0229085995309448,-0.024705068496831,0.0312503648959627,0.0348240721018361,-0.00658089165902867,-0.0260924815864038
-0.00545387544760001,-0.0273310491634426,0.0315903612473601,-0.0208272365059015,0.000829211916336381,0.0176030111135832,-0.0253784815204324,0.0199161270705377,-0.00968439962792075,-0.000817122456930801
0.0157124406832871,0.0285382079162336,-0.0208272365059015,-0.00472313153464041,0.00557218686877677,0.0358615348509295,-0.000525982756122104,0.00100785369733285,0.0239959410082947,-0.0173448291808775
0.0104461105857117,0.0229085995309448,0.000829211916336381,0.00557218686877677,0.0123967794780706,0.0145478049427889,0.0272379597270231,0.0322132720844891,0.00866166936965226,-0.00261112362605986
-0.0342786476527507,-0.024705068496831,0.0176030111135832,0.0358615348509295,0.0145478049427889,-0.00644563791573702,-0.027977589535454,0.0288375099298615,-0.00639824598206493,0.00961002790971428
-0.0126279571224815,0.0312503648959627,-0.0253784815204324,-0.000525982756122104,0.0272379597270231,-0.027977589535454,-0.0147361395409726,-0.00953977152354937,0.0192008698028411,0.0361847519107335
0.031657605781333,0.0348240721018361,0.0199161270705377,0.00100785369733285,0.0322132720844891,0.0288375099298615,-0.00953977152354937,0.0101408496956139,0.0401772664876161,-0.0310897791826063
-0.0520038169507926,-0.00658089165902867,-0.00968439962792075,0.0239959410082947,0.00866166936965226,-0.00639824598206493,0.0192008698028411,0.0401772664876161,0.0425587476405975,0.00862413567429439
-0.0125909471881711,-0.0260924815864038,-0.000817122456930801,-0.0173448291808775,-0.00261112362605986,0.00961002790971428,0.0361847519107335,-0.0310897791826063,0.00862413567429439,0.0348526563593446
