"V1","V2","V3","V4","V5","V6","V7","V8","V9","V10"
-0.0117735048279493,-0.00314142657145486,0.00324938992578309,-0.00143220501104509,-0.0324874972917561,-0.0129373907680857,-0.00799609491351597,-0.0319497856202292,-0.0110362954766482,0.014902579774163
-0.00314142657145486,-0.0291562978207099,0.0118431046335567,0.00129965284543403,0.0146591038220185,0.013460503564275,-0.0242868098205629,0.00905881396364934,0.00188740459778143,-0.0166752785904005
0.00324938992578309,0.0118431046335567,-0.0272397085308681,-0.00199219260004457,-0.0163476864405859,-0.00200513214045037,0.00694615155522681,0.0289017716829675,-0.017897927417097,0.00731583188052274
-0.00143220501104509,0.00129965284543403,-0.00199219260004457,0.00424017450301313,-0.00823539009431794,0.00567440982246433,-0.0119217368979243,-0.0179246090814594,-0.0162804553289714,0.000353342537687806
-0.0324874972917561,0.0146591038220185,-0.0163476864405859,-0.00823539009431794,0.00728783171464515,-0.0211036906479976,0.0167606639921714,-0.0325752678997064,0.0275191497924373,0.014000817314223
-0.0129373907680857,0.013460503564275,-0.00200513214045037,0.00567440982246433,-0.0211036906479976,0.0227441305420117,0.00799722466596344,-0.00346938390351596,-0.00704386667170455,-0.00909502142428798
-0.00799609491351597,-0.0242868098205629,0.00694615155522681,-0.0119217368979243,0.0167606639921714,0.00799722466596344,0.021322436322462,0.048744519222399,-0.000221392936940412,0.0129151644906732
-0.0319497856202292,0.00905881396364934,0.0289017716829675,-0.0179246090814594,-0.0325752678997064,-0.00346938390351596,0.048744519222399,-0.00253617364603134,-0.00925741434504165,-0.0127082168028893
-0.0110362954766482,0.00188740459778143,-0.017897927417097,-0.0162804553289714,0.0275191497924373,-0.00704386667170455,-0.000221392936940412,-0.00925741434504165,-0.0212759579262607,-0.0192603461314241
0.014902579774163,-0.0166752785904005,0.00731583188052274,0.000353342537687806,0.014000817314223,-0.00909502142428798,0.0129151644906732,-0.0127082168028893,-0.0192603461314241,-0.0461007103816112
