"V1","V2","V3","V4","V5","V6","V7","V8","V9","V10"
0.0104719121373318,0.0347922966590696,0.00700934403590044,-0.0119080180595539,-0.00605012260841344,-0.000475918907912315,0.024358621199844,-0.0076620304916046,0.0133940430958326,-0.00229432066486588
0.0347922966590696,0.0107362046732209,-0.0100977555587364,-0.0258023211077803,0.00120883386397287,-0.00188577033988674,0.0378384207413333,-0.00160007956865468,-0.00791139044189801,-0.00786285043619771
0.00700934403590044,-0.0100977555587364,0.00891820222451472,-0.0124864158890275,-0.0117114802100002,-0.0110028708994108,-0.0115693396998426,-0.00675081750653887,0.0016942418579265,0.0119265971503029
-0.0119080180595539,-0.0258023211077803,-0.0124864158890275,0.0492467424913511,0.0030284571973543,0.0043537593850378,-0.0187488388111169,0.0184491828395714,0.0595989777984541,-0.033262301095492
-0.00605012260841344,0.00120883386397287,-0.0117114802100002,0.0030284571973543,0.00432978305734884,0.0402310313455568,-0.0126721460887558,-0.00207459680082103,0.00660488122633156,0.0221598937527297
-0.000475918907912315,-0.00188577033988674,-0.0110028708994108,0.0043537593850378,0.0402310313455568,0.0325580549214421,0.00865842107280148,-0.0210398888988345,-0.00482210077924345,-0.00191066398095974
0.024358621199844,0.0378384207413333,-0.0115693396998426,-0.0187488388111169,-0.0126721460887558,0.00865842107280148,-0.0424769304688839,0.0002313955621026,0.00172680493210444,0.0255731453227557
-0.0076620304916046,-0.00160007956865468,-0.00675081750653887,0.0184491828395714,-0.00207459680082103,-0.0210398888988345,0.0002313955621026,-0.0268232409668913,-0.00595713581748055,-0.00530776283822272
0.0133940430958326,-0.00791139044189801,0.0016942418579265,0.0595989777984541,0.00660488122633156,-0.00482210077924345,0.00172680493210444,-0.00595713581748055,0.02600490372136,-0.00480013235989201
-0.00229432066486588,-0.00786285043619771,0.0119265971503029,-0.033262301095492,0.0221598937527297,-0.00191066398095974,0.0255731453227557,-0.00530776283822272,-0.00480013235989201,-0.00367753140261633
