"V1","V2","V3","V4","V5","V6","V7","V8","V9","V10"
-0.0241682054059095,0.0093021539929225,0.0397420682874186,-0.00480718443398142,-0.0191398079948256,-0.0146829912882273,0.00891396550470949,0.0143363655050266,0.00974032003573494,-0.00081336888614631
0.0093021539929225,-0.0297269403323422,-0.0172467473236431,-0.0101433524924457,-0.0110608732655157,-0.0205292907595212,-0.0147781210872609,-0.0061432008358156,0.00967966194090577,-0.0219148691314664
0.0397420682874186,-0.0172467473236431,0.0114456299711768,0.0143594995097973,-0.00793998464906852,-0.00931100670326752,-0.00484143682353604,0.0236324554581247,0.0177196822904545,-0.00943129166189784
-0.00480718443398142,-0.0101433524924457,0.0143594995097973,0.00594817113088983,-0.000914336677894775,0.0130906222987786,-0.00611061052578821,-0.0363863492403111,0.0445540374101501,-0.00396061533712143
-0.0191398079948256,-0.0110608732655157,-0.00793998464906852,-0.000914336677894775,-0.0458365416131574,-0.0110945716054537,-0.0165592883652608,-0.0231175884195698,0.00485926082955499,0.00655928099171456
-0.0146829912882273,-0.0205292907595212,-0.00931100670326752,0.0130906222987786,-0.0110945716054537,0.028565916717936,0.00868378796710572,-0.0347851076119143,-0.0109680988137771,-0.00405965770079286
0.00891396550470949,-0.0147781210872609,-0.00484143682353604,-0.00611061052578821,-0.0165592883652608,0.00868378796710572,0.02807889807007,-0.0366745584574605,0.00804215146475542,0.0438177535309815
0.0143363655050266,-0.0061432008358156,0.0236324554581247,-0.0363863492403111,-0.0231175884195698,-0.0347851076119143,-0.0366745584574605,0.0224152355847802,-0.00733150868514714,-0.00988137670274815
0.00974032003573494,0.00967966194090577,0.0177196822904545,0.0445540374101501,0.00485926082955499,-0.0109680988137771,0.00804215146475542,-0.00733150868514714,0.00523162790039202,-0.0126864510540462
-0.00081336888614631,-0.0219148691314664,-0.00943129166189784,-0.00396061533712143,0.00655928099171456,-0.00405965770079286,0.0438177535309815,-0.00988137670274815,-0.0126864510540462,0.00602365258952835
