"V1","V2","V3","V4","V5","V6","V7","V8","V9","V10"
-0.0174804044598099,0.016889642351337,-0.0223547740426107,0.0309123062274625,-0.0224039735222787,-0.0197364189338637,0.00160114325627575,-0.010165451080288,0.00518225046399774,0.00903966010583617
0.016889642351337,-0.0143751056981358,-0.015804828254846,-0.00839375061537514,0.0155917772364739,-0.0244056102171026,0.0219593432615884,8.42146290838744e-06,0.0138844967879907,-0.0149546901027421
-0.0223547740426107,-0.015804828254846,0.0232748567821176,0.0344885993193988,-0.0128148814557638,-0.000307069125444832,-0.00496456443981982,0.00230335144621461,0.00267927095436726,0.000426180597705851
0.0309123062274625,-0.00839375061537514,0.0344885993193988,-0.0287475031594855,0.00611754678115519,-0.0134904364395933,0.0156349076730501,-0.0177355995283344,-0.0149382040573249,-0.0114827963775033
-0.0224039735222787,0.0155917772364739,-0.0128148814557638,0.00611754678115519,-0.00383344746823102,0.0194985759677196,0.00170591121150415,-0.00843124426284836,-0.00494167366296451,-0.0118915529455353
-0.0197364189338637,-0.0244056102171026,-0.000307069125444832,-0.0134904364395933,0.0194985759677196,-0.0244136244568727,-0.0176564049337965,0.0136645961180106,-0.000411736725099076,-0.00171589712570207
0.00160114325627575,0.0219593432615884,-0.00496456443981982,0.0156349076730501,0.00170591121150415,-0.0176564049337965,0.0511366448130904,-0.0362996446516258,0.00409164640386503,-0.0181902558483661
-0.010165451080288,8.42146290838744e-06,0.00230335144621461,-0.0177355995283344,-0.00843124426284836,0.0136645961180106,-0.0362996446516258,0.0339080310843229,-0.00425984269391373,0.00565365790007613
0.00518225046399774,0.0138844967879907,0.00267927095436726,-0.0149382040573249,-0.00494167366296451,-0.000411736725099076,0.00409164640386503,-0.00425984269391373,-0.0754677394339139,0.00322106940646793
0.00903966010583617,-0.0149546901027421,0.000426180597705851,-0.0114827963775033,-0.0118915529455353,-0.00171589712570207,-0.0181902558483661,0.00565365790007613,0.00322106940646793,-0.00517739033570721
