"V1","V2","V3","V4","V5","V6","V7","V8","V9","V10"
-0.0120813095643905,0.0107537094137818,0.00470473642724864,-0.0160883418538703,0.0230856398672336,0.00759778350143375,-0.000208396063177222,0.0130564418869394,-0.0114242749070001,-0.0308650258525026
0.0107537094137818,-0.0300228935447457,-0.0104721417033994,0.00495708500206442,-0.0329847225006557,0.0316333321000519,0.0106307614591757,0.00161489946509908,0.0113685474756682,0.0132916103458993
0.00470473642724864,-0.0104721417033994,-0.0221719360558197,0.0113098807957835,0.00362175350323127,0.00502047147548176,0.0254448965370687,-0.00953608697445804,-0.00570109961622017,0.013566685361325
-0.0160883418538703,0.00495708500206442,0.0113098807957835,-0.00758840898346249,0.0137509818314099,0.017765421633769,-0.0150215290708383,0.00706576640320456,-0.0301953378933957,0.00982190161395667
0.0230856398672336,-0.0329847225006557,0.00362175350323127,0.0137509818314099,0.00265523459306571,0.0136614741697119,0.00171131502391158,-0.00397440503721742,0.0343572326231746,0.0144069789434354
0.00759778350143375,0.0316333321000519,0.00502047147548176,0.017765421633769,0.0136614741697119,-0.0194011280148839,-0.00774664940935658,-0.0175835808196007,-0.0195542821699261,0.0231819486322579
-0.000208396063177222,0.0106307614591757,0.0254448965370687,-0.0150215290708383,0.00171131502391158,-0.00774664940935658,-0.0211674407865818,-0.0158332603079011,0.0140127431747946,-0.0192215806451165
0.0130564418869394,0.00161489946509908,-0.00953608697445804,0.00706576640320456,-0.00397440503721742,-0.0175835808196007,-0.0158332603079011,-0.0406172594800825,-0.030476498045663,0.00425818699106351
-0.0114242749070001,0.0113685474756682,-0.00570109961622017,-0.0301953378933957,0.0343572326231746,-0.0195542821699261,0.0140127431747946,-0.030476498045663,-0.00830659907958924,0.00572186214147144
-0.0308650258525026,0.0132916103458993,0.013566685361325,0.00982190161395667,0.0144069789434354,0.0231819486322579,-0.0192215806451165,0.00425818699106351,0.00572186214147144,0.01972864517144
