"V1","V2","V3","V4","V5","V6","V7","V8","V9","V10"
-0.00342883635658764,-0.0128068169786196,0.00418972800113225,0.0175671600466317,0.012291181235107,-0.0118929722562516,0.00620952897092402,0.0340377314962964,-0.00359465025664323,-0.0122395890016188
-0.0128068169786196,0.0189947637910319,0.0374886449119173,0.0125995498066066,-0.00744707086357411,0.0202122835439242,-0.0240678040228736,-0.0194383428146979,-0.0230725663743006,-0.00627550914935032
0.00418972800113225,0.0374886449119173,0.0171861073713381,-0.00334958997928235,0.0243505473388269,-0.000765941735715631,-0.0241420136436839,0.0283469076505795,-0.00142529669118915,-0.00368741056101925
0.0175671600466317,0.0125995498066066,-0.00334958997928235,-0.0129555824891752,0.0104390064329381,-0.0136220845498754,0.000123865016334315,-0.0134161172460286,-0.000866736513583357,-0.0111823472895091
0.012291181235107,-0.00744707086357411,0.0243505473388269,0.0104390064329381,-0.0207664359309386,-0.0172274699947539,0.0221631781094829,0.00431602330755205,0.00957446862045904,-0.00849290401895625
-0.0118929722562516,0.0202122835439242,-0.000765941735715631,-0.0136220845498754,-0.0172274699947539,-0.0381821346410246,-0.00703434710667211,-0.0329436212858609,-0.0035239323285391,-0.0273739418357451
0.00620952897092402,-0.0240678040228736,-0.0241420136436839,0.000123865016334315,0.0221631781094829,-0.00703434710667211,-0.0249948815437224,0.00907804071155899,0.0109360873018546,0.00144400522340053
0.0340377314962964,-0.0194383428146979,0.0283469076505795,-0.0134161172460286,0.00431602330755205,-0.0329436212858609,0.00907804071155899,-0.00238568493885016,0.0157501276053218,0.00803427963187131
-0.00359465025664323,-0.0230725663743006,-0.00142529669118915,-0.000866736513583357,0.00957446862045904,-0.0035239323285391,0.0109360873018546,0.0157501276053218,0.00150117930100167,0.0115035389448774
-0.0122395890016188,-0.00627550914935032,-0.00368741056101925,-0.0111823472895091,-0.00849290401895625,-0.0273739418357451,0.00144400522340053,0.00803427963187131,0.0115035389448774,0.0111302366138951
