"V1","V2","V3","V4","V5","V6","V7","V8","V9","V10"
0.0424812890099035,-0.00121203641726789,-0.00554234287145993,-0.0288156036861453,-0.00210828313986434,0.023922682774763,-0.00374963646578541,0.00914068995436299,-0.0167486415306088,0.0230416683083031
-0.00121203641726789,-0.00483160662418913,6.56748665787743e-05,-0.0309396803338,0.00758583211012896,0.00178987632188008,-0.0229962068713665,-0.0324443293930239,-0.0130549261993594,0.00725283712897689
-0.00554234287145993,6.56748665787743e-05,-0.0164218176618119,0.0212594505039184,-0.00175972189057239,-0.00938079492258059,0.00528344912847887,0.00677266141212262,0.0263992729145774,0.000231809577463056
-0.0288156036861453,-0.0309396803338,0.0212594505039184,-0.00286474330259165,0.00645046915519404,0.0283318538378941,-0.00772686915817093,-0.0192540664690102,0.0281900946761331,0.0148071320734209
-0.00210828313986434,0.00758583211012896,-0.00175972189057239,0.00645046915519404,-0.0351895257587973,-0.020962143583612,-0.0137914855530209,-0.00670237303994459,0.00344654514669358,0.0101534410867856
0.023922682774763,0.00178987632188008,-0.00938079492258059,0.0283318538378941,-0.020962143583612,0.00649763281527696,0.0359670011142133,0.0114217698524939,0.00263025845250793,-0.0373809614350034
-0.00374963646578541,-0.0229962068713665,0.00528344912847887,-0.00772686915817093,-0.0137914855530209,0.0359670011142133,0.0062131292029264,-0.0216018417807241,0.0252985680302829,0.00617812702434294
0.00914068995436299,-0.0324443293930239,0.00677266141212262,-0.0192540664690102,-0.00670237303994459,0.0114217698524939,-0.0216018417807241,-0.0164323207125641,0.0166849483247968,-0.0288228828300632
-0.0167486415306088,-0.0130549261993594,0.0263992729145774,0.0281900946761331,0.00344654514669358,0.00263025845250793,0.0252985680302829,0.0166849483247968,0.00745314646367101,0.00975547587594541
0.0230416683083031,0.00725283712897689,0.000231809577463056,0.0148071320734209,0.0101534410867856,-0.0373809614350034,0.00617812702434294,-0.0288228828300632,0.00975547587594541,0.0106233378487829
