"V1","V2","V3","V4","V5","V6","V7","V8","V9","V10"
0.0435898010358068,-0.00362860011904026,0.0201767368924057,0.0114296526539493,-0.00906689795541008,0.0220521277270547,-0.00562023680797343,0.0239888201841668,-0.00959039754950195,0.0240029549165417
-0.00362860011904026,-0.00435549870440131,-0.00812554564525274,0.0212449090472586,0.00336865738983155,0.00517219954698068,0.00653693789286009,-0.00833692377495684,-0.00050100923776295,-0.0438357039474688
0.0201767368924057,-0.00812554564525274,-0.00878967237882167,-0.0151577343772137,-0.0103944806922381,0.00410096350229056,0.016067933037101,0.0129053741710724,0.00601099042311954,0.0126660548065738
0.0114296526539493,0.0212449090472586,-0.0151577343772137,-0.0395845709547972,0.0164027352881916,0.00429008504283192,-0.00420412134610382,0.00268027798857957,-0.0189167267342746,-0.0257755675856148
-0.00906689795541008,0.00336865738983155,-0.0103944806922381,0.0164027352881916,-0.0132209106606413,-0.00705838360215692,0.014829828677076,0.0111632128556474,-0.00880160022479393,0.0161989486649851
0.0220521277270547,0.00517219954698068,0.00410096350229056,0.00429008504283192,-0.00705838360215692,0.00133146703148506,0.0366712218407302,0.00852327404623451,0.00597678868734623,-0.0088648483285238
-0.00562023680797343,0.00653693789286009,0.016067933037101,-0.00420412134610382,0.014829828677076,0.0366712218407302,-0.00397501688941144,0.0210133436383199,0.0218874496184414,0.0410096271204278
0.0239888201841668,-0.00833692377495684,0.0129053741710724,0.00268027798857957,0.0111632128556474,0.00852327404623451,0.0210133436383199,-2.36568512679725e-05,-0.0141187265462888,0.00428620212260203
-0.00959039754950195,-0.00050100923776295,0.00601099042311954,-0.0189167267342746,-0.00880160022479393,0.00597678868734623,0.0218874496184414,-0.0141187265462888,-0.0314499093483792,-0.00731823260219493
0.0240029549165417,-0.0438357039474688,0.0126660548065738,-0.0257755675856148,0.0161989486649851,-0.0088648483285238,0.0410096271204278,0.00428620212260203,-0.00731823260219493,-0.0263882434599934
