"V1","V2","V3","V4","V5","V6","V7","V8","V9","V10"
-0.0119789442124367,-0.0139355413847802,0.0170215088857441,-0.00121008170028292,0.0201086640023843,-0.00441200679212796,-0.0137289369341104,0.00658927890561603,-0.00321097249438301,-0.0135727385611889
-0.0139355413847802,0.02300018887219,-0.0391337657575327,-0.0227528522911365,-0.0333476613277844,0.0266406852002445,-0.00142394961550669,-0.0294574991441181,-0.0275277231295527,-0.00215644222692397
0.0170215088857441,-0.0391337657575327,-0.0212068092235676,0.0211932894245567,-0.0131834315707405,-0.00405778318353473,0.00543519482552364,0.0200104028209896,0.00745073276476216,-0.00823691598642239
-0.00121008170028292,-0.0227528522911365,0.0211932894245567,0.0263732098508683,0.0126905470277854,0.00524600086553735,-0.00926056243900627,0.0158554023337574,0.00378723340055453,0.0140167784611392
0.0201086640023843,-0.0333476613277844,-0.0131834315707405,0.0126905470277854,0.00213561496839347,0.00695124507728771,0.0095950729341906,0.0240733909403776,-0.0151959768323999,-0.00668195516682901
-0.00441200679212796,0.0266406852002445,-0.00405778318353473,0.00524600086553735,0.00695124507728771,-0.028986084536357,-0.0119481827905603,-0.00192281040870329,0.04853997758571,-0.00780506231116474
-0.0137289369341104,-0.00142394961550669,0.00543519482552364,-0.00926056243900627,0.0095950729341906,-0.0119481827905603,-0.00602085711120988,-0.0236873087082577,0.0301771843064317,0.0131345287281535
0.00658927890561603,-0.0294574991441181,0.0200104028209896,0.0158554023337574,0.0240733909403776,-0.00192281040870329,-0.0236873087082577,0.0153450285659977,0.00148317985300793,0.00220745562971357
-0.00321097249438301,-0.0275277231295527,0.00745073276476216,0.00378723340055453,-0.0151959768323999,0.04853997758571,0.0301771843064317,0.00148317985300793,-0.00636940656549641,-0.0163583575553581
-0.0135727385611889,-0.00215644222692397,-0.00823691598642239,0.0140167784611392,-0.00668195516682901,-0.00780506231116474,0.0131345287281535,0.00220745562971357,-0.0163583575553581,-0.0506762944022237
