"V1","V2","V3","V4","V5","V6","V7","V8","V9","V10"
-0.0337166657079421,-0.0180132982322246,-0.0482518856261255,-0.0228617432587513,-0.0303414068038753,-0.0278757674412218,-0.0039059798998545,0.0135571857226209,-0.0246189477809827,-0.0224025426445749
-0.0180132982322246,0.0656856524658098,-0.0207781692332198,0.0121438960583109,0.0556710912817956,-0.00477714313355135,0.0163231220548153,-0.044967298554457,-0.00858354121679886,-0.0144176677204816
-0.0482518856261255,-0.0207781692332198,0.0161515628635713,-0.0246968463956489,0.0224011343525545,0.0130845045348794,-0.0225459231219047,-0.0230113695610261,0.0172435526359332,0.0274886861001287
-0.0228617432587513,0.0121438960583109,-0.0246968463956489,0.0169510701119024,-0.00640365159054903,0.0240744427415829,0.0171026201750347,0.013726481505655,-0.00534430265741226,-0.0142803144663744
-0.0303414068038753,0.0556710912817956,0.0224011343525545,-0.00640365159054903,-0.0388033788284126,-0.00173870862296978,0.00319475996764779,-0.00576488804310297,0.0031151080858298,0.0167544875747422
-0.0278757674412218,-0.00477714313355135,0.0130845045348794,0.0240744427415829,-0.00173870862296978,0.00761559971669183,-0.000380161928814239,0.0182682859084694,0.00617281697821831,0.00307186941575691
-0.0039059798998545,0.0163231220548153,-0.0225459231219047,0.0171026201750347,0.00319475996764779,-0.000380161928814239,-0.0144478409387668,-0.0180002544397861,0.00130743681556461,-0.0246192055845002
0.0135571857226209,-0.044967298554457,-0.0230113695610261,0.013726481505655,-0.00576488804310297,0.0182682859084694,-0.0180002544397861,0.00319859181690698,0.0220550722854674,-0.0349072064813637
-0.0246189477809827,-0.00858354121679886,0.0172435526359332,-0.00534430265741226,0.0031151080858298,0.00617281697821831,0.00130743681556461,0.0220550722854674,0.0296371093444614,0.00515586988061316
-0.0224025426445749,-0.0144176677204816,0.0274886861001287,-0.0142803144663744,0.0167544875747422,0.00307186941575691,-0.0246192055845002,-0.0349072064813637,0.00515586988061316,0.0324411816106215
