"V1","V2","V3","V4","V5","V6","V7","V8","V9","V10"
0.0016407698116264,-0.0149786477068173,0.00241320172532825,-0.036629951836315,-0.0206765300471311,-0.0224061957073621,-0.00765774260611002,-0.00718122626440927,0.000582538672213814,-0.0408533525242444
-0.0149786477068173,0.01514427173118,0.0264214389327948,0.00490442296034194,0.00424260334240198,0.00304769171202636,0.00434289788076423,-0.0213596589827825,0.0133626181460538,0.00477696948992774
0.00241320172532825,0.0264214389327948,-0.00330180454413518,-0.0285170612938972,-0.0105385169839561,-0.0127856358773671,0.00205743570490557,-7.95928304746611e-05,0.0227716970260905,0.000879528037725071
-0.036629951836315,0.00490442296034194,-0.0285170612938972,0.00575552574479297,0.006909897396389,0.0220224609427657,0.0223438981146993,-0.00101549351998964,-0.00734876469516869,0.005001270214758
-0.0206765300471311,0.00424260334240198,-0.0105385169839561,0.006909897396389,-0.0272639452608401,-0.0124054247784465,-0.0054035348451308,0.00166951695397669,-0.0001104182625802,0.00741653711391476
-0.0224061957073621,0.00304769171202636,-0.0127856358773671,0.0220224609427657,-0.0124054247784465,-0.0200275087270753,0.00878250114916259,0.00182889990058357,-0.00102387428546282,-0.00219510455202639
-0.00765774260611002,0.00434289788076423,0.00205743570490557,0.0223438981146993,-0.0054035348451308,0.00878250114916259,0.00177985138613117,0.00846555386780424,-0.00996260396113778,0.00672495708806223
-0.00718122626440927,-0.0213596589827825,-7.95928304746611e-05,-0.00101549351998964,0.00166951695397669,0.00182889990058357,0.00846555386780424,-0.00190649413215871,-0.0103341954173211,0.00314497540269193
0.000582538672213814,0.0133626181460538,0.0227716970260905,-0.00734876469516869,-0.0001104182625802,-0.00102387428546282,-0.00996260396113778,-0.0103341954173211,-0.00489526030386997,-0.0104004375324373
-0.0408533525242444,0.00477696948992774,0.000879528037725071,0.005001270214758,0.00741653711391476,-0.00219510455202639,0.00672495708806223,0.00314497540269193,-0.0104004375324373,0.000329602330313516
