"V1","V2","V3","V4","V5","V6","V7","V8","V9","V10"
-0.0036475776917253,0.0102099110674801,0.00779168229390208,-0.00337548735228436,-0.02070115613472,-0.000283670731834452,-0.0300499781283397,-0.00688344780011966,-0.00483759625290311,-0.0383585094749921
0.0102099110674801,0.0155715729809389,0.00848186413373017,0.0183153181023547,0.00649862390370153,0.00927820288936672,0.0103950360150845,0.031136680511011,-0.000999503810130627,-0.00149273349304618
0.00779168229390208,0.00848186413373017,-0.0278630586058711,0.00637311691367355,-0.0181237151254579,-0.0171941500908417,-0.0200935744784497,-0.0308620435436686,0.00572230174815591,0.013643669308735
-0.00337548735228436,0.0183153181023547,0.00637311691367355,-0.0482098349228171,-0.00359059611373801,-0.0145305850709615,-0.00133851404431545,-0.000389424608793348,0.00614723023791452,-0.0220824530700891
-0.02070115613472,0.00649862390370153,-0.0181237151254579,-0.00359059611373801,0.00884261174220775,-0.00891727177528925,-0.0111415680735922,-0.0418972153526307,-0.00151708097151966,-0.0205667920506322
-0.000283670731834452,0.00927820288936672,-0.0171941500908417,-0.0145305850709615,-0.00891727177528925,-0.00497279214713107,0.00833341029691657,0.018886432960231,-0.00929180290447947,0.0223918346616067
-0.0300499781283397,0.0103950360150845,-0.0200935744784497,-0.00133851404431545,-0.0111415680735922,0.00833341029691657,0.0219171087519792,0.0155609316614626,0.0157338208922297,-0.0258401835885836
-0.00688344780011966,0.031136680511011,-0.0308620435436686,-0.000389424608793348,-0.0418972153526307,0.018886432960231,0.0155609316614626,-0.00842526173812332,-0.00405479303035403,0.00160249994248205
-0.00483759625290311,-0.000999503810130627,0.00572230174815591,0.00614723023791452,-0.00151708097151966,-0.00929180290447947,0.0157338208922297,-0.00405479303035403,-0.0138765310275928,0.0154207240049892
-0.0383585094749921,-0.00149273349304618,0.013643669308735,-0.0220824530700891,-0.0205667920506322,0.0223918346616067,-0.0258401835885836,0.00160249994248205,0.0154207240049892,0.0439170491829978
