"V1","V2","V3","V4","V5","V6","V7","V8","V9","V10"
0.0413425228192504,0.00909363537225788,-0.00687275259397675,-0.0218473569626871,0.0131337146984084,0.0232872943584232,-0.00156160749285437,0.0119297826984203,-0.00260496649136086,-0.0162578346825442
0.00909363537225788,-0.0175048839152059,-0.00295041994573684,-0.0120147309747253,-0.0193165732267838,0.0123956777590239,-0.0111608041990586,-0.0211640348001151,0.0424016067074299,-0.0242518299963009
-0.00687275259397675,-0.00295041994573684,-0.0133065332440017,0.00227014061086946,-0.00632485515684604,0.00914392661059455,-0.0276334035444248,-0.00132864804020773,-0.0196727711416686,0.0020471646730408
-0.0218473569626871,-0.0120147309747253,0.00227014061086946,0.0109751275106308,-0.000153992998540802,0.0142439412293877,0.00940894211059333,-0.0134285143625555,-0.0309581529200472,0.0110430575725271
0.0131337146984084,-0.0193165732267838,-0.00632485515684604,-0.000153992998540802,-0.0140448449264726,-0.00864604765353282,0.00284347819367885,-0.00193161830993278,-0.0177519224722609,-0.0177390795464796
0.0232872943584232,0.0123956777590239,0.00914392661059455,0.0142439412293877,-0.00864604765353282,0.0327408773789911,-0.0105529931024236,-0.0384981860901125,0.0163545675017338,-0.0186565813040257
-0.00156160749285437,-0.0111608041990586,-0.0276334035444248,0.00940894211059333,0.00284347819367885,-0.0105529931024236,-0.0402294252999605,0.0289604350448566,0.0314404200281126,0.00107136055085645
0.0119297826984203,-0.0211640348001151,-0.00132864804020773,-0.0134285143625555,-0.00193161830993278,-0.0384981860901125,0.0289604350448566,-0.00419370610701213,-0.0192842182926246,0.0155883968570384
-0.00260496649136086,0.0424016067074299,-0.0196727711416686,-0.0309581529200472,-0.0177519224722609,0.0163545675017338,0.0314404200281126,-0.0192842182926246,0.01093647099438,-0.0163402519289457
-0.0162578346825442,-0.0242518299963009,0.0020471646730408,0.0110430575725271,-0.0177390795464796,-0.0186565813040257,0.00107136055085645,0.0155883968570384,-0.0163402519289457,0.0201528743925554
