"V1","V2","V3","V4","V5","V6","V7","V8","V9","V10"
-0.0189096554758941,-0.0120223550954313,0.0429109350661008,0.00133433432915069,0.00816764059160205,-0.0296762527126735,0.00432521366762506,0.00222593615715625,0.00159210659936478,0.00845267636975735
-0.0120223550954313,0.0580378117474548,-0.000972121849279756,0.0196486316718207,-0.0172854127234892,0.00748451765345539,-0.0174129651761733,0.00543288798539109,0.0291637840105351,-0.0082447801258924
0.0429109350661008,-0.000972121849279756,-0.0295575643519142,0.00976625439719833,-0.00361371063641335,-0.0151289862268945,0.00218644964781951,-0.00611912120500733,0.0144023065480255,0.0150580861622813
0.00133433432915069,0.0196486316718207,0.00976625439719833,-0.0198083839179113,-0.0259012821462484,0.0204967053732007,-0.00856496973191622,0.00719472368281863,0.0177796443845948,0.0231564956351405
0.00816764059160205,-0.0172854127234892,-0.00361371063641335,-0.0259012821462484,0.0466975363318943,0.0243094678164627,-0.0357494332096463,-0.0110185703052606,0.0223741903690749,-0.00448236605644422
-0.0296762527126735,0.00748451765345539,-0.0151289862268945,0.0204967053732007,0.0243094678164627,-0.0149830956384474,-0.0359927994910819,-0.0140739020635271,-0.00451456943014097,-0.0107692250005564
0.00432521366762506,-0.0174129651761733,0.00218644964781951,-0.00856496973191622,-0.0357494332096463,-0.0359927994910819,-8.68162147313889e-06,0.00568313871623582,-0.0200366247996989,-0.00213914482246651
0.00222593615715625,0.00543288798539109,-0.00611912120500733,0.00719472368281863,-0.0110185703052606,-0.0140739020635271,0.00568313871623582,-0.000541874433681211,0.003728614042861,-0.0240200460028363
0.00159210659936478,0.0291637840105351,0.0144023065480255,0.0177796443845948,0.0223741903690749,-0.00451456943014097,-0.0200366247996989,0.003728614042861,-0.0321128990422245,-0.0150661101196122
0.00845267636975735,-0.0082447801258924,0.0150580861622813,0.0231564956351405,-0.00448236605644422,-0.0107692250005564,-0.00213914482246651,-0.0240200460028363,-0.0150661101196122,0.0202684502457533
