"V1","V2","V3","V4","V5","V6","V7","V8","V9","V10"
0.0358988346270079,0.0174415966338458,0.0177360460864415,-0.00247764433861415,0.0326693355858136,0.00732242581232008,-0.00473560396248171,-0.0202022848425154,0.0118694642542303,-0.0226511183712902
0.0174415966338458,0.0164310779590961,-0.00717834407640604,0.000146396657798967,-0.0170749317544366,-0.028148448019605,0.0252881118224992,-0.00357435197007341,-0.0217107129286922,0.00506932073702704
0.0177360460864415,-0.00717834407640604,-0.0189716897279094,-0.00513895025319694,-0.00639276620071111,-0.000302436642793374,0.00852366555225987,-0.0231687324628612,-0.00232549131642057,-0.0363125862251466
-0.00247764433861415,0.000146396657798967,-0.00513895025319694,0.03357953360025,-0.0155776604357083,-0.00210153126014231,-0.00651146611565034,0.0270977710777462,0.00984807632022693,-0.00212311529036417
0.0326693355858136,-0.0170749317544366,-0.00639276620071111,-0.0155776604357083,0.0241084291092288,0.00056646024549495,-0.00434096799412976,0.0142059713976869,-0.0258547553317964,-0.0153948951797671
0.00732242581232008,-0.028148448019605,-0.000302436642793374,-0.00210153126014231,0.00056646024549495,-0.0200026531349031,0.0213928554558015,-0.0194564563807953,0.0130608590956534,0.00283730411461224
-0.00473560396248171,0.0252881118224992,0.00852366555225987,-0.00651146611565034,-0.00434096799412976,0.0213928554558015,0.037882708012436,0.018066765311051,-0.0111621647908807,0.0177542721789238
-0.0202022848425154,-0.00357435197007341,-0.0231687324628612,0.0270977710777462,0.0142059713976869,-0.0194564563807953,0.018066765311051,-0.0185861196310615,0.00288874272896604,0.0130306840941155
0.0118694642542303,-0.0217107129286922,-0.00232549131642057,0.00984807632022693,-0.0258547553317964,0.0130608590956534,-0.0111621647908807,0.00288874272896604,0.00881283184266637,-0.00458630141300303
-0.0226511183712902,0.00506932073702704,-0.0363125862251466,-0.00212311529036417,-0.0153948951797671,0.00283730411461224,0.0177542721789238,0.0130306840941155,-0.00458630141300303,0.0294970309529427
