"V1","V2","V3","V4","V5","V6","V7","V8","V9","V10"
-0.0163394993724801,0.0064449361437689,0.0104511766516946,-0.0151096374335338,-0.00470725711536044,0.0121111879535669,-0.0312297731682435,6.30132284687595e-05,-0.0272619777733769,0.00901472802712997
0.0064449361437689,0.0476509148078798,-0.0267846870890862,-0.00373059116612828,0.00907518054749325,0.0232513194873518,0.00291289441643293,-0.00863756155028609,0.0109623443741012,-0.00249873556000066
0.0104511766516946,-0.0267846870890862,0.00195358607356515,0.0201548204150711,0.0105676171831466,0.00797138890843421,0.0107924109656666,-0.0136407028030034,-0.00423135471414621,0.00559837400872391
-0.0151096374335338,-0.00373059116612828,0.0201548204150711,0.00845510466327704,0.0164032871560589,0.0237057667882836,0.00512633338799568,-0.0223777959841775,0.00808798274416707,-0.00808633015563963
-0.00470725711536044,0.00907518054749325,0.0105676171831466,0.0164032871560589,0.0166235015208998,0.0144564849442344,0.0114669106431706,-0.00753847454025499,0.00787032300960161,0.0215245085235482
0.0121111879535669,0.0232513194873518,0.00797138890843421,0.0237057667882836,0.0144564849442344,0.0235296954065267,-0.0050337316382609,0.00313498854251192,-0.0206691957131894,0.00881258988146976
-0.0312297731682435,0.00291289441643293,0.0107924109656666,0.00512633338799568,0.0114669106431706,-0.0050337316382609,0.00732572168859247,0.0318306169179113,-0.0126652957690878,0.00333435869345683
6.30132284687595e-05,-0.00863756155028609,-0.0136407028030034,-0.0223777959841775,-0.00753847454025499,0.00313498854251192,0.0318306169179113,-0.00642339105771472,-0.000351021474981839,0.0127431262731607
-0.0272619777733769,0.0109623443741012,-0.00423135471414621,0.00808798274416707,0.00787032300960161,-0.0206691957131894,-0.0126652957690878,-0.000351021474981839,0.0211172378493244,-0.00298745905674364
0.00901472802712997,-0.00249873556000066,0.00559837400872391,-0.00808633015563963,0.0215245085235482,0.00881258988146976,0.00333435869345683,0.0127431262731607,-0.00298745905674364,-0.0246903579495793
