"V1","V2","V3","V4","V5","V6","V7","V8","V9","V10"
-0.0145222634991316,-0.011188117873771,0.0215341659973535,0.0106224751113162,-0.0205790782528156,-0.00128611074715147,0.0080420888493616,0.0030776512205485,0.0081198257169126,-0.0385011568439484
-0.011188117873771,0.0390146246781734,0.0235823692966804,0.0101561941846984,-0.00542394637477806,-0.0109874130503335,0.0299507098482743,-0.0412297160598444,-0.0148013071721473,0.0296266221034899
0.0215341659973535,0.0235823692966804,-0.00129334764386813,-0.00223667394534485,0.00358424178240731,-0.000518668348884532,0.028290022021059,0.0081017193221913,0.00327485859187585,-0.0269069315409084
0.0106224751113162,0.0101561941846984,-0.00223667394534485,0.0271772727782887,-0.0167297767755348,0.0247685424636477,0.00427398559578029,0.00995050507264234,0.0453689945800838,0.00301291756727759
-0.0205790782528156,-0.00542394637477806,0.00358424178240731,-0.0167297767755348,-0.00536496001521227,0.0192516689129448,0.0063133591624969,0.0162067157750398,-0.0111793982781337,0.00138297538508431
-0.00128611074715147,-0.0109874130503335,-0.000518668348884532,0.0247685424636477,0.0192516689129448,-0.0131810062823043,-0.00754396767920774,0.00403067761536282,0.00923377026639109,-0.00657574926522862
0.0080420888493616,0.0299507098482743,0.028290022021059,0.00427398559578029,0.0063133591624969,-0.00754396767920774,-0.011723615427301,-0.0236503143994271,0.0138807411468468,0.0134962343560834
0.0030776512205485,-0.0412297160598444,0.0081017193221913,0.00995050507264234,0.0162067157750398,0.00403067761536282,-0.0236503143994271,-0.021604934652396,0.019426584775014,-0.00363869873763541
0.0081198257169126,-0.0148013071721473,0.00327485859187585,0.0453689945800838,-0.0111793982781337,0.00923377026639109,0.0138807411468468,0.019426584775014,-0.0412707875889822,-5.33441897939753e-05
-0.0385011568439484,0.0296266221034899,-0.0269069315409084,0.00301291756727759,0.00138297538508431,-0.00657574926522862,0.0134962343560834,-0.00363869873763541,-5.33441897939753e-05,0.0300567313378751
