"V1","V2","V3","V4","V5","V6","V7","V8","V9","V10"
-0.0198431834150635,0.0214649787121542,-0.0334678982910866,-0.00474006294755867,0.00907108219227893,0.00311844141905874,-0.00935010607903021,0.0177296619558116,0.0196185267890137,0.015946314559704
0.0214649787121542,-0.0148399343110571,-0.0135569224321004,0.000940194883969683,0.0204834562753171,0.00463297463811252,0.0100072710773455,0.000283715645527371,0.0168259598012369,0.0151054733016987
-0.0334678982910866,-0.0135569224321004,0.0261860699181586,-0.0165804827384318,0.0261296805368284,-0.0114418006596555,0.0107886891272772,0.0280504213243249,-0.0055866765371546,-0.00951904446489377
-0.00474006294755867,0.000940194883969683,-0.0165804827384318,-0.0125097764142608,-0.000732999952306581,0.00119220039991002,0.0124760688430293,0.0033983861740653,-0.0211950092591257,-0.0075550353436714
0.00907108219227893,0.0204834562753171,0.0261296805368284,-0.000732999952306581,0.0681018980271129,0.0343562669237753,-0.0349750748593973,-0.045284904686204,-0.00259976748149909,-0.016382888275019
0.00311844141905874,0.00463297463811252,-0.0114418006596555,0.00119220039991002,0.0343562669237753,-0.00296355144632616,0.0186067449785209,-0.0289963868212686,0.0183872662944732,-0.0176836586910857
-0.00935010607903021,0.0100072710773455,0.0107886891272772,0.0124760688430293,-0.0349750748593973,0.0186067449785209,-0.0530733236025484,-0.00906453136853839,0.00822035832089127,0.00433311543048124
0.0177296619558116,0.000283715645527371,0.0280504213243249,0.0033983861740653,-0.045284904686204,-0.0289963868212686,-0.00906453136853839,0.00447600445166121,0.023776112795289,0.000926240906720224
0.0196185267890137,0.0168259598012369,-0.0055866765371546,-0.0211950092591257,-0.00259976748149909,0.0183872662944732,0.00822035832089127,0.023776112795289,-0.0158564793213562,0.0221554489887562
0.015946314559704,0.0151054733016987,-0.00951904446489377,-0.0075550353436714,-0.016382888275019,-0.0176836586910857,0.00433311543048124,0.000926240906720224,0.0221554489887562,-0.00510892824533546
