"V1","V2","V3","V4","V5","V6","V7","V8","V9","V10"
0.0364784674802801,0.00247511506002568,-0.00480098495209877,0.0236512589680721,0.000301669389421812,0.0187802702378962,-0.0153735916913006,-0.016899308869494,0.00260101977446919,0.0217125387716276
0.00247511506002568,0.0219586036898166,0.0159856717992535,0.00874676547612675,-0.0139229202272466,0.0349835357461641,-0.00100158579306556,0.0247809258615324,0.0140638101151758,0.00288036446863368
-0.00480098495209877,0.0159856717992535,0.00337355925933596,-0.0398023478757887,0.0285401905744267,0.0291855926046086,-0.00335355533161582,-0.0247121293494401,-0.00551487074537701,-0.0104447155538626
0.0236512589680721,0.00874676547612675,-0.0398023478757887,-0.0128782531768223,-0.0117710591955676,0.0165879304538261,0.000386669936189125,0.000642379024409342,-0.00966323362652661,0.0232529267396884
0.000301669389421812,-0.0139229202272466,0.0285401905744267,-0.0117710591955676,0.00325340590459944,-0.0183177728609982,0.0101283591524826,-0.022319370559481,0.0304582023331176,-0.0073570372577457
0.0187802702378962,0.0349835357461641,0.0291855926046086,0.0165879304538261,-0.0183177728609982,0.0492155471028049,-0.00739761102483086,-0.0156941758476946,0.00404471488832002,0.0282613929927076
-0.0153735916913006,-0.00100158579306556,-0.00335355533161582,0.000386669936189125,0.0101283591524826,-0.00739761102483086,-0.0266179787446746,0.0379445443789203,0.0161809253126501,0.0055290344417718
-0.016899308869494,0.0247809258615324,-0.0247121293494401,0.000642379024409342,-0.022319370559481,-0.0156941758476946,0.0379445443789203,0.0401411006783666,0.00238700600343877,0.0312641944671486
0.00260101977446919,0.0140638101151758,-0.00551487074537701,-0.00966323362652661,0.0304582023331176,0.00404471488832002,0.0161809253126501,0.00238700600343877,-0.0150006131541101,-0.0142729345118441
0.0217125387716276,0.00288036446863368,-0.0104447155538626,0.0232529267396884,-0.0073570372577457,0.0282613929927076,0.0055290344417718,0.0312641944671486,-0.0142729345118441,-0.0324186121093044
