"V1","V2","V3","V4","V5","V6","V7","V8","V9","V10"
0.00650368249580948,0.0373878657915349,-0.00268509110818707,0.00858778977590041,0.0154587348232111,0.0228493619117522,0.0213872856201505,0.0163619810424646,0.013315059755449,-0.000597233779278253
0.0373878657915349,0.0517812971013354,0.00907040593509646,-0.00169294729954044,-0.00931058103456854,0.0126183583906034,0.0255433898675633,0.00294868352581327,0.0185911737053754,0.00219858718245923
-0.00268509110818707,0.00907040593509646,-0.0225171627095571,0.0092633446417215,-0.0293778547308241,0.000165691801953016,0.00296477250802713,-0.00832088623820966,-0.00687076860331234,-0.00745734003773726
0.00858778977590041,-0.00169294729954044,0.0092633446417215,0.0117739789734581,-0.021336168077102,0.0187695903748714,-0.0231602032278711,-0.0203209829441943,-0.00251860595570246,0.0326384156312363
0.0154587348232111,-0.00931058103456854,-0.0293778547308241,-0.021336168077102,0.0180085207229885,-0.000775789134670851,0.0203711647296261,-0.00530656578629361,-0.0112848341681452,0.0241843449698079
0.0228493619117522,0.0126183583906034,0.000165691801953016,0.0187695903748714,-0.000775789134670851,0.029112483072132,-0.00523210029713717,-0.0104387373344201,-0.00922459448750106,0.0123175558069027
0.0213872856201505,0.0255433898675633,0.00296477250802713,-0.0231602032278711,0.0203711647296261,-0.00523210029713717,0.04712296609118,0.0352063849747787,0.0249436667786887,-0.040877470707583
0.0163619810424646,0.00294868352581327,-0.00832088623820966,-0.0203209829441943,-0.00530656578629361,-0.0104387373344201,0.0352063849747787,-0.0371362974814005,-0.0196587890024679,-0.0143790051198897
0.013315059755449,0.0185911737053754,-0.00687076860331234,-0.00251860595570246,-0.0112848341681452,-0.00922459448750106,0.0249436667786887,-0.0196587890024679,0.0518616368200591,0.00296748873074461
-0.000597233779278253,0.00219858718245923,-0.00745734003773726,0.0326384156312363,0.0241843449698079,0.0123175558069027,-0.040877470707583,-0.0143790051198897,0.00296748873074461,-0.0120199019901053
