"V1","V2","V3","V4","V5","V6","V7","V8","V9","V10"
-0.0341271150933231,0.0127816221808485,-0.0150297731688357,0.00898361841194301,0.0233666016118418,0.0417941805729769,0.0318680976452898,0.00946348533048278,-0.0052841149576282,0.0162996044681509
0.0127816221808485,-0.00752708907237811,0.00770872248055941,0.00431605163709554,-0.0210722587841039,0.00365544370293486,0.0110697940891842,0.0402793298244529,0.0325293266665666,-0.000118333501927045
-0.0150297731688357,0.00770872248055941,-0.0145187847466871,0.00629872693082977,-0.00946766741443187,0.00990037560048708,-0.0110601202195669,0.0372319375144219,-0.00175458013289489,0.00111440907932346
0.00898361841194301,0.00431605163709554,0.00629872693082977,-0.00338121758512626,-0.0233175266997287,0.00465509852298912,-0.000170852253781066,0.0136729457934266,0.0154720342999171,0.00849589575688084
0.0233666016118418,-0.0210722587841039,-0.00946766741443187,-0.0233175266997287,-0.014914224124145,0.0398998165126889,0.00421647899752502,-0.0162022966433752,-0.0118253431025082,0.0109218633618843
0.0417941805729769,0.00365544370293486,0.00990037560048708,0.00465509852298912,0.0398998165126889,-0.0123228892311407,0.00325987409905341,0.00510801927885953,-0.0303542431460528,0.0229221252816895
0.0318680976452898,0.0110697940891842,-0.0110601202195669,-0.000170852253781066,0.00421647899752502,0.00325987409905341,-0.00987851161322886,0.00990855508744823,-0.0217827530372015,-0.036087145929709
0.00946348533048278,0.0402793298244529,0.0372319375144219,0.0136729457934266,-0.0162022966433752,0.00510801927885953,0.00990855508744823,-0.0116859825259987,-0.000909787337341705,0.00779098195327281
-0.0052841149576282,0.0325293266665666,-0.00175458013289489,0.0154720342999171,-0.0118253431025082,-0.0303542431460528,-0.0217827530372015,-0.000909787337341705,0.00538513283794233,0.0118257920773512
0.0162996044681509,-0.000118333501927045,0.00111440907932346,0.00849589575688084,0.0109218633618843,0.0229221252816895,-0.036087145929709,0.00779098195327281,0.0118257920773512,0.00136357291392823
