"V1","V2","V3","V4","V5","V6","V7","V8","V9","V10"
-0.00580634255344212,-0.00664034313149501,0.0134191079069821,-0.0308515280119553,0.00949521261671901,-0.0198172238521151,0.00827090314151429,-0.0177576812729782,0.0451437477403255,0.046669088655306
-0.00664034313149501,0.0100013656197478,-0.0105703777956789,0.0150951285860882,-0.0151973050773535,0.00534920762396863,-0.00522780629109728,0.0183520308907276,-0.0354850324122849,0.0150954400362725
0.0134191079069821,-0.0105703777956789,0.0106421984933173,0.00709606889030194,-0.0139309926580464,-0.0154972740617417,0.0298540121586091,0.00800962542130661,0.0348279593125852,0.012635784787988
-0.0308515280119553,0.0150951285860882,0.00709606889030194,-0.0247850200836326,0.00824325020324047,-0.00484173800807278,0.00830502154955284,-0.0055026635226952,-0.0303256967168145,-0.0117193730861035
0.00949521261671901,-0.0151973050773535,-0.0139309926580464,0.00824325020324047,0.014443212543103,-0.0155698295459333,0.0175104034219935,0.0136600314105461,0.00732298129151785,-0.0335946804484143
-0.0198172238521151,0.00534920762396863,-0.0154972740617417,-0.00484173800807278,-0.0155698295459333,0.0198178996115494,-0.0160976549684596,-0.0458069032315097,-0.00845547650296409,-0.0244423435982613
0.00827090314151429,-0.00522780629109728,0.0298540121586091,0.00830502154955284,0.0175104034219935,-0.0160976549684596,0.0378200592709175,-0.0146444288765551,0.0492605293251088,-0.0100155398265237
-0.0177576812729782,0.0183520308907276,0.00800962542130661,-0.0055026635226952,0.0136600314105461,-0.0458069032315097,-0.0146444288765551,-0.0109227645154994,0.00196449543990885,-0.0185695221723299
0.0451437477403255,-0.0354850324122849,0.0348279593125852,-0.0303256967168145,0.00732298129151785,-0.00845547650296409,0.0492605293251088,0.00196449543990885,0.026281996804774,-0.0143530774667242
0.046669088655306,0.0150954400362725,0.012635784787988,-0.0117193730861035,-0.0335946804484143,-0.0244423435982613,-0.0100155398265237,-0.0185695221723299,-0.0143530774667242,0.0554066670214284
