"V1","V2","V3","V4","V5","V6","V7","V8","V9","V10"
-0.0202390223013973,-0.00115961335073529,-0.0126141561614178,0.0223112731466046,-0.0239206990408097,-0.0083199798436364,-0.00387696438663094,-0.00536376835873729,-0.0188406492152824,0.0144314477356433
-0.00115961335073529,0.0190809814645881,0.0142033795323207,0.0127537700345212,-0.0238643419526333,0.00291130765724066,-0.00201292947748002,0.0214631724006514,-0.0276346606287435,-0.00460711112755416
-0.0126141561614178,0.0142033795323207,0.0220734267911809,0.0108889954368238,-0.00898523571545427,-0.000365924301321874,0.0161434153000451,0.00992080946890956,-0.025798504436246,0.0274217459182691
0.0223112731466046,0.0127537700345212,0.0108889954368238,-0.00318328411029198,-0.00210720212151737,-0.0151346822346314,0.0473134112861323,0.0303509539907504,-0.0112721059822534,-0.00922578815153019
-0.0239206990408097,-0.0238643419526333,-0.00898523571545427,-0.00210720212151737,0.00753429931588641,-0.0131253902184315,-0.0189364565672373,-0.00182967221161253,-0.0163777439855124,-0.0115695698298322
-0.0083199798436364,0.00291130765724066,-0.000365924301321874,-0.0151346822346314,-0.0131253902184315,0.0382991348493214,-0.00186852333466732,-0.00703664098064602,0.0110795083065506,-0.00577683484529052
-0.00387696438663094,-0.00201292947748002,0.0161434153000451,0.0473134112861323,-0.0189364565672373,-0.00186852333466732,-0.0203571333324434,-0.00820285636571844,0.00326166457676006,-0.00736975261740936
-0.00536376835873729,0.0214631724006514,0.00992080946890956,0.0303509539907504,-0.00182967221161253,-0.00703664098064602,-0.00820285636571844,0.0111827851386615,0.0121317106016736,-0.00327086711496685
-0.0188406492152824,-0.0276346606287435,-0.025798504436246,-0.0112721059822534,-0.0163777439855124,0.0110795083065506,0.00326166457676006,0.0121317106016736,-0.00442354438970824,-0.00833182390843053
0.0144314477356433,-0.00460711112755416,0.0274217459182691,-0.00922578815153019,-0.0115695698298322,-0.00577683484529052,-0.00736975261740936,-0.00327086711496685,-0.00833182390843053,-0.00399153130705785
