"V1","V2","V3","V4","V5","V6","V7","V8","V9","V10"
-0.0391945444876662,0.0055095955653522,-0.0416512813575139,-0.00274528832709737,-0.00827106470465324,0.0344505040941859,0.00541823293148329,0.0225126769925716,0.00319097715553608,0.0132654858831122
0.0055095955653522,-0.0045854395600974,-0.0118237417488973,-0.0117073962719722,0.0193454910850504,-0.00441750264250174,0.0122060415808818,0.0106841975585212,0.0109521155007282,0.000190852556029107
-0.0416512813575139,-0.0118237417488973,0.0117545852891838,0.00922441679526592,-0.0253473780531755,0.0110630734137751,0.00787890225097606,-0.0176461781637817,-0.00922074494440046,-0.0205092978047327
-0.00274528832709737,-0.0117073962719722,0.00922441679526592,0.0154013707455158,-0.020598160720847,0.0230299062393236,0.00485648102583437,-0.0158189449709224,0.000585734414902707,0.00776615684988095
-0.00827106470465324,0.0193454910850504,-0.0253473780531755,-0.020598160720847,-0.044893095732705,0.0151001634048006,-0.017018669910052,0.0272762858992156,-0.000286020935869861,0.0430875903470991
0.0344505040941859,-0.00441750264250174,0.0110630734137751,0.0230299062393236,0.0151001634048006,-0.0351622921989631,-0.000337787820679774,0.0414649165480938,-0.014173276875653,-0.0236958868866747
0.00541823293148329,0.0122060415808818,0.00787890225097606,0.00485648102583437,-0.017018669910052,-0.000337787820679774,0.00962642384068297,0.00780546470834819,0.0120276252515182,0.0145204362922779
0.0225126769925716,0.0106841975585212,-0.0176461781637817,-0.0158189449709224,0.0272762858992156,0.0414649165480938,0.00780546470834819,-0.00222838572040351,0.00221795917798125,-0.008447314220535
0.00319097715553608,0.0109521155007282,-0.00922074494440046,0.000585734414902707,-0.000286020935869861,-0.014173276875653,0.0120276252515182,0.00221795917798125,-0.00852042055177988,0.00860026828310104
0.0132654858831122,0.000190852556029107,-0.0205092978047327,0.00776615684988095,0.0430875903470991,-0.0236958868866747,0.0145204362922779,-0.008447314220535,0.00860026828310104,0.0159159764259397
