"V1","V2","V3","V4","V5","V6","V7","V8","V9","V10"
0.0166515673715674,0.0149973260458003,-0.015351849747523,-0.0042118513117075,-0.000499260326000668,0.0280034525780506,-0.00527610595119598,-0.0240242118185423,0.00853747467890389,-0.0214969063621935
0.0149973260458003,-0.00129534570526006,-0.0251788765056683,0.0234143500178844,-0.0227585330749397,0.0238735106397793,-0.00343827461404996,0.0378629302525567,-0.00220263455523311,0.0408800267633386
-0.015351849747523,-0.0251788765056683,-0.012584539011188,-0.0138627930248783,-0.0125743486923783,0.00347988521225414,-0.000635971210910285,0.0182247166207713,0.0126587394871682,-0.00215510170372888
-0.0042118513117075,0.0234143500178844,-0.0138627930248783,-0.0430121627186096,0.0134099423393791,-0.00804105496565279,0.0128789946798939,-4.05436121450192e-06,-0.0108196459623345,-0.0146393667514481
-0.000499260326000668,-0.0227585330749397,-0.0125743486923783,0.0134099423393791,0.0322284915584882,-0.0119798735744271,-0.0236223666602875,-0.0146006885812181,0.0291944639850821,-0.0137159047061494
0.0280034525780506,0.0238735106397793,0.00347988521225414,-0.00804105496565279,-0.0119798735744271,-0.00640457704918824,0.0164586728989566,-0.0267281145735632,-0.0112973281447517,0.0103892435486024
-0.00527610595119598,-0.00343827461404996,-0.000635971210910285,0.0128789946798939,-0.0236223666602875,0.0164586728989566,0.0176833113707181,-0.00503444275996805,0.00262620751975586,-0.0292126682743211
-0.0240242118185423,0.0378629302525567,0.0182247166207713,-4.05436121450192e-06,-0.0146006885812181,-0.0267281145735632,-0.00503444275996805,-0.0180706026543154,0.0213309944692182,0.0160684395897993
0.00853747467890389,-0.00220263455523311,0.0126587394871682,-0.0108196459623345,0.0291944639850821,-0.0112973281447517,0.00262620751975586,0.0213309944692182,0.0165750040331253,-0.00657454591915061
-0.0214969063621935,0.0408800267633386,-0.00215510170372888,-0.0146393667514481,-0.0137159047061494,0.0103892435486024,-0.0292126682743211,0.0160684395897993,-0.00657454591915061,0.0576256112833822
