"V1","V2","V3","V4","V5","V6","V7","V8","V9","V10"
0.00232222113291947,0.00396858529124572,-0.00731385758113863,0.022081079052819,-0.0202339770127095,-0.010145265497339,-0.00990995432998017,-0.0178086489664666,-0.0148595407977457,0.0111136201330133
0.00396858529124572,-0.00611132196165325,0.00830723197468339,-0.00519119594381921,-0.011786306561716,3.69434637774058e-05,0.00630077573646223,-0.0102289994576173,-0.0259855292213483,-0.0185788141045378
-0.00731385758113863,0.00830723197468339,-0.0214654419376564,-0.0193510804651112,-0.0532348418860794,-0.001681864471832,0.021720899803263,0.0166006872028238,-0.0070626289539284,-0.00791469734587458
0.022081079052819,-0.00519119594381921,-0.0193510804651112,0.0062702402508942,-0.0126229635878271,-0.0242405305306105,0.0393024895423119,-0.030479388605444,-0.0132967225980838,0.00100798468223144
-0.0202339770127095,-0.011786306561716,-0.0532348418860794,-0.0126229635878271,0.0169050148758429,0.00738715999224986,0.00275645178274965,0.00813513548334615,0.0134452316007815,-0.00565768638486515
-0.010145265497339,3.69434637774058e-05,-0.001681864471832,-0.0242405305306105,0.00738715999224986,0.0141159997737317,-0.00263104452952216,-0.00581843435421939,0.00144133370758116,0.0122867905906442
-0.00990995432998017,0.00630077573646223,0.021720899803263,0.0393024895423119,0.00275645178274965,-0.00263104452952216,0.00454372435952304,-0.00951410976375898,-0.020198403887068,-0.0252623089576692
-0.0178086489664666,-0.0102289994576173,0.0166006872028238,-0.030479388605444,0.00813513548334615,-0.00581843435421939,-0.00951410976375898,-0.0401123352289144,-0.0154158528427723,-0.00321566350155436
-0.0148595407977457,-0.0259855292213483,-0.0070626289539284,-0.0132967225980838,0.0134452316007815,0.00144133370758116,-0.020198403887068,-0.0154158528427723,0.0193065514197119,-0.00468189317563643
0.0111136201330133,-0.0185788141045378,-0.00791469734587458,0.00100798468223144,-0.00565768638486515,0.0122867905906442,-0.0252623089576692,-0.00321566350155436,-0.00468189317563643,-0.0320097172729048
