"V1","V2","V3","V4","V5","V6","V7","V8","V9","V10"
-0.0174409471642237,-0.00644972821215481,-0.0217814612398376,0.010821974299852,-0.00379219948971097,0.00323127730712953,-0.00739571399134339,0.00589218842014617,-0.00971087794554134,-0.00283196197305888
-0.00644972821215481,0.011481005429593,0.00114071694717676,0.0101881876937085,-0.00246287180922544,0.0193468107823785,-0.0239263323658263,-0.0311817031809165,-0.000307116880987293,0.0199474457511159
-0.0217814612398376,0.00114071694717676,0.00125254486377218,0.00137591882367845,0.000182474884169572,0.00186618125450233,-0.0216339572357593,0.0239997846502305,-0.00900359563444863,-0.0128511885482486
0.010821974299852,0.0101881876937085,0.00137591882367845,0.000740495230235538,-0.0174848765630606,-0.0221972583354796,-0.00727329388309559,-0.0153943874331009,-0.0190212964648924,0.00135618191545562
-0.00379219948971097,-0.00246287180922544,0.000182474884169572,-0.0174848765630606,0.011117944585253,-0.00565021242588239,0.0145844781041646,0.0137958096777929,0.00797886945987558,0.000518650474864427
0.00323127730712953,0.0193468107823785,0.00186618125450233,-0.0221972583354796,-0.00565021242588239,-0.000124242564412391,-0.00200829619429461,-0.0199442729776129,-0.0337974409770901,0.0208481903832363
-0.00739571399134339,-0.0239263323658263,-0.0216339572357593,-0.00727329388309559,0.0145844781041646,-0.00200829619429461,0.0150370131052969,-0.0156641188925706,-0.00714627771904902,-0.0259476548054681
0.00589218842014617,-0.0311817031809165,0.0239997846502305,-0.0153943874331009,0.0137958096777929,-0.0199442729776129,-0.0156641188925706,-0.00820245528900245,-0.0124024665539768,-0.0209406216010207
-0.00971087794554134,-0.000307116880987293,-0.00900359563444863,-0.0190212964648924,0.00797886945987558,-0.0337974409770901,-0.00714627771904902,-0.0124024665539768,-0.00836117737190503,0.0102500089143419
-0.00283196197305888,0.0199474457511159,-0.0128511885482486,0.00135618191545562,0.000518650474864427,0.0208481903832363,-0.0259476548054681,-0.0209406216010207,0.0102500089143419,-0.0184821114153486
