"V1","V2","V3","V4","V5","V6","V7","V8","V9","V10"
-0.0103279617130148,-0.0112208665599602,-0.0179745045376586,-0.0116121536335892,-0.0152576527651044,0.00122482881487857,-0.0146008742096472,-0.0117064369060794,0.00270570751928705,-0.00786453692076972
-0.0112208665599602,-0.0148065855932031,0.00825229182786405,-0.0278029924879687,0.0332476274063954,0.00633615511068459,-0.00138344241499932,0.00404515177754633,0.0195297805846312,-0.00710233327003387
-0.0179745045376586,0.00825229182786405,0.0240963289790625,0.00449979830807267,-0.00250553194262105,0.00535342546606678,0.00953475180311545,-0.0177601755863015,-0.00388338041066756,0.0233197059047045
-0.0116121536335892,-0.0278029924879687,0.00449979830807267,0.0179160229958106,-0.00114067524617313,0.0189817764507153,-0.030543240734285,0.0209795073583453,0.00667677414663331,-0.0248985468695912
-0.0152576527651044,0.0332476274063954,-0.00250553194262105,-0.00114067524617313,-0.00470882737246074,-0.0187419664189257,-0.00676330196785545,-0.0172322371682415,0.00553906490947764,0.0230883115094823
0.00122482881487857,0.00633615511068459,0.00535342546606678,0.0189817764507153,-0.0187419664189257,0.00479441440456947,0.0111032074346952,-0.0128076829978846,-0.0192511543139508,-9.95224445233707e-06
-0.0146008742096472,-0.00138344241499932,0.00953475180311545,-0.030543240734285,-0.00676330196785545,0.0111032074346952,0.0308770647846823,0.0076626949182486,-0.00234315127456113,-0.00580477100389042
-0.0117064369060794,0.00404515177754633,-0.0177601755863015,0.0209795073583453,-0.0172322371682415,-0.0128076829978846,0.0076626949182486,-0.0666822782826976,0.000633603483731692,-0.0165563530079557
0.00270570751928705,0.0195297805846312,-0.00388338041066756,0.00667677414663331,0.00553906490947764,-0.0192511543139508,-0.00234315127456113,0.000633603483731692,0.00155620952042619,0.00145330603308497
-0.00786453692076972,-0.00710233327003387,0.0233197059047045,-0.0248985468695912,0.0230883115094823,-9.95224445233707e-06,-0.00580477100389042,-0.0165563530079557,0.00145330603308497,-0.0191310585027377
