"V1","V2","V3","V4","V5","V6","V7","V8","V9","V10"
0.0335157962919286,-0.0295944323981389,0.00121589984182677,0.00564510790407068,-0.0006215701439684,0.016493398300047,-0.0518374831116892,-0.0156855780686757,-0.0108977360312666,0.0246546610545524
-0.0295944323981389,0.0102792941161181,0.0178878064261753,-0.00889468469950213,-0.00615684729602326,-0.0206940471180274,-0.0132451773589683,-0.00993226863852874,-0.0206035226915633,-0.012027777519946
0.00121589984182677,0.0178878064261753,-0.0186522817960566,-0.000123787346518995,-0.0116893393323681,0.00700337857392533,0.0191397294693946,0.00957714369647597,0.0164031679359087,-0.0139600311160467
0.00564510790407068,-0.00889468469950213,-0.000123787346518995,-0.0159912290589977,-0.0126478170436099,-0.0222519904738395,0.0102411619450944,-0.0108084023457005,0.011600932635491,-0.000436572429031751
-0.0006215701439684,-0.00615684729602326,-0.0116893393323681,-0.0126478170436099,0.0262966265557091,0.00906111313348814,-0.0054709563216044,-0.0106971660962487,-0.0270513530550057,-0.0317129824795849
0.016493398300047,-0.0206940471180274,0.00700337857392533,-0.0222519904738395,0.00906111313348814,0.0279749182181671,0.0169923336277442,0.00616730596979076,0.0133682938661641,0.00390009719595502
-0.0518374831116892,-0.0132451773589683,0.0191397294693946,0.0102411619450944,-0.0054709563216044,0.0169923336277442,-0.0313472953174666,-0.00208490633434042,0.0113725109258351,-0.00415584592316347
-0.0156855780686757,-0.00993226863852874,0.00957714369647597,-0.0108084023457005,-0.0106971660962487,0.00616730596979076,-0.00208490633434042,-0.0196393085599859,-0.00982745830177841,-0.00619114028905064
-0.0108977360312666,-0.0206035226915633,0.0164031679359087,0.011600932635491,-0.0270513530550057,0.0133682938661641,0.0113725109258351,-0.00982745830177841,-0.00520789459801128,-0.0121862077639603
0.0246546610545524,-0.012027777519946,-0.0139600311160467,-0.000436572429031751,-0.0317129824795849,0.00390009719595502,-0.00415584592316347,-0.00619114028905064,-0.0121862077639603,-0.0079646721194597
