"V1","V2","V3","V4","V5","V6","V7","V8","V9","V10"
-0.00975341557844516,-0.00723956868361576,0.00763702854754345,0.00322296905799994,-0.0102484591546445,0.0172585401444435,0.0272300893008854,0.0160781011354411,0.0210337033235903,-0.0162213396943177
-0.00723956868361576,0.026862205476585,0.00371584771454587,-0.00712452326750477,0.015271297856542,0.0111523743175691,0.0169696536688534,0.0138111704295493,0.00387496524909112,0.000408291191030745
0.00763702854754345,0.00371584771454587,-0.00728805560431152,-0.00341080684369845,-0.0149900738735305,0.00658090856792069,-0.0206103562283902,-0.00178017005039325,0.0156176698875125,0.00764859778282245
0.00322296905799994,-0.00712452326750477,-0.00341080684369845,-0.0133817695990068,0.00226839972182622,0.0314651172127155,0.0241365965676827,0.0336674234345948,-0.0216816771730814,-0.00649750328563376
-0.0102484591546445,0.015271297856542,-0.0149900738735305,0.00226839972182622,-0.000687317879903015,-0.018351616760763,0.00601076761979222,0.0060019616581131,-0.0255897653940555,-0.00180039738763951
0.0172585401444435,0.0111523743175691,0.00658090856792069,0.0314651172127155,-0.018351616760763,-0.0588789708548242,-0.000514633965851688,0.0308198942009187,-0.00156200184408387,0.0061619884726376
0.0272300893008854,0.0169696536688534,-0.0206103562283902,0.0241365965676827,0.00601076761979222,-0.000514633965851688,0.00494721863767795,-0.0276141241668527,-0.0377606926587439,-0.00794408071843349
0.0160781011354411,0.0138111704295493,-0.00178017005039325,0.0336674234345948,0.0060019616581131,0.0308198942009187,-0.0276141241668527,-0.012308831704548,-0.0207242299214765,0.0206640845670517
0.0210337033235903,0.00387496524909112,0.0156176698875125,-0.0216816771730814,-0.0255897653940555,-0.00156200184408387,-0.0377606926587439,-0.0207242299214765,0.0485101033591918,-0.0351759107013595
-0.0162213396943177,0.000408291191030745,0.00764859778282245,-0.00649750328563376,-0.00180039738763951,0.0061619884726376,-0.00794408071843349,0.0206640845670517,-0.0351759107013595,-0.0118142158638882
