"V1","V2","V3","V4","V5","V6","V7","V8","V9","V10"
0.012954232222141,0.0183829534953503,-0.00187082836415683,0.0231717050370085,-0.00915024716706233,0.00503868449866114,0.0120958127514368,0.00539140918133211,0.00131370083515428,0.0254791628213271
0.0183829534953503,-0.0204085526151872,0.0033308108205955,0.0134433619958401,0.00995491530973561,-0.00799034678036819,-0.00915252104612499,-0.000682329157053156,-0.0107293413871704,-0.0280156932207421
-0.00187082836415683,0.0033308108205955,0.00506004293672522,0.0334951167221774,0.0200810115446047,-0.00872464512613688,0.00942142204732089,0.0332445971174296,-0.01120274096676,0.0355622734151223
0.0231717050370085,0.0134433619958401,0.0334951167221774,-0.0177900401603032,0.00276820306840069,-0.0125973547067403,-0.020286009230729,0.00673309535634242,0.0167117313572512,0.0274771977116858
-0.00915024716706233,0.00995491530973561,0.0200810115446047,0.00276820306840069,-0.0121868080453704,0.0130184130111108,-0.0364772270636283,-0.0189160098491992,-0.0040946240669274,0.00624587485397354
0.00503868449866114,-0.00799034678036819,-0.00872464512613688,-0.0125973547067403,0.0130184130111108,0.00212320596343019,0.0110814260417662,-0.00240624709330597,-0.0209308005408512,0.00860054741827184
0.0120958127514368,-0.00915252104612499,0.00942142204732089,-0.020286009230729,-0.0364772270636283,0.0110814260417662,-0.0309936230161973,-0.000918305620396348,0.0115205837259774,0.00580824309911587
0.00539140918133211,-0.000682329157053156,0.0332445971174296,0.00673309535634242,-0.0189160098491992,-0.00240624709330597,-0.000918305620396348,-0.0169548701331635,-0.0242277619786034,0.00242182057578407
0.00131370083515428,-0.0107293413871704,-0.01120274096676,0.0167117313572512,-0.0040946240669274,-0.0209308005408512,0.0115205837259774,-0.0242277619786034,-0.00206596892783428,-0.0125407642553786
0.0254791628213271,-0.0280156932207421,0.0355622734151223,0.0274771977116858,0.00624587485397354,0.00860054741827184,0.00580824309911587,0.00242182057578407,-0.0125407642553786,0.0184715735077011
