"V1","V2","V3","V4","V5","V6","V7","V8","V9","V10"
0.0254276491574866,0.0315395331214429,-0.0320174518576126,-0.00580106685140274,-0.0143720408852918,-0.0157323021892733,0.0179311002825209,0.0154055331790037,0.0219166005017619,0.00417016393144474
0.0315395331214429,-0.0261195702892644,0.0232054992960879,0.0155044067134252,0.0293984760129614,-0.00436911291278149,0.0237111019927279,-0.0213079671762017,0.0368005829159452,-0.0154282785560267
-0.0320174518576126,0.0232054992960879,0.0343906730297272,0.00961459602395231,-0.00595581095389613,0.018171393740218,0.00233436702981736,-0.00225379293892549,0.0085252955067079,0.0081514133796106
-0.00580106685140274,0.0155044067134252,0.00961459602395231,-0.0189183564711682,0.0126762200298825,0.0183171792743142,-0.00274741999914434,-0.0169107731917008,-0.000192113074975693,-0.021902604161898
-0.0143720408852918,0.0293984760129614,-0.00595581095389613,0.0126762200298825,0.00461922196646354,-0.0324419012267463,-0.0142937316107584,0.0176016327216193,0.00555625804206787,-0.00626595884408917
-0.0157323021892733,-0.00436911291278149,0.018171393740218,0.0183171792743142,-0.0324419012267463,0.0124085332278225,0.00795036694294024,-0.0311947601126142,-0.00363594835884996,0.00874970461245867
0.0179311002825209,0.0237111019927279,0.00233436702981736,-0.00274741999914434,-0.0142937316107584,0.00795036694294024,-0.016627933308683,0.0081778008674487,-0.0288113835011613,0.00256757750650942
0.0154055331790037,-0.0213079671762017,-0.00225379293892549,-0.0169107731917008,0.0176016327216193,-0.0311947601126142,0.0081778008674487,0.00897255534205801,-0.0140793680958529,0.00617908302415567
0.0219166005017619,0.0368005829159452,0.0085252955067079,-0.000192113074975693,0.00555625804206787,-0.00363594835884996,-0.0288113835011613,-0.0140793680958529,-0.0220195198264799,-0.0127754923627916
0.00417016393144474,-0.0154282785560267,0.0081514133796106,-0.021902604161898,-0.00626595884408917,0.00874970461245867,0.00256757750650942,0.00617908302415567,-0.0127754923627916,-0.00196013692186752
