"V1","V2","V3","V4","V5","V6","V7","V8","V9","V10"
-0.0134118435334708,-0.0117503431646169,-0.0362351923586518,0.0126450462522608,0.00478014934203771,0.0315912793464033,0.025652852464428,0.0097950235347816,-0.0196755571751141,-0.00319227902014073
-0.0117503431646169,-0.0494396556949986,-0.00109605210273751,0.0238454788278327,0.0128842513027586,-0.00922936244794915,0.0287927007595389,0.00135749048251785,-0.0299023161097327,-0.00468676248229769
-0.0362351923586518,-0.00109605210273751,-0.0221195520989838,0.00769341668487535,-0.0132103528911857,-0.00110812760912034,-0.00128562854701433,-0.000131234493388072,-0.00864314541344819,-0.0138295104837702
0.0126450462522608,0.0238454788278327,0.00769341668487535,0.00650786995802926,0.00775735365597688,0.026330938337872,-0.0120042712856863,-0.0206699854336909,0.00243518839231381,0.00714869864949664
0.00478014934203771,0.0128842513027586,-0.0132103528911857,0.00775735365597688,0.0110101243744125,-0.00501310926544416,0.0221782557528044,-0.0107876812461361,-0.00931614829898878,0.0292691175194419
0.0315912793464033,-0.00922936244794915,-0.00110812760912034,0.026330938337872,-0.00501310926544416,0.0338376094374843,-0.0202981346144051,0.000376430095507667,0.00975798946383212,0.0218833379420054
0.025652852464428,0.0287927007595389,-0.00128562854701433,-0.0120042712856863,0.0221782557528044,-0.0202981346144051,0.00532280891144454,0.0389658740677516,-0.0198451064947154,-0.0144701362695803
0.0097950235347816,0.00135749048251785,-0.000131234493388072,-0.0206699854336909,-0.0107876812461361,0.000376430095507667,0.0389658740677516,-0.0111865945493457,0.00212945983849149,-0.0135534610730865
-0.0196755571751141,-0.0299023161097327,-0.00864314541344819,0.00243518839231381,-0.00931614829898878,0.00975798946383212,-0.0198451064947154,0.00212945983849149,0.00499782993093749,-0.0269129328322594
-0.00319227902014073,-0.00468676248229769,-0.0138295104837702,0.00714869864949664,0.0292691175194419,0.0218833379420054,-0.0144701362695803,-0.0135534610730865,-0.0269129328322594,0.00642555290643323
