"V1","V2","V3","V4","V5","V6","V7","V8","V9","V10"
0.0224326990035311,-0.0375356111252869,-0.0261777026740606,-0.00343068445429211,0.0256167598412277,-0.0166831296705696,-0.0171958794981928,-0.0318516107617,0.0282384584580862,-0.00572574517428993
-0.0375356111252869,-0.0555608028493656,-0.014536041122325,-0.0262013892033981,0.0224032845875839,-0.0120128226958968,0.0254451886923957,0.0148108994223156,0.0109898442632844,0.015214109475631
-0.0261777026740606,-0.014536041122325,-0.0318275270507536,-0.0259939725521591,-0.0113787826710936,0.0125810255807955,0.0136244046495108,0.0196216160930391,-0.0117670558089892,-0.0285773067050585
-0.00343068445429211,-0.0262013892033981,-0.0259939725521591,0.00180271895815673,0.00765524811919433,0.010398616464025,-0.00979975662511594,-0.00558576987398616,0.0174273269891784,0.0287933497176896
0.0256167598412277,0.0224032845875839,-0.0113787826710936,0.00765524811919433,-0.0032979069565596,-0.00220626696684017,0.00613289555465353,-0.0134774333140936,0.0125342656762318,0.0371010028023957
-0.0166831296705696,-0.0120128226958968,0.0125810255807955,0.010398616464025,-0.00220626696684017,-0.032481629467482,0.013206305526029,-0.00803889366357577,0.00352172963175853,-0.00414549029784863
-0.0171958794981928,0.0254451886923957,0.0136244046495108,-0.00979975662511594,0.00613289555465353,0.013206305526029,0.0106131102250485,0.0259764898070712,0.0148600917784227,0.0167939217899016
-0.0318516107617,0.0148108994223156,0.0196216160930391,-0.00558576987398616,-0.0134774333140936,-0.00803889366357577,0.0259764898070712,0.0525417908817663,0.0171115656377131,-0.0060492648458801
0.0282384584580862,0.0109898442632844,-0.0117670558089892,0.0174273269891784,0.0125342656762318,0.00352172963175853,0.0148600917784227,0.0171115656377131,0.00248407680340692,-0.0111140151425191
-0.00572574517428993,0.015214109475631,-0.0285773067050585,0.0287933497176896,0.0371010028023957,-0.00414549029784863,0.0167939217899016,-0.0060492648458801,-0.0111140151425191,0.0519779195710473
