"V1","V2","V3","V4","V5","V6","V7","V8","V9","V10"
0.0242357742368839,0.0204766950003407,0.00264018718063184,-0.00908176832766715,0.00973916747904408,0.00359672309669584,0.00447986711822185,-0.000700503712856433,0.000970228000986743,-0.0101875058842073
0.0204766950003407,-0.0131959071412214,-0.0129833122446739,-0.0033304333026493,0.00693995236923979,-0.0266122531898774,-0.0137311887666099,0.0129519363232402,-0.0106081877206503,-0.00785015269138417
0.00264018718063184,-0.0129833122446739,-0.0185577493767439,0.00694088993303316,-0.0205376172711763,-0.00887636610632888,-0.0219717528924981,0.0257208572422581,-0.00139178632080356,0.0091279474127808
-0.00908176832766715,-0.0033304333026493,0.00694088993303316,0.0457671813314765,-0.0289694533225786,0.0192518150011122,-0.0114151283045796,-0.00266127512909397,0.00677676002589664,0.00687783047322535
0.00973916747904408,0.00693995236923979,-0.0205376172711763,-0.0289694533225786,-0.0168871711317111,-0.0144752205493282,-0.0171115621057125,-0.0179273487272349,-0.00667318640446703,0.00467093130845452
0.00359672309669584,-0.0266122531898774,-0.00887636610632888,0.0192518150011122,-0.0144752205493282,-0.0584778162838955,0.0137537477372638,-0.0295352687101825,0.0026956355213631,-0.00351519662026741
0.00447986711822185,-0.0137311887666099,-0.0219717528924981,-0.0114151283045796,-0.0171115621057125,0.0137537477372638,-0.0515483265449791,-0.00207649645294801,-0.00998606430202044,-0.018357017093338
-0.000700503712856433,0.0129519363232402,0.0257208572422581,-0.00266127512909397,-0.0179273487272349,-0.0295352687101825,-0.00207649645294801,0.0119958056119422,-0.00661629687727815,-0.0091679603179765
0.000970228000986743,-0.0106081877206503,-0.00139178632080356,0.00677676002589664,-0.00667318640446703,0.0026956355213631,-0.00998606430202044,-0.00661629687727815,-0.0154694962923114,0.0103617442192532
-0.0101875058842073,-0.00785015269138417,0.0091279474127808,0.00687783047322535,0.00467093130845452,-0.00351519662026741,-0.018357017093338,-0.0091679603179765,0.0103617442192532,0.00333118278297513
