"V1","V2","V3","V4","V5","V6","V7","V8","V9","V10"
0.0273529779190683,-0.0345893237439185,-0.0225299543915079,-0.00633422828942054,-0.0141711559462168,0.0177951846434799,0.000958775349457239,0.0263842870166118,-0.00300064321266199,0.0291299676904406
-0.0345893237439185,-0.00502932200401731,-0.00643163365711777,-0.0275137305591901,0.0131639036675414,0.00858977123900722,-0.0449880910365097,-0.0163739433195613,0.0107107324206956,0.00419520872565729
-0.0225299543915079,-0.00643163365711777,-0.00278815385719884,0.0200125728817486,0.0119967619326006,0.0334607088961059,0.0184935074039524,0.00341133501732216,0.0128076133937457,-0.0143435170200483
-0.00633422828942054,-0.0275137305591901,0.0200125728817486,0.0451574515328497,-0.0163977669489188,0.0049763688006515,0.0131110220328017,0.0140038036078563,-0.0157350504819197,-0.0396877679568381
-0.0141711559462168,0.0131639036675414,0.0119967619326006,-0.0163977669489188,-0.0331951386525565,0.02732619468562,0.00114678171588727,0.00277480429683987,-0.0120586769237299,0.0255098486068988
0.0177951846434799,0.00858977123900722,0.0334607088961059,0.0049763688006515,0.02732619468562,0.0392786374684146,-0.00859651881535174,-0.0044150527120376,0.0392333798902347,-0.00654730599421149
0.000958775349457239,-0.0449880910365097,0.0184935074039524,0.0131110220328017,0.00114678171588727,-0.00859651881535174,-0.0106124454148366,-0.00731594332336032,-0.0311603821507333,0.0156670944638764
0.0263842870166118,-0.0163739433195613,0.00341133501732216,0.0140038036078563,0.00277480429683987,-0.0044150527120376,-0.00731594332336032,0.0132075715465703,-0.0204528833792508,0.016649698306319
-0.00300064321266199,0.0107107324206956,0.0128076133937457,-0.0157350504819197,-0.0120586769237299,0.0392333798902347,-0.0311603821507333,-0.0204528833792508,0.011844286747109,0.0167348233130029
0.0291299676904406,0.00419520872565729,-0.0143435170200483,-0.0396877679568381,0.0255098486068988,-0.00654730599421149,0.0156670944638764,0.016649698306319,0.0167348233130029,0.0335353626394541
