"V1","V2","V3","V4","V5","V6","V7","V8","V9","V10"
0.00309568230361925,-0.0352623637241713,0.00392590119757281,-0.0355114837611635,0.000184098784970486,-0.00429190515581596,0.0139793813183748,0.00896394071509237,0.028358113052577,-0.00956080543274933
-0.0352623637241713,0.0370581937993367,0.0163567852570976,-0.0223115515908227,-0.000275228421264249,-0.00793227967890122,0.0286223502822617,-0.0131760962402884,0.003901993332846,0.00397488109415295
0.00392590119757281,0.0163567852570976,0.00364299146596774,0.0120381617682768,0.0301606381434645,-0.0239247956530471,-0.00443134662237637,0.0116790571419567,-0.000717152531484814,1.97400950326387e-06
-0.0355114837611635,-0.0223115515908227,0.0120381617682768,0.00723419451036347,-0.0182262330797892,0.0131371019230287,0.0168752500996462,0.021240635323361,-0.0383889150546126,0.0108902909004354
0.000184098784970486,-0.000275228421264249,0.0301606381434645,-0.0182262330797892,0.0109153357627261,0.0281545632518519,-0.00734132113097777,0.0373866907061243,-0.018736249177251,0.0128430626805303
-0.00429190515581596,-0.00793227967890122,-0.0239247956530471,0.0131371019230287,0.0281545632518519,-0.00107480194427438,0.00897994026570509,0.0227737375090932,-0.012358931260385,0.00154801873443752
0.0139793813183748,0.0286223502822617,-0.00443134662237637,0.0168752500996462,-0.00734132113097777,0.00897994026570509,-0.0279824544416978,0.00241733859529397,0.00194204153992711,0.0193886111633825
0.00896394071509237,-0.0131760962402884,0.0116790571419567,0.021240635323361,0.0373866907061243,0.0227737375090932,0.00241733859529397,0.00217657765997896,0.0124204744027559,-0.000256951677433938
0.028358113052577,0.003901993332846,-0.000717152531484814,-0.0383889150546126,-0.018736249177251,-0.012358931260385,0.00194204153992711,0.0124204744027559,0.00950284672391386,0.0146534117651498
-0.00956080543274933,0.00397488109415295,1.97400950326387e-06,0.0108902909004354,0.0128430626805303,0.00154801873443752,0.0193886111633825,-0.000256951677433938,0.0146534117651498,-0.0213876499436847
