"V1","V2","V3","V4","V5","V6","V7","V8","V9","V10"
-0.0238216752234179,-0.0331776696561424,-0.00519609322540577,-0.02880001867336,-0.0312136188197844,0.00976596979090191,0.00883784352007309,-0.00393501040073656,-0.0104770681727603,0.0219761548796603
-0.0331776696561424,-0.00292972763254593,-0.00760198790028204,0.0174705217171777,0.0283884871842441,0.0141798612577133,-0.0130188753185072,-0.0266157740497082,0.0027654273499384,0.000782146298582296
-0.00519609322540577,-0.00760198790028204,-0.0197862485234251,-0.0289823371546726,0.00425324861911575,0.00916397130180052,-0.0178627228081427,-0.0171180327018004,0.0187217625783605,0.0143376652941547
-0.02880001867336,0.0174705217171777,-0.0289823371546726,-0.02088371855429,0.0384019176079393,-0.0139100677355508,-0.017002456761552,-0.00216979459875881,-0.0385562457214463,-0.0239534376852479
-0.0312136188197844,0.0283884871842441,0.00425324861911575,0.0384019176079393,0.00342429412579177,-0.00191958977697037,-0.0120983658565743,-0.00350569227398185,-0.00649631928791296,-0.0179913000436061
0.00976596979090191,0.0141798612577133,0.00916397130180052,-0.0139100677355508,-0.00191958977697037,-0.0285107977835342,0.0172592930658865,0.0101332692003345,-0.0103472718218525,0.00310054587845959
0.00883784352007309,-0.0130188753185072,-0.0178627228081427,-0.017002456761552,-0.0120983658565743,0.0172592930658865,-0.0125140409677647,-0.0234729244554156,-0.0273710253197191,0.0136247505789982
-0.00393501040073656,-0.0266157740497082,-0.0171180327018004,-0.00216979459875881,-0.00350569227398185,0.0101332692003345,-0.0234729244554156,0.00802399723584115,-0.010539802293083,0.0267166222300427
-0.0104770681727603,0.0027654273499384,0.0187217625783605,-0.0385562457214463,-0.00649631928791296,-0.0103472718218525,-0.0273710253197191,-0.010539802293083,0.0286418576950107,0.00507916802736055
0.0219761548796603,0.000782146298582296,0.0143376652941547,-0.0239534376852479,-0.0179913000436061,0.00310054587845959,0.0136247505789982,0.0267166222300427,0.00507916802736055,0.0155858728008969
