"V1","V2","V3","V4","V5","V6","V7","V8","V9","V10"
-0.0100598466562062,0.0264201893553534,-0.00856053978385494,-0.0197310618127765,0.0157345166400969,0.00536350335318991,0.00449747188898523,0.0225795337698837,0.00478588185886244,-0.00573138636383457
0.0264201893553534,0.00293591702696019,-0.0155826383036792,-0.0259159811462384,-0.00847932820204432,-0.0233385143232832,-0.00707588178599373,-0.00571732195014903,-0.00892775297200258,-0.0220488000391348
-0.00856053978385494,-0.0155826383036792,-0.0199446777698852,0.0202355871213737,-0.0189636502890265,0.00670336598087443,-0.0144840806570538,0.0356558415241411,-0.00744392034268235,0.0214086976870945
-0.0197310618127765,-0.0259159811462384,0.0202355871213737,-0.0245324500005984,-0.0256252212390007,-0.0108562021189797,-0.0010481859106968,-0.00686851468279666,-0.0265494369294282,0.0139389593149742
0.0157345166400969,-0.00847932820204432,-0.0189636502890265,-0.0256252212390007,0.00966356287084691,0.0035155389683521,0.00473474110158112,-0.0147985274129715,-0.00636473530233681,0.0130278879438727
0.00536350335318991,-0.0233385143232832,0.00670336598087443,-0.0108562021189797,0.0035155389683521,0.0223717456548345,0.0356354061384477,0.00239664265884983,0.0265769345200202,-0.0037481193864348
0.00449747188898523,-0.00707588178599373,-0.0144840806570538,-0.0010481859106968,0.00473474110158112,0.0356354061384477,-0.0209084932605293,-0.0187601760178661,0.000955630426630412,0.0049594099244018
0.0225795337698837,-0.00571732195014903,0.0356558415241411,-0.00686851468279666,-0.0147985274129715,0.00239664265884983,-0.0187601760178661,-0.00191557094610477,0.00411705344443296,0.00872470582335377
0.00478588185886244,-0.00892775297200258,-0.00744392034268235,-0.0265494369294282,-0.00636473530233681,0.0265769345200202,0.000955630426630412,0.00411705344443296,0.0343532555193308,-0.00485044867076249
-0.00573138636383457,-0.0220488000391348,0.0214086976870945,0.0139389593149742,0.0130278879438727,-0.0037481193864348,0.0049594099244018,0.00872470582335377,-0.00485044867076249,0.0273504490364387
