"V1","V2","V3","V4","V5","V6","V7","V8","V9","V10"
0.00962320798278911,-0.00996560317985008,0.00735154411513182,0.00160620633006965,0.00162982448621649,0.0168789966855471,-0.0105139001240506,0.0117034838105809,0.0265899506605297,-0.0339661900722834
-0.00996560317985008,0.00974462889408207,-0.00373336959175977,-0.0438729130766471,0.00793110361724449,0.0236305207535402,-0.00489928166380799,0.016986666193041,-0.00863151078405405,-0.0453751350585478
0.00735154411513182,-0.00373336959175977,-0.0184148018625875,0.0192226014639916,-0.0280128864656233,-0.00658056941211474,0.0081529236973013,-0.00157015053304434,-0.0100398847072315,0.0273087049527594
0.00160620633006965,-0.0438729130766471,0.0192226014639916,0.00119234070269196,0.0115688443039611,-5.86382049167406e-05,0.00969271459600299,0.0240058982099887,0.0136929127831803,0.0143426692621364
0.00162982448621649,0.00793110361724449,-0.0280128864656233,0.0115688443039611,0.045929098779665,0.00341473584321981,-0.00485141570678953,-0.0109302774044384,-0.000536245877922502,-0.00707804631267983
0.0168789966855471,0.0236305207535402,-0.00658056941211474,-5.86382049167406e-05,0.00341473584321981,-0.0371932747060447,0.00120920695443249,0.0288097853596446,-0.0103991638513514,-0.0141452907390575
-0.0105139001240506,-0.00489928166380799,0.0081529236973013,0.00969271459600299,-0.00485141570678953,0.00120920695443249,-0.0355514798620945,0.0177662355938842,0.0149681829738622,-0.0144456037410625
0.0117034838105809,0.016986666193041,-0.00157015053304434,0.0240058982099887,-0.0109302774044384,0.0288097853596446,0.0177662355938842,-0.0367474272246183,0.032167762529356,0.00274322348640601
0.0265899506605297,-0.00863151078405405,-0.0100398847072315,0.0136929127831803,-0.000536245877922502,-0.0103991638513514,0.0149681829738622,0.032167762529356,-0.015668987072345,-0.0358721003373383
-0.0339661900722834,-0.0453751350585478,0.0273087049527594,0.0143426692621364,-0.00707804631267983,-0.0141452907390575,-0.0144456037410625,0.00274322348640601,-0.0358721003373383,0.0284622292127716
