"V1","V2","V3","V4","V5","V6","V7","V8","V9","V10"
-0.00110166116933432,-0.00491216462378719,-0.0180181357243144,0.0130042755718205,-0.0165116454408115,-0.0268085536736648,0.00690785685008641,0.0223300105420415,0.0381088352035595,-0.0138046681038257
-0.00491216462378719,-0.0170819476523781,-0.0248598620782733,-0.00742243635866689,-0.00564203172266042,0.0421487393275678,0.015161297919273,-0.00310060336419535,-0.0282199669249565,0.0303443203431491
-0.0180181357243144,-0.0248598620782733,0.0213147315051763,0.0209258871152047,-0.00561608283716214,-0.017234590071918,0.00839024547690985,-0.00121755466282767,-0.00587423561586265,-0.020093529790176
0.0130042755718205,-0.00742243635866689,0.0209258871152047,0.0151829260756098,0.0121235456493001,0.00553811056650229,-0.0301533985135677,0.0247843440235955,0.0162152623482852,-0.0162032910156275
-0.0165116454408115,-0.00564203172266042,-0.00561608283716214,0.0121235456493001,0.0432576588078618,-0.000547988736359931,0.013544858803801,-0.00220233531589183,0.0122168503042875,0.0304042160150237
-0.0268085536736648,0.0421487393275678,-0.017234590071918,0.00553811056650229,-0.000547988736359931,0.029446701063092,-0.00471655202065195,-0.0591074091569524,0.0219968612840829,0.0201064697354672
0.00690785685008641,0.015161297919273,0.00839024547690985,-0.0301533985135677,0.013544858803801,-0.00471655202065195,0.0145092758647409,0.0130658123129739,0.021427427062796,-0.0286356885737896
0.0223300105420415,-0.00310060336419535,-0.00121755466282767,0.0247843440235955,-0.00220233531589183,-0.0591074091569524,0.0130658123129739,0.031363642593487,-0.02388519041098,-0.0271411457341322
0.0381088352035595,-0.0282199669249565,-0.00587423561586265,0.0162152623482852,0.0122168503042875,0.0219968612840829,0.021427427062796,-0.02388519041098,0.0132880070646878,0.00884911071289038
-0.0138046681038257,0.0303443203431491,-0.020093529790176,-0.0162032910156275,0.0304042160150237,0.0201064697354672,-0.0286356885737896,-0.0271411457341322,0.00884911071289038,0.0224724812230882
