"V1","V2","V3","V4","V5","V6","V7","V8","V9","V10"
0.0014357111682437,-0.00717522601505424,0.00354122623714661,-0.0130725500962325,-0.0404794256039867,0.0132354960374944,-0.000113295924783334,0.0199651877387385,-0.00326141161580586,-0.000619237248699217
-0.00717522601505424,-0.0351566777697722,0.0313637180711826,0.0172651775467714,0.0402763856378726,0.0153328197367059,-0.0187312221546415,-0.0241642859387731,0.0138573172713721,-0.00180349148294024
0.00354122623714661,0.0313637180711826,-0.0225961823570145,-0.0286281919063301,-0.0162540478599413,-0.0271106637137804,0.0213199378797362,-0.0420189637902206,-0.010443761330654,-0.000609659580438361
-0.0130725500962325,0.0172651775467714,-0.0286281919063301,0.0100891340325405,0.0287948875394071,-0.00445587695315562,0.000206071351362805,-0.00611090968700534,-0.0413402985876486,-0.0319359777921313
-0.0404794256039867,0.0402763856378726,-0.0162540478599413,0.0287948875394071,-0.0134683310100569,-0.00572801184245699,-0.0277232206626376,0.00898801653147375,0.0186981879702533,-0.00498286853540325
0.0132354960374944,0.0153328197367059,-0.0271106637137804,-0.00445587695315562,-0.00572801184245699,-0.00744645084482023,-0.00152223975975449,0.0190287211283634,0.00342485438181891,0.0253848620747122
-0.000113295924783334,-0.0187312221546415,0.0213199378797362,0.000206071351362805,-0.0277232206626376,-0.00152223975975449,-0.0354430030984886,-0.0275973042714009,0.0118961600100066,0.0173385982084583
0.0199651877387385,-0.0241642859387731,-0.0420189637902206,-0.00611090968700534,0.00898801653147375,0.0190287211283634,-0.0275973042714009,-0.0457876082621435,-0.00335808977062127,0.00161630838052884
-0.00326141161580586,0.0138573172713721,-0.010443761330654,-0.0413402985876486,0.0186981879702533,0.00342485438181891,0.0118961600100066,-0.00335808977062127,0.0119932758592796,0.00539501330651538
-0.000619237248699217,-0.00180349148294024,-0.000609659580438361,-0.0319359777921313,-0.00498286853540325,0.0253848620747122,0.0173385982084583,0.00161630838052884,0.00539501330651538,0.0155591436692679
