"V1","V2","V3","V4","V5","V6","V7","V8","V9","V10"
-0.00992956493915598,-0.0363637804180573,-0.0200686494989079,0.00683421254087765,0.0314983243231689,-0.00160081175337087,0.00298409592891315,-0.0133803609658927,-0.0194062187831107,0.0159364573812954
-0.0363637804180573,0.0246883933195315,-0.0231766922313222,-0.014204113259109,-0.00395852628854485,0.00958467693566908,-0.00543753615525093,-0.00800592211411679,0.00394430878810445,-0.00654449836945557
-0.0200686494989079,-0.0231766922313222,-0.0282805142974312,-0.0116283331869754,0.00115419068609156,-0.0086397717296073,-0.00519041117039208,0.00996026908984101,0.0212255815095926,-0.0303683319303888
0.00683421254087765,-0.014204113259109,-0.0116283331869754,-0.0304604104677015,-0.00512160783046205,-0.0256230777909841,-0.0213443005806111,0.0172981095779323,-0.00385609257185535,-0.0461753170422394
0.0314983243231689,-0.00395852628854485,0.00115419068609156,-0.00512160783046205,0.000433988548772746,-0.00148539779488014,0.0119788868004393,-0.00881118056923652,-0.0337800884948124,0.0150715070427756
-0.00160081175337087,0.00958467693566908,-0.0086397717296073,-0.0256230777909841,-0.00148539779488014,-0.0111702952433249,-0.0443019386413942,0.0108002592984653,-0.000339150030014607,0.00380375493582148
0.00298409592891315,-0.00543753615525093,-0.00519041117039208,-0.0213443005806111,0.0119788868004393,-0.0443019386413942,-0.0510649524640457,0.00330343556328006,-0.00291867750737587,0.00942951227873694
-0.0133803609658927,-0.00800592211411679,0.00996026908984101,0.0172981095779323,-0.00881118056923652,0.0108002592984653,0.00330343556328006,0.00118799029704888,-0.00798459980569664,-0.00465169745219768
-0.0194062187831107,0.00394430878810445,0.0212255815095926,-0.00385609257185535,-0.0337800884948124,-0.000339150030014607,-0.00291867750737587,-0.00798459980569664,0.00354647375572226,0.00173275613382647
0.0159364573812954,-0.00654449836945557,-0.0303683319303888,-0.0461753170422394,0.0150715070427756,0.00380375493582148,0.00942951227873694,-0.00465169745219768,0.00173275613382647,-0.0105988621819358
