"V1","V2","V3","V4","V5","V6","V7","V8","V9","V10"
0.0491221998110076,-0.0307594842869085,0.0211303716519569,0.015299322376494,0.0304259465164298,-0.0285862293767808,-0.00332274537442971,-0.00669315553919751,0.0241243377763952,0.000824053222239519
-0.0307594842869085,0.0421207146891717,0.000501622858086487,-0.0233806557575261,-0.0109081903828521,-0.0197829077770167,0.0169834823524919,0.00949996390093345,-0.0282135919030918,-0.0320677853440188
0.0211303716519569,0.000501622858086487,0.00778797050665279,0.00843227810565069,0.00392509664415672,-0.0343483674151744,-0.00403161404857775,-2.15288697189311e-05,0.0140616017378017,-0.0170581383847488
0.015299322376494,-0.0233806557575261,0.00843227810565069,0.000783145506701333,0.00445264945184699,0.0145124993967462,0.00717448316480497,0.0138525994624677,0.00316582997755263,0.0101741555814047
0.0304259465164298,-0.0109081903828521,0.00392509664415672,0.00445264945184699,-0.00761740591157485,0.00446722449640809,0.00776736219077406,-0.0119414959820619,0.0167112899384855,-0.0027066362649751
-0.0285862293767808,-0.0197829077770167,-0.0343483674151744,0.0145124993967462,0.00446722449640809,-0.013147539870837,0.0210648642893429,0.0153631195993905,-0.000514553436870063,-0.0236702652894357
-0.00332274537442971,0.0169834823524919,-0.00403161404857775,0.00717448316480497,0.00776736219077406,0.0210648642893429,-0.0477023483210606,-0.0042467310079791,-0.0139923463948309,-0.0307748937062823
-0.00669315553919751,0.00949996390093345,-2.15288697189311e-05,0.0138525994624677,-0.0119414959820619,0.0153631195993905,-0.0042467310079791,0.0576094570769361,-0.0164208898813505,0.049144960166539
0.0241243377763952,-0.0282135919030918,0.0140616017378017,0.00316582997755263,0.0167112899384855,-0.000514553436870063,-0.0139923463948309,-0.0164208898813505,-0.0364372665285228,0.00819429576437736
0.000824053222239519,-0.0320677853440188,-0.0170581383847488,0.0101741555814047,-0.0027066362649751,-0.0236702652894357,-0.0307748937062823,0.049144960166539,0.00819429576437736,0.0484397553667256
