"V1","V2","V3","V4","V5","V6","V7","V8","V9","V10"
0.000141651618345495,-0.00762675710097006,0.00555617389389312,0.00399610489222033,-0.0197989991854384,-0.00650297370038876,0.0310357865280484,-0.0207639954262237,-0.00320794101785361,0.0219915217117911
-0.00762675710097006,0.00202646646378914,0.0108529561258615,0.00630187383428591,0.0237578084042891,-0.009242408537944,-0.00815087138494236,0.0113339875566544,0.0192760308661188,-0.00173725540872815
0.00555617389389312,0.0108529561258615,0.0209330481736052,0.00330976379899975,-0.0147200900651172,-0.0219723067098009,0.0018590379675856,-0.018497513098471,0.00282495024925582,0.00237444302554432
0.00399610489222033,0.00630187383428591,0.00330976379899975,-0.0287889874243731,-0.00432532064395545,0.00324966893174478,-0.00841022245017909,-0.00233727329226682,-0.0148172457348265,-0.00555663081018743
-0.0197989991854384,0.0237578084042891,-0.0147200900651172,-0.00432532064395545,0.0239665684425121,0.0135413637944889,0.0322496048293576,-0.0165677907713933,0.0171931071941225,0.0191402319926399
-0.00650297370038876,-0.009242408537944,-0.0219723067098009,0.00324966893174478,0.0135413637944889,-0.0182225959434097,0.00197880448870163,-0.000877888688704112,0.00442034278092421,-0.0306497845709444
0.0310357865280484,-0.00815087138494236,0.0018590379675856,-0.00841022245017909,0.0322496048293576,0.00197880448870163,-0.00738651623183935,0.0181790637395498,0.0200111559178127,-0.000712041234344245
-0.0207639954262237,0.0113339875566544,-0.018497513098471,-0.00233727329226682,-0.0165677907713933,-0.000877888688704112,0.0181790637395498,0.0346375973239609,-0.00387036035789675,4.48353674289831e-05
-0.00320794101785361,0.0192760308661188,0.00282495024925582,-0.0148172457348265,0.0171931071941225,0.00442034278092421,0.0200111559178127,-0.00387036035789675,0.00913384562797126,-0.0346103127057841
0.0219915217117911,-0.00173725540872815,0.00237444302554432,-0.00555663081018743,0.0191402319926399,-0.0306497845709444,-0.000712041234344245,4.48353674289831e-05,-0.0346103127057841,0.0675342426452755
