"V1","V2","V3","V4","V5","V6","V7","V8","V9","V10"
-0.00246610643580727,0.0193010252414403,0.0118872710974354,0.0317985191730186,0.00900113144487789,0.0115900716374115,0.00569271121668915,0.026681557197038,0.00968613515874181,-0.0203977516829166
0.0193010252414403,-0.039186555597391,-0.00910468475293028,-0.0186178770191654,0.00505048358733438,-0.00179001389988993,-0.0173907879309258,-0.00398465742536198,-0.0183494502883326,-0.0143835647152916
0.0118872710974354,-0.00910468475293028,0.0405012348132569,0.00653461055477433,-0.00944535975002195,0.0282477842082686,-0.00596817632258931,-0.0266983464131209,0.00188842661118027,-0.0191390177021278
0.0317985191730186,-0.0186178770191654,0.00653461055477433,-0.0288420070016958,0.0237573491091082,0.0175675253174729,-0.00304848395689283,-0.0094690990410855,0.0187302126048843,0.00821677763662728
0.00900113144487789,0.00505048358733438,-0.00944535975002195,0.0237573491091082,0.0542624234196796,-0.0144194177925331,-0.00252880631017527,-0.0154667798149432,0.000137159216088675,0.00335116650445091
0.0115900716374115,-0.00179001389988993,0.0282477842082686,0.0175675253174729,-0.0144194177925331,-0.0229941577039614,-0.0184926820349696,0.00680299080246476,-0.0250402011417797,-0.00259107169755977
0.00569271121668915,-0.0173907879309258,-0.00596817632258931,-0.00304848395689283,-0.00252880631017527,-0.0184926820349696,0.00286534221427222,0.000856599168657932,0.0219043074545185,0.00300163037074885
0.026681557197038,-0.00398465742536198,-0.0266983464131209,-0.0094690990410855,-0.0154667798149432,0.00680299080246476,0.000856599168657932,0.0324847813725137,-0.0174349027946306,-0.0293315288108046
0.00968613515874181,-0.0183494502883326,0.00188842661118027,0.0187302126048843,0.000137159216088675,-0.0250402011417797,0.0219043074545185,-0.0174349027946306,-0.0397775965807147,0.00239280720154753
-0.0203977516829166,-0.0143835647152916,-0.0191390177021278,0.00821677763662728,0.00335116650445091,-0.00259107169755977,0.00300163037074885,-0.0293315288108046,0.00239280720154753,-0.0116537970957772
