"V1","V2","V3","V4","V5","V6","V7","V8","V9","V10"
-0.00287034751534494,-0.011536188994771,-0.00465167012482596,2.61057345169541e-05,0.029201138593292,-0.0298057805629446,-0.0123763582177691,0.011563466950002,-0.0190216982440362,0.00811860413585984
-0.011536188994771,0.0435180021892704,0.00478074656444121,0.00244026858274226,0.0207202748412961,-0.00131240909169517,0.00481559990741938,-0.0246525228046669,0.00375992601892222,0.016148911998958
-0.00465167012482596,0.00478074656444121,-0.0191359975111659,-0.0119105091438011,-0.0197551620780611,-0.0201357922262627,0.0160684309328939,0.0329474161936835,0.0384180198803154,-0.00838395837962086
2.61057345169541e-05,0.00244026858274226,-0.0119105091438011,-0.0333033999031948,-0.00476221494872999,0.024957678328958,0.00372573387971224,-0.0165570232809155,0.0133842256413579,-0.0138853983959862
0.029201138593292,0.0207202748412961,-0.0197551620780611,-0.00476221494872999,-0.00122055535128252,-0.00800280054542313,-0.0217729742501062,0.0147363908831044,-0.0172719475061303,-0.00712099346454875
-0.0298057805629446,-0.00131240909169517,-0.0201357922262627,0.024957678328958,-0.00800280054542313,0.026836521135652,0.0066501507574397,-0.0463837575607419,-0.00571214776666913,-0.00797016443680974
-0.0123763582177691,0.00481559990741938,0.0160684309328939,0.00372573387971224,-0.0217729742501062,0.0066501507574397,0.0584775936704457,-0.0127514810952524,-0.0203372039453753,-0.00502865125818326
0.011563466950002,-0.0246525228046669,0.0329474161936835,-0.0165570232809155,0.0147363908831044,-0.0463837575607419,-0.0127514810952524,0.00260009960630878,0.0117476296566694,-0.0159206715286041
-0.0190216982440362,0.00375992601892222,0.0384180198803154,0.0133842256413579,-0.0172719475061303,-0.00571214776666913,-0.0203372039453753,0.0117476296566694,-0.0247435350156076,0.00200059852053526
0.00811860413585984,0.016148911998958,-0.00838395837962086,-0.0138853983959862,-0.00712099346454875,-0.00797016443680974,-0.00502865125818326,-0.0159206715286041,0.00200059852053526,-0.0168541291059008
