"V1","V2","V3","V4","V5","V6","V7","V8","V9","V10"
-0.00499905606230628,-0.0108525772362424,-0.00194077809724899,-0.0512360006708602,0.0104252141501688,0.00719065352043186,-0.0129638811677663,0.0173893678185217,0.0373380823930176,0.0236606463848154
-0.0108525772362424,0.0239200628596864,0.0160630519367769,0.0403135410687601,-0.030550991889221,-0.00246099445353969,0.0293908728372289,-0.00590580393482426,0.00819821836841755,0.0202163176361092
-0.00194077809724899,0.0160630519367769,0.0670491792812059,0.0177583706457123,-0.00512516147600756,0.0101696166086674,0.0538269457468359,0.0087171777198072,-0.0236597710646937,0.013414965284595
-0.0512360006708602,0.0403135410687601,0.0177583706457123,0.0131725633367727,-0.0144780901768003,-0.00385419061154788,-0.0398270955345413,-0.030978932105274,-0.011395648467986,0.000325426098988972
0.0104252141501688,-0.030550991889221,-0.00512516147600756,-0.0144780901768003,0.00536804564303635,0.00987206896585827,-0.0202503264437671,-0.00908851677252804,0.0345503745461023,0.0108625979197558
0.00719065352043186,-0.00246099445353969,0.0101696166086674,-0.00385419061154788,0.00987206896585827,-0.00536184008028338,0.0294155661411813,0.0175012706060162,0.0218486877827487,0.0093598655869177
-0.0129638811677663,0.0293908728372289,0.0538269457468359,-0.0398270955345413,-0.0202503264437671,0.0294155661411813,0.0307788508534567,0.0441139012003579,0.0185757406842182,0.00360174172204658
0.0173893678185217,-0.00590580393482426,0.0087171777198072,-0.030978932105274,-0.00908851677252804,0.0175012706060162,0.0441139012003579,-0.00276790026637936,-0.0265197974517082,-0.00144294427175622
0.0373380823930176,0.00819821836841755,-0.0236597710646937,-0.011395648467986,0.0345503745461023,0.0218486877827487,0.0185757406842182,-0.0265197974517082,0.0149514203070985,-0.000400491312761397
0.0236606463848154,0.0202163176361092,0.013414965284595,0.000325426098988972,0.0108625979197558,0.0093598655869177,0.00360174172204658,-0.00144294427175622,-0.000400491312761397,-0.0102085415327864
