"V1","V2","V3","V4","V5","V6","V7","V8","V9","V10"
-0.00958584307340487,0.00118108204198509,-0.0117546061728574,-0.00742498413489198,-0.00527041982315714,0.026735999572547,-0.018553206569384,0.00858218765104002,-0.017737716555664,-0.0247454533202143
0.00118108204198509,-0.0141013661895849,0.0268097181928553,-0.00353313804080377,-0.0181313812640493,0.00334786255423627,0.0209023177307145,0.0205199723520992,0.0130956180336935,0.00449408291859654
-0.0117546061728574,0.0268097181928553,-0.0110514614335954,0.0392080729818671,-0.00133942952940883,-0.00408871829860195,0.00168696447940366,0.011063064077128,-0.0206938226765827,0.0103227495012122
-0.00742498413489198,-0.00353313804080377,0.0392080729818671,0.0118043735056479,0.0245661508351941,0.0162709364694516,-0.00648157510022769,-0.016865760098244,-0.00963820203611108,-0.00805436033989411
-0.00527041982315714,-0.0181313812640493,-0.00133942952940883,0.0245661508351941,-0.0131373047242125,-0.009066938195408,-0.0066082405187819,0.00843797278464061,-0.0418015150442381,0.0243605090603054
0.026735999572547,0.00334786255423627,-0.00408871829860195,0.0162709364694516,-0.009066938195408,-0.0215903348957356,0.00336291987180078,0.00966371571432055,-0.00979747947068495,-0.00643894800233136
-0.018553206569384,0.0209023177307145,0.00168696447940366,-0.00648157510022769,-0.0066082405187819,0.00336291987180078,-0.0239590724626243,-0.00646939737228669,0.00843454472378194,0.0395626706689829
0.00858218765104002,0.0205199723520992,0.011063064077128,-0.016865760098244,0.00843797278464061,0.00966371571432055,-0.00646939737228669,0.0207251272654324,0.00784310616680988,0.00714441534555029
-0.017737716555664,0.0130956180336935,-0.0206938226765827,-0.00963820203611108,-0.0418015150442381,-0.00979747947068495,0.00843454472378194,0.00784310616680988,-0.021085435701755,-0.0163230094829413
-0.0247454533202143,0.00449408291859654,0.0103227495012122,-0.00805436033989411,0.0243605090603054,-0.00643894800233136,0.0395626706689829,0.00714441534555029,-0.0163230094829413,-0.0234043126365124
