"V1","V2","V3","V4","V5","V6","V7","V8","V9","V10"
-0.0160894160246489,0.00067946342497612,0.0158180178227759,0.00793143997099448,-0.00394973039830383,-0.0143167518890752,0.0282540726376429,-0.035003579517899,-0.00378905376433955,0.00527215707579112
0.00067946342497612,-0.0316592591541023,-0.0196856228385185,-0.00143350640410018,-0.0105986126265947,-0.00895910762932531,-0.00597887270196278,0.0408644630772687,0.00981118837790898,0.0102874007100147
0.0158180178227759,-0.0196856228385185,-0.0226594612671889,0.00915992541468735,0.0156463018819437,-0.00298818895492809,-0.0329886797538276,0.0318038747785633,0.0167559019026886,0.00785290182529366
0.00793143997099448,-0.00143350640410018,0.00915992541468735,-0.00563210875387132,-0.0285189755573191,0.0108808419550415,-0.00758768102838785,0.0183150781715144,-0.0240698229347497,0.0135795735642352
-0.00394973039830383,-0.0105986126265947,0.0156463018819437,-0.0285189755573191,-0.00985510702733075,-0.00558614915634702,0.0193544665097498,-0.000990736946708487,0.0147774984565025,0.0499187622215093
-0.0143167518890752,-0.00895910762932531,-0.00298818895492809,0.0108808419550415,-0.00558614915634702,-0.0198251595742299,0.00652186016592323,0.00757174729774077,0.029081133401609,0.00271198850736389
0.0282540726376429,-0.00597887270196278,-0.0329886797538276,-0.00758768102838785,0.0193544665097498,0.00652186016592323,0.00932884842491633,-0.0434959777065935,0.00236637227274402,-0.0029475785162796
-0.035003579517899,0.0408644630772687,0.0318038747785633,0.0183150781715144,-0.000990736946708487,0.00757174729774077,-0.0434959777065935,-0.0298959930693303,0.00110795599733103,-0.0107181035519676
-0.00378905376433955,0.00981118837790898,0.0167559019026886,-0.0240698229347497,0.0147774984565025,0.029081133401609,0.00236637227274402,0.00110795599733103,-0.0330892100814825,0.00738551873019605
0.00527215707579112,0.0102874007100147,0.00785290182529366,0.0135795735642352,0.0499187622215093,0.00271198850736389,-0.0029475785162796,-0.0107181035519676,0.00738551873019605,-0.0143657243787059
