"V1","V2","V3","V4","V5","V6","V7","V8","V9","V10"
-0.0512727671943875,-0.000370839335277329,-0.0129389492971566,0.0223116948052488,0.0133770826374841,0.00265282699858629,-0.00704835869284912,0.0056342767494311,-0.0232936336569118,-0.012396284522558
-0.000370839335277329,0.0190321612724681,0.0321611655420421,-0.0137524624690123,-0.0125957568229348,-0.00784545759146429,0.0118071319960364,-0.0129224572592001,0.0107753568668989,-0.0101664788246877
-0.0129389492971566,0.0321611655420421,-0.00771736471779056,0.00174722891817228,-0.00519232535928141,-0.0111650695333933,-0.0121202052084276,0.0136719770603622,-0.0214000604365574,-0.0324255353553853
0.0223116948052488,-0.0137524624690123,0.00174722891817228,0.00626181024610601,0.000462617815464127,0.004390992240933,-0.0301787123974571,-0.0116140597214391,0.000476465064369014,-0.0131804876010772
0.0133770826374841,-0.0125957568229348,-0.00519232535928141,0.000462617815464127,-0.0116113425029329,-0.0113291004064513,-0.00728766828157455,0.00726840952141115,-0.0163138062329346,-0.0119386264983765
0.00265282699858629,-0.00784545759146429,-0.0111650695333933,0.004390992240933,-0.0113291004064513,0.00313467999116308,-0.0128951965815307,-0.011564515434274,-0.017642351209745,0.00842815656676501
-0.00704835869284912,0.0118071319960364,-0.0121202052084276,-0.0301787123974571,-0.00728766828157455,-0.0128951965815307,0.0158574601904496,-0.0270921115535858,-0.0102116136707972,0.0224560062899462
0.0056342767494311,-0.0129224572592001,0.0136719770603622,-0.0116140597214391,0.00726840952141115,-0.011564515434274,-0.0270921115535858,-0.0234223231888281,-0.0289704142307107,-0.00353090211618285
-0.0232936336569118,0.0107753568668989,-0.0214000604365574,0.000476465064369014,-0.0163138062329346,-0.017642351209745,-0.0102116136707972,-0.0289704142307107,0.0260109237460818,0.0138948429464074
-0.012396284522558,-0.0101664788246877,-0.0324255353553853,-0.0131804876010772,-0.0119386264983765,0.00842815656676501,0.0224560062899462,-0.00353090211618285,0.0138948429464074,-0.018656008727212
