"V1","V2","V3","V4","V5","V6","V7","V8","V9","V10"
-0.00420709791296256,-0.00871845908046975,-0.0040248900074918,-0.0244602574683849,-0.00295694446718602,-0.0039099904273102,-0.000402173444578862,-0.0171238374312396,0.0128029547070131,0.000724325439599166
-0.00871845908046975,-0.0341852539451698,-0.0123075460922944,0.0130906917668253,0.00265936673620421,0.0234914275540364,-0.0139563622056699,0.00463926427169197,0.00114996618662887,-0.016931749319135
-0.0040248900074918,-0.0123075460922944,0.00379209140004804,-0.0207740749746751,0.0144637142611189,-0.0206950866813418,-0.0119815996014973,-0.00733158853642286,0.00488600556766792,0.00251057532350838
-0.0244602574683849,0.0130906917668253,-0.0207740749746751,0.0246884026721396,0.00367069751846193,-0.0459346415580635,0.00707764778963628,0.0136937913757709,0.00616829422060253,0.0237379400399088
-0.00295694446718602,0.00265936673620421,0.0144637142611189,0.00367069751846193,0.0028078591456052,-0.0076429303320193,0.00235971151310101,0.0314783731585982,0.00136103349351785,-0.00498830015456079
-0.0039099904273102,0.0234914275540364,-0.0206950866813418,-0.0459346415580635,-0.0076429303320193,-0.000508102006186117,0.00839559873615877,-0.00502349815104928,0.0402033610146064,0.0528634046071985
-0.000402173444578862,-0.0139563622056699,-0.0119815996014973,0.00707764778963628,0.00235971151310101,0.00839559873615877,0.0358014933173507,0.00814709087554519,-0.0131896020336767,-0.0179941661042136
-0.0171238374312396,0.00463926427169197,-0.00733158853642286,0.0136937913757709,0.0314783731585982,-0.00502349815104928,0.00814709087554519,0.0218765978604017,-0.00563627988677929,0.0122548976465302
0.0128029547070131,0.00114996618662887,0.00488600556766792,0.00616829422060253,0.00136103349351785,0.0402033610146064,-0.0131896020336767,-0.00563627988677929,-0.0044570970318226,0.0110261187092057
0.000724325439599166,-0.016931749319135,0.00251057532350838,0.0237379400399088,-0.00498830015456079,0.0528634046071985,-0.0179941661042136,0.0122548976465302,0.0110261187092057,0.0303245123818164
