"V1","V2","V3","V4","V5","V6","V7","V8","V9","V10"
-0.0277941036294858,-0.00392037298164006,0.000114014793181817,0.0315677481575641,0.0144779659139778,-0.00481797139774231,0.0125392692898042,0.00550910865552254,0.000505764372826746,0.0112100790574297
-0.00392037298164006,0.00728757960439093,0.0373156881100196,0.0139933447878109,0.0221337345066737,-0.00391026700060382,0.0260131359804586,-0.0216396453905241,-0.0150197751345267,-0.00689638903582306
0.000114014793181817,0.0373156881100196,0.0181627530965399,0.00124053397555993,-0.0142027954033471,-0.00184053168542184,0.0127073955943521,-0.00948679549294543,-0.00798284529071122,-0.0220363102542975
0.0315677481575641,0.0139933447878109,0.00124053397555993,9.87292716910559e-05,0.0267262332143484,-0.00141575705351847,-0.0249510909285266,0.00888594425280383,0.0168333569874632,-0.010317692036834
0.0144779659139778,0.0221337345066737,-0.0142027954033471,0.0267262332143484,0.00358715410589836,-0.0141593718707788,0.00160957276090208,-0.000343656501393103,0.0252881266270612,0.0265818446149697
-0.00481797139774231,-0.00391026700060382,-0.00184053168542184,-0.00141575705351847,-0.0141593718707788,0.00421426886492771,-0.00402595193360611,-0.0231959418786899,-0.00120033829617302,0.0332383771506827
0.0125392692898042,0.0260131359804586,0.0127073955943521,-0.0249510909285266,0.00160957276090208,-0.00402595193360611,-0.00840798513811629,0.00224045306127608,-0.0105319360049899,-0.00281404643163207
0.00550910865552254,-0.0216396453905241,-0.00948679549294543,0.00888594425280383,-0.000343656501393103,-0.0231959418786899,0.00224045306127608,0.0222438888543911,-0.00139358587360884,0.0289925543913411
0.000505764372826746,-0.0150197751345267,-0.00798284529071122,0.0168333569874632,0.0252881266270612,-0.00120033829617302,-0.0105319360049899,-0.00139358587360884,-0.00639274475552374,-9.43455894204498e-05
0.0112100790574297,-0.00689638903582306,-0.0220363102542975,-0.010317692036834,0.0265818446149697,0.0332383771506827,-0.00281404643163207,0.0289925543913411,-9.43455894204498e-05,-0.00988464116127017
