"V1","V2","V3","V4","V5","V6","V7","V8","V9","V10"
-0.0119440089636188,-0.0153388325882707,0.0283872075233097,0.00800295298240694,-0.00488294623456457,0.010756482527094,-0.000297736483972035,0.0149051467841877,-0.00615031050227425,-0.0111824587177726
-0.0153388325882707,0.0164645487946447,-2.20728928400592e-05,-0.002041307971376,-0.00163298655841455,-0.00426661424217643,-0.000730908206762502,0.0100623997125577,0.0110521155027417,-0.0240463543983869
0.0283872075233097,-2.20728928400592e-05,0.0204221621727751,0.00934310276172256,-0.0181745426340459,0.0183886171981494,-0.0234199948914936,-0.0413504409074092,0.000506592495024268,-0.0407121863295587
0.00800295298240694,-0.002041307971376,0.00934310276172256,-0.0115779953712373,0.00316734067146175,0.00720492144146197,0.0157021008216427,-0.00768776352188335,0.00619845892232309,-0.0109261895384102
-0.00488294623456457,-0.00163298655841455,-0.0181745426340459,0.00316734067146175,0.0117054152193545,0.0126221648589119,-0.00318385047639123,-0.0179502056614199,0.0284196881240081,-0.0017660567033005
0.010756482527094,-0.00426661424217643,0.0183886171981494,0.00720492144146197,0.0126221648589119,-0.00634293887361252,-0.00222629911665661,-0.0161350207133553,0.00147566510850723,-0.0132728069268324
-0.000297736483972035,-0.000730908206762502,-0.0234199948914936,0.0157021008216427,-0.00318385047639123,-0.00222629911665661,0.0532715467561911,0.0322892889360491,-0.0361401615822977,0.0257736677910174
0.0149051467841877,0.0100623997125577,-0.0413504409074092,-0.00768776352188335,-0.0179502056614199,-0.0161350207133553,0.0322892889360491,0.0247362044179607,-0.00418127783734789,0.017979721277071
-0.00615031050227425,0.0110521155027417,0.000506592495024268,0.00619845892232309,0.0284196881240081,0.00147566510850723,-0.0361401615822977,-0.00418127783734789,-0.0432839004228268,0.0121991423339626
-0.0111824587177726,-0.0240463543983869,-0.0407121863295587,-0.0109261895384102,-0.0017660567033005,-0.0132728069268324,0.0257736677910174,0.017979721277071,0.0121991423339626,0.0102977870995312
