"V1","V2","V3","V4","V5","V6","V7","V8","V9","V10"
0.0170695840114128,-0.0093090393336522,-0.0102144710728398,-0.00327759139231993,-0.00277075203323511,-0.0329766586291203,-0.029153896504922,-0.00511016082705848,0.0156855211761684,-0.0175135141666314
-0.0093090393336522,-0.00371913356774778,0.00739382070607833,0.0198413120951995,0.0113447142581099,0.00811028124486195,0.000167467850889891,-0.00440754324922957,-0.0110190402558577,0.010394177935086
-0.0102144710728398,0.00739382070607833,-0.0203530894278059,-0.00419939996971819,4.3672979954959e-05,0.00109430493331095,0.0124706511935479,0.0164831500980027,0.025184577001816,-0.0080721245184583
-0.00327759139231993,0.0198413120951995,-0.00419939996971819,0.00828592265186303,0.040760913382156,-0.0163005397362255,0.0146892226417991,0.00680878558469307,-0.00158915654296568,-0.00306669419249153
-0.00277075203323511,0.0113447142581099,4.3672979954959e-05,0.040760913382156,-0.0707928273901772,0.0205124753416194,-0.0122586089038589,-0.00197793274041043,0.0105239756908301,-0.00626779485665888
-0.0329766586291203,0.00811028124486195,0.00109430493331095,-0.0163005397362255,0.0205124753416194,-0.0135411989690317,-0.00883084720208004,0.0171876782055654,0.015752722674292,-0.0478440229660363
-0.029153896504922,0.000167467850889891,0.0124706511935479,0.0146892226417991,-0.0122586089038589,-0.00883084720208004,0.0126191056145759,0.0183478839033082,0.0134455462017305,0.0210715986198809
-0.00511016082705848,-0.00440754324922957,0.0164831500980027,0.00680878558469307,-0.00197793274041043,0.0171876782055654,0.0183478839033082,0.00601310257941425,0.00404730706238882,0.0113070423257786
0.0156855211761684,-0.0110190402558577,0.025184577001816,-0.00158915654296568,0.0105239756908301,0.015752722674292,0.0134455462017305,0.00404730706238882,-0.0269750251247652,-0.0103578634487887
-0.0175135141666314,0.010394177935086,-0.0080721245184583,-0.00306669419249153,-0.00626779485665888,-0.0478440229660363,0.0210715986198809,0.0113070423257786,-0.0103578634487887,0.0742121198103813
