"V1","V2","V3","V4","V5","V6","V7","V8","V9","V10"
-0.0265524870563551,0.00201350635938648,0.031082522138268,0.0363977137556532,-0.0206315547283726,0.0100832686775999,0.00411024506159026,0.0366377312956976,0.019520662443406,-0.00806675097955573
0.00201350635938648,-0.0183108532749711,-0.0213013757347702,0.00337868785783314,0.0330301638855702,-0.0116074983332093,0.0141544959983375,-0.0177877428420956,-0.0145620663109629,-0.0179489877547308
0.031082522138268,-0.0213013757347702,-0.00295098386658315,0.0076253118230571,0.0194379775946346,0.00316909124243599,-0.0212953198779868,-0.00477484256480963,0.0506144511899553,-0.00817704771061903
0.0363977137556532,0.00337868785783314,0.0076253118230571,0.0309453303882023,-0.0295840087677914,-0.0269258557697343,0.0135320335550949,-0.00998066604827272,-0.0188575041597655,-0.00709157437601127
-0.0206315547283726,0.0330301638855702,0.0194379775946346,-0.0295840087677914,0.00947342131452942,0.00747852287820151,0.0389089416362727,-0.00624075277744506,-0.000860336707716487,0.00111145431251125
0.0100832686775999,-0.0116074983332093,0.00316909124243599,-0.0269258557697343,0.00747852287820151,0.016279008083976,-0.0144133190888575,-0.00308503822444814,0.0242381283088496,0.00368242989408284
0.00411024506159026,0.0141544959983375,-0.0212953198779868,0.0135320335550949,0.0389089416362727,-0.0144133190888575,0.00921699472591251,-0.00237666587177001,-0.0262678869944631,-0.0213305824046303
0.0366377312956976,-0.0177877428420956,-0.00477484256480963,-0.00998066604827272,-0.00624075277744506,-0.00308503822444814,-0.00237666587177001,0.0139597342334972,0.0264624580822448,0.00694629674716033
0.019520662443406,-0.0145620663109629,0.0506144511899553,-0.0188575041597655,-0.000860336707716487,0.0242381283088496,-0.0262678869944631,0.0264624580822448,-0.0513004569660781,1.96929101581915e-05
-0.00806675097955573,-0.0179489877547308,-0.00817704771061903,-0.00709157437601127,0.00111145431251125,0.00368242989408284,-0.0213305824046303,0.00694629674716033,1.96929101581915e-05,-0.0123881488205812
