"V1","V2","V3","V4","V5","V6","V7","V8","V9","V10"
-0.00991090616477259,0.00343345246178087,0.00362019823073731,-0.0188226432070973,-0.0153451427910405,-0.00127126332242253,-0.0341048196401342,0.00212008681365872,0.00955309519011365,0.0413769894267634
0.00343345246178087,-0.0271099837937262,-0.00726784212686796,-0.012372659502019,7.52648268934023e-05,0.0010688668277767,-0.0105252132757122,0.0203780060641741,-0.0177663934916805,0.00774961340475938
0.00362019823073731,-0.00726784212686796,0.038178126238546,-0.0114207203000047,0.0065894843955162,0.00901725311370096,0.0126069807885136,0.0270821602855118,0.0251873015155601,-0.0152676936123732
-0.0188226432070973,-0.012372659502019,-0.0114207203000047,-0.0184578996911659,0.0304464346538188,0.00272150973036074,-0.00543593897862377,0.00876968953415183,-0.0216705717054007,0.0284572176543526
-0.0153451427910405,7.52648268934023e-05,0.0065894843955162,0.0304464346538188,0.0359426114108307,-0.0227807682061712,-0.0253446457743611,-0.0138279489358043,0.0131041188748897,-0.00588455537678092
-0.00127126332242253,0.0010688668277767,0.00901725311370096,0.00272150973036074,-0.0227807682061712,0.0056806161760937,0.0254975858011203,-0.00592763970071917,-0.00269906547108887,0.0071657499898164
-0.0341048196401342,-0.0105252132757122,0.0126069807885136,-0.00543593897862377,-0.0253446457743611,0.0254975858011203,0.0221528261346917,0.0263852288027964,0.00562986446259332,-0.0380720344820931
0.00212008681365872,0.0203780060641741,0.0270821602855118,0.00876968953415183,-0.0138279489358043,-0.00592763970071917,0.0263852288027964,0.0235681347451469,-0.0409049294072545,-0.0148888794189642
0.00955309519011365,-0.0177663934916805,0.0251873015155601,-0.0216705717054007,0.0131041188748897,-0.00269906547108887,0.00562986446259332,-0.0409049294072545,-0.0153176829974411,0.0333045413520523
0.0413769894267634,0.00774961340475938,-0.0152676936123732,0.0284572176543526,-0.00588455537678092,0.0071657499898164,-0.0380720344820931,-0.0148888794189642,0.0333045413520523,-0.00146963666343849
