"V1","V2","V3","V4","V5","V6","V7","V8","V9","V10"
-0.0110584384413173,-0.00662702016603423,-0.016470719127201,-0.00679113813628509,0.00336799129803966,-0.020397000555955,-0.0259995518378756,0.0305272732553405,-0.000918869540249257,0.00245228068592908
-0.00662702016603423,-0.0113717753545978,0.00499054745314313,-0.00622610056677898,-0.0014158398215024,-0.0221877894699057,-0.0128523649925534,-0.0176664975543879,-0.00055658588729754,0.0174158704366011
-0.016470719127201,0.00499054745314313,-0.0111949386999688,-0.0390945383912991,-0.00368458184546357,0.0203726218886655,0.0149234332915217,-0.0219755890112392,-0.0211064251577272,-0.001765323736095
-0.00679113813628509,-0.00622610056677898,-0.0390945383912991,0.0072164547419497,-0.0171909210705783,-0.00992466764173467,-0.0155386775156833,0.00225875646261001,0.0479629645276884,0.0129555701336477
0.00336799129803966,-0.0014158398215024,-0.00368458184546357,-0.0171909210705783,-0.0120324221459465,-0.00893272227129224,0.0138179638127899,-0.013581466187648,0.0124869572468299,0.0235065834641999
-0.020397000555955,-0.0221877894699057,0.0203726218886655,-0.00992466764173467,-0.00893272227129224,0.00917701930276504,-0.00397438981749103,0.00693681437643687,0.0240980422364841,0.00978412718162772
-0.0259995518378756,-0.0128523649925534,0.0149234332915217,-0.0155386775156833,0.0138179638127899,-0.00397438981749103,-0.000130609162459194,-0.00476852728201115,-0.019504242573383,-0.0155430280590651
0.0305272732553405,-0.0176664975543879,-0.0219755890112392,0.00225875646261001,-0.013581466187648,0.00693681437643687,-0.00476852728201115,0.000232459217071934,-0.000102142238157807,-0.00922809695212944
-0.000918869540249257,-0.00055658588729754,-0.0211064251577272,0.0479629645276884,0.0124869572468299,0.0240980422364841,-0.019504242573383,-0.000102142238157807,-0.0298787052454553,0.0321232483458329
0.00245228068592908,0.0174158704366011,-0.001765323736095,0.0129555701336477,0.0235065834641999,0.00978412718162772,-0.0155430280590651,-0.00922809695212944,0.0321232483458329,-0.0355203058804903
