"V1","V2","V3","V4","V5","V6","V7","V8","V9","V10"
-0.0170663443702096,0.0193239069783015,0.00396249154182205,0.00869392259462452,0.00626647210402117,0.00991995334054907,-0.0118407086230486,-0.0285005522238306,-0.0168433518309888,-0.000384455708530042
0.0193239069783015,0.00673003620349122,-0.00955836694803478,0.0264984766175536,0.00249948537450922,0.0307684627461788,-0.0455454907916295,0.0146414917088961,0.0215684104125286,0.00283109209088504
0.00396249154182205,-0.00955836694803478,-0.00076115959148233,0.0528316656100839,0.0159020009621961,0.00688345649999359,0.0263891223772181,-0.014761082644462,0.0384311600488717,0.0175522957817299
0.00869392259462452,0.0264984766175536,0.0528316656100839,0.0226656414445719,-0.0137402724024965,-0.0126066818332626,-0.0219190578251278,-0.0389611981686513,0.00755656418855257,0.00926407802480168
0.00626647210402117,0.00249948537450922,0.0159020009621961,-0.0137402724024965,0.00240594496397137,-0.0025732210745899,0.00737095378850363,-0.00663932571642457,-0.00507313814605046,0.0197695187653574
0.00991995334054907,0.0307684627461788,0.00688345649999359,-0.0126066818332626,-0.0025732210745899,0.0189099885361014,0.00034892840424833,0.00279507702257196,0.00174188108738103,0.00770290300254582
-0.0118407086230486,-0.0455454907916295,0.0263891223772181,-0.0219190578251278,0.00737095378850363,0.00034892840424833,0.00168796477812738,0.00517181504814958,0.0280095056837867,-0.00598155869251574
-0.0285005522238306,0.0146414917088961,-0.014761082644462,-0.0389611981686513,-0.00663932571642457,0.00279507702257196,0.00517181504814958,-0.00742007104783444,0.0134509291675252,0.0119763999723685
-0.0168433518309888,0.0215684104125286,0.0384311600488717,0.00755656418855257,-0.00507313814605046,0.00174188108738103,0.0280095056837867,0.0134509291675252,0.0338586245946986,0.00490150817016687
-0.000384455708530042,0.00283109209088504,0.0175522957817299,0.00926407802480168,0.0197695187653574,0.00770290300254582,-0.00598155869251574,0.0119763999723685,0.00490150817016687,-0.0132551489119335
