"V1","V2","V3","V4","V5","V6","V7","V8","V9","V10"
0.0388379110294102,0.0320435472628489,-0.00931728144225344,0.00551565217320531,0.00505559000091384,0.0127067238749883,0.00322231250014792,-0.00913247179114996,-0.0228781450365584,0.00420916649031238
0.0320435472628489,0.00506419116938859,0.0188765364668987,0.000523525684534477,0.00861773283063602,-0.00103271990941315,0.0107382970222352,0.0142206882442234,-0.010383609866333,-0.0141699650355182
-0.00931728144225344,0.0188765364668987,-0.0247938514588483,0.0101220599047749,0.00342876257500889,-0.0186187185826912,0.0124242053270067,0.0118885028100954,0.0274300178245072,0.0185127943478904
0.00551565217320531,0.000523525684534477,0.0101220599047749,-0.0332321625451329,-0.009155865240515,0.00535281429546227,0.0167303808269076,-0.0126580286297216,0.000719240962324949,-0.00700184406888156
0.00505559000091384,0.00861773283063602,0.00342876257500889,-0.009155865240515,0.0402333752273053,0.0162820538065697,0.00670140309556758,0.0149744684861022,0.0192285530475454,-3.86054507284336e-05
0.0127067238749883,-0.00103271990941315,-0.0186187185826912,0.00535281429546227,0.0162820538065697,-0.00318218777689963,-0.00500412661210482,0.00846304662076269,0.0119820027532576,0.0120748029257046
0.00322231250014792,0.0107382970222352,0.0124242053270067,0.0167303808269076,0.00670140309556758,-0.00500412661210482,-0.0399066026906892,-0.0365663457569975,-0.0315736463183776,-0.00925481468295838
-0.00913247179114996,0.0142206882442234,0.0118885028100954,-0.0126580286297216,0.0149744684861022,0.00846304662076269,-0.0365663457569975,-0.0116440387820208,0.00771415270796305,0.00713274925793406
-0.0228781450365584,-0.010383609866333,0.0274300178245072,0.000719240962324949,0.0192285530475454,0.0119820027532576,-0.0315736463183776,0.00771415270796305,0.0257145377253296,-0.027325133198281
0.00420916649031238,-0.0141699650355182,0.0185127943478904,-0.00700184406888156,-3.86054507284336e-05,0.0120748029257046,-0.00925481468295838,0.00713274925793406,-0.027325133198281,0.0345207075274027
