"V1","V2","V3","V4","V5","V6","V7","V8","V9","V10"
-0.0253892714774968,-0.0235747651293321,-0.00597622804818637,-0.00746803590211604,0.0177998099105988,0.0175912018376772,-0.00353597724138176,-0.0191636810525675,0.00455953746557421,0.00382531898827148
-0.0235747651293321,-0.0247073200133145,0.032631433954869,-0.00556913744404348,0.00218740020795068,0.0252661842500471,-0.0343231408681806,0.00777173743773579,-0.00425054584940652,0.0172029792481651
-0.00597622804818637,0.032631433954869,0.0223598681086586,-0.015172540648118,0.0236307655012372,-0.0171251682805749,0.00488419271856539,0.0439381650860839,0.00831461150782637,-0.0161851613647512
-0.00746803590211604,-0.00556913744404348,-0.015172540648118,-0.0142823146985685,9.97049958537877e-05,0.0443922178170906,0.024182293592449,-0.0282148252170036,-0.0241053414103645,0.0459349825294653
0.0177998099105988,0.00218740020795068,0.0236307655012372,9.97049958537877e-05,-0.0141258369891128,0.0146615040024515,-0.0285221906929026,-0.0161817359211125,-0.00552034211442495,0.0248369105497459
0.0175912018376772,0.0252661842500471,-0.0171251682805749,0.0443922178170906,0.0146615040024515,0.0192573911130514,-0.00711206987525789,0.0169813810741971,-0.00333854963393968,0.0189338490061067
-0.00353597724138176,-0.0343231408681806,0.00488419271856539,0.024182293592449,-0.0285221906929026,-0.00711206987525789,0.00338071285525063,-0.00581446403597722,-0.0331417233574421,-0.0288081583840035
-0.0191636810525675,0.00777173743773579,0.0439381650860839,-0.0282148252170036,-0.0161817359211125,0.0169813810741971,-0.00581446403597722,0.0124254126538679,0.00466770241870211,0.0244279410791719
0.00455953746557421,-0.00425054584940652,0.00831461150782637,-0.0241053414103645,-0.00552034211442495,-0.00333854963393968,-0.0331417233574421,0.00466770241870211,0.0694006116879102,0.010296496250912
0.00382531898827148,0.0172029792481651,-0.0161851613647512,0.0459349825294653,0.0248369105497459,0.0189338490061067,-0.0288081583840035,0.0244279410791719,0.010296496250912,0.0143792614769163
