"V1","V2","V3","V4","V5","V6","V7","V8","V9","V10"
0.00399384760957255,-0.0304919061853064,-0.0162056958731613,-0.0101176345014691,-0.00293234590493116,-0.00987011023621524,0.0162600238783365,0.00281172467061674,0.00804294898580242,-0.0131287372130022
-0.0304919061853064,-0.00762400523168503,0.0149732559613669,-0.0188640102871885,0.00938825908454438,0.0050080348174895,-0.0112202058858327,-0.0248660354393386,0.0256747490265338,-0.00113872740687975
-0.0162056958731613,0.0149732559613669,-0.0132094863660985,0.024455089627769,-0.00225403336198701,-0.0156898353905733,0.00954830534216169,-0.00204955413811084,0.0192713925890977,0.0144373249159705
-0.0101176345014691,-0.0188640102871885,0.024455089627769,0.0102145316060669,0.0158651595078096,-0.000322289067577962,0.0214881612922338,-0.018851807270948,0.0141756582272809,0.00395893638212417
-0.00293234590493116,0.00938825908454438,-0.00225403336198701,0.0158651595078096,0.0449324233442939,-0.000230072627481456,0.00734281431405895,-0.0112995213492667,-0.0069941707385985,0.0136215688581204
-0.00987011023621524,0.0050080348174895,-0.0156898353905733,-0.000322289067577962,-0.000230072627481456,0.0333731622263776,-0.00379251844192564,0.0201011545265918,-0.00813981057330415,-0.0104502541091757
0.0162600238783365,-0.0112202058858327,0.00954830534216169,0.0214881612922338,0.00734281431405895,-0.00379251844192564,-0.0237378101856947,-0.00336257192535701,-0.00202648790155152,0.000662690541276519
0.00281172467061674,-0.0248660354393386,-0.00204955413811084,-0.018851807270948,-0.0112995213492667,0.0201011545265918,-0.00336257192535701,0.0206848418607137,0.00506372363508803,-0.00611076881823268
0.00804294898580242,0.0256747490265338,0.0192713925890977,0.0141756582272809,-0.0069941707385985,-0.00813981057330415,-0.00202648790155152,0.00506372363508803,-0.00123113151641299,-0.00805914348486803
-0.0131287372130022,-0.00113872740687975,0.0144373249159705,0.00395893638212417,0.0136215688581204,-0.0104502541091757,0.000662690541276519,-0.00611076881823268,-0.00805914348486803,0.00465505601038105
