"V1","V2","V3","V4","V5","V6","V7","V8","V9","V10"
0.034002409453335,0.0103415203400005,-0.0065534500719686,0.0115579082610039,0.00932870228423044,0.00189876107210314,-0.0187507013469189,0.0042416365179425,-0.0216909965922511,0.0296779457995472
0.0103415203400005,0.015892944610454,-0.00181759919140503,-0.00206548997211612,0.0190838300591595,0.00359729963597917,0.0131187878986732,-0.0197868367443162,0.0171179999199236,-0.00569097590747445
-0.0065534500719686,-0.00181759919140503,-0.0243443795581537,-0.0106103676162363,0.020397758602497,0.00832573233937266,-0.00784783059811404,-0.00118376467312763,-8.14302116908278e-05,-0.00240850558563748
0.0115579082610039,-0.00206548997211612,-0.0106103676162363,-0.0501852609971432,-0.0245653372482465,0.00193588375107014,-0.0054853832096692,0.0117522193951613,0.00318490209162212,-0.00643750487610912
0.00932870228423044,0.0190838300591595,0.020397758602497,-0.0245653372482465,-0.0256929519884074,-0.00414031389435915,0.0253600440989883,0.00591626805035664,0.00309218237131119,0.00510733586472278
0.00189876107210314,0.00359729963597917,0.00832573233937266,0.00193588375107014,-0.00414031389435915,-0.00295125919607506,-0.0256718581305926,-0.00910195699145957,0.0135750403467375,0.0152653725090178
-0.0187507013469189,0.0131187878986732,-0.00784783059811404,-0.0054853832096692,0.0253600440989883,-0.0256718581305926,0.00823969902874049,0.00748619014813079,0.00230695424567762,-0.0277605171613369
0.0042416365179425,-0.0197868367443162,-0.00118376467312763,0.0117522193951613,0.00591626805035664,-0.00910195699145957,0.00748619014813079,0.00690463794147804,0.0194629510841335,0.00453494008163085
-0.0216909965922511,0.0171179999199236,-8.14302116908278e-05,0.00318490209162212,0.00309218237131119,0.0135750403467375,0.00230695424567762,0.0194629510841335,-0.00829379556194181,-0.00807409164327698
0.0296779457995472,-0.00569097590747445,-0.00240850558563748,-0.00643750487610912,0.00510733586472278,0.0152653725090178,-0.0277605171613369,0.00453494008163085,-0.00807409164327698,0.009028034818648
