"V1","V2","V3","V4","V5","V6","V7","V8","V9","V10"
-0.0386862944889276,-0.00466804351763074,-0.00607582380832175,0.0203471091186705,0.00861141920899453,-0.0114970192709138,0.00243225287273959,0.00879432721070441,-0.0146246254364001,0.0159409162809339
-0.00466804351763074,-0.00151908459497476,0.00810768668344953,-0.00743453922997584,0.0319783611364476,-0.0204293871041288,-0.0108413318915497,0.00084622729933251,-0.00657538153817164,0.00667925690712659
-0.00607582380832175,0.00810768668344953,-0.014602565908137,0.0141094890137784,0.00307179179390856,-0.0140465622854043,0.00136883198259949,0.00157291591646541,-0.00599378846137846,-0.00749886820235749
0.0203471091186705,-0.00743453922997584,0.0141094890137784,0.0201658041236065,0.0158652136707196,-0.00458748920532499,-0.0166813619694563,-0.0119647023792227,-0.0284318241395446,0.000723224543772666
0.00861141920899453,0.0319783611364476,0.00307179179390856,0.0158652136707196,-0.0118007374161007,0.0198585414346511,-0.00914653377324347,-0.0153940934051341,-0.0087958526035135,-0.0174337460362944
-0.0114970192709138,-0.0204293871041288,-0.0140465622854043,-0.00458748920532499,0.0198585414346511,-0.0208067751180424,0.0299038095456243,0.0281937452041964,-0.0203614227507591,-0.0208772641063311
0.00243225287273959,-0.0108413318915497,0.00136883198259949,-0.0166813619694563,-0.00914653377324347,0.0299038095456243,0.00880124800685973,0.00443178642257709,-0.0182419429211585,-0.00223454400024913
0.00879432721070441,0.00084622729933251,0.00157291591646541,-0.0119647023792227,-0.0153940934051341,0.0281937452041964,0.00443178642257709,-0.0183180776454871,0.000214387363459087,-0.0107469167776672
-0.0146246254364001,-0.00657538153817164,-0.00599378846137846,-0.0284318241395446,-0.0087958526035135,-0.0203614227507591,-0.0182419429211585,0.000214387363459087,0.027412520710265,-0.0182130228278819
0.0159409162809339,0.00667925690712659,-0.00749886820235749,0.000723224543772666,-0.0174337460362944,-0.0208772641063311,-0.00223454400024913,-0.0107469167776672,-0.0182130228278819,-0.0314259806375916
