"V1","V2","V3","V4","V5","V6","V7","V8","V9","V10"
-0.00481523474840388,0.0124814223374114,-9.83037265249585e-05,-0.0242313091406508,-0.00761517429906625,-0.00971125656064544,-0.0260131086179658,-0.00585304855880835,0.00180199206093871,-0.00955601478540565
0.0124814223374114,0.00533677522530882,0.0279411619606608,0.0206229501649807,-0.00611550631779891,-0.013651611006794,-0.00286969347647571,-0.000587186249786037,0.00471113675488603,0.0104062947758233
-9.83037265249585e-05,0.0279411619606608,0.0216209066193879,0.00457270237896298,0.0446454057815163,-0.0110121725390547,-0.00385376842357346,0.0132777168202852,0.0142086486924051,-0.0197867283887417
-0.0242313091406508,0.0206229501649807,0.00457270237896298,-0.00774658059357955,0.0212171257720309,-0.00584794577357843,0.0178554345248601,0.0392717142011819,-0.000941616610823582,0.00158342424123151
-0.00761517429906625,-0.00611550631779891,0.0446454057815163,0.0212171257720309,-0.00789208816467319,-0.00853681364710656,0.0426181680524726,-0.0174864258548958,0.0282245428302565,-0.0240203187485909
-0.00971125656064544,-0.013651611006794,-0.0110121725390547,-0.00584794577357843,-0.00853681364710656,0.022428202467539,0.00802400654116818,-0.0178903068409779,0.00393761820710929,-0.0126878506308645
-0.0260131086179658,-0.00286969347647571,-0.00385376842357346,0.0178554345248601,0.0426181680524726,0.00802400654116818,0.0215216135540574,-0.00642546401495926,-0.0279656870654146,-0.0146146539836427
-0.00585304855880835,-0.000587186249786037,0.0132777168202852,0.0392717142011819,-0.0174864258548958,-0.0178903068409779,-0.00642546401495926,0.0211619298781589,-0.0161394748520368,0.0156604695297509
0.00180199206093871,0.00471113675488603,0.0142086486924051,-0.000941616610823582,0.0282245428302565,0.00393761820710929,-0.0279656870654146,-0.0161394748520368,0.00135642541297005,-0.00299433000053919
-0.00955601478540565,0.0104062947758233,-0.0197867283887417,0.00158342424123151,-0.0240203187485909,-0.0126878506308645,-0.0146146539836427,0.0156604695297509,-0.00299433000053919,0.0158720173755961
