"V1","V2","V3","V4","V5","V6","V7","V8","V9","V10"
-0.00413801202666066,-0.00641433340132459,0.0284564589312644,0.00444746828188577,-0.00320922057412801,0.0195665381290494,0.012392659173606,0.00910157788523853,0.0117507981757479,0.0264048635251206
-0.00641433340132459,-0.0264844914808837,0.000274975996556398,0.00497187709947328,-0.0370852401888845,-0.000162339022330957,-0.00343608609031037,0.0179141304461321,-0.000314254881917098,-0.0150978807482396
0.0284564589312644,0.000274975996556398,-0.0393068821709611,-0.00607361121845323,0.00144850099157499,0.0135848992966179,-0.0167792989082299,0.00904874297111284,0.0217219778044603,0.0168963249513139
0.00444746828188577,0.00497187709947328,-0.00607361121845323,0.0101603939695632,-0.00757164942275667,0.00429808337736985,-0.0137649331031877,-0.020320163459421,0.00925721705084553,0.0212746213563593
-0.00320922057412801,-0.0370852401888845,0.00144850099157499,-0.00757164942275667,0.0084780110347574,-0.0150844142921943,0.0011397383606802,0.0192063218237996,0.0125385602826984,0.0115323652129197
0.0195665381290494,-0.000162339022330957,0.0135848992966179,0.00429808337736985,-0.0150844142921943,0.00616685081154364,0.00887715041772203,0.00646353655766313,0.00871076304453726,-0.0189495913981146
0.012392659173606,-0.00343608609031037,-0.0167792989082299,-0.0137649331031877,0.0011397383606802,0.00887715041772203,-0.00397779313774176,0.00964452782480333,-0.0225791109985179,-0.0294661560001974
0.00910157788523853,0.0179141304461321,0.00904874297111284,-0.020320163459421,0.0192063218237996,0.00646353655766313,0.00964452782480333,0.0139314178186568,-0.0159116013907187,-0.0298167627746836
0.0117507981757479,-0.000314254881917098,0.0217219778044603,0.00925721705084553,0.0125385602826984,0.00871076304453726,-0.0225791109985179,-0.0159116013907187,0.0221593470935572,0.0484423769757972
0.0264048635251206,-0.0150978807482396,0.0168963249513139,0.0212746213563593,0.0115323652129197,-0.0189495913981146,-0.0294661560001974,-0.0298167627746836,0.0484423769757972,0.0381722728680537
