"V1","V2","V3","V4","V5","V6","V7","V8","V9","V10"
-0.0013051976717914,-0.00552087971117744,-0.00517896320361446,0.00653498123952249,0.0021484425016017,0.00639449919841162,-0.000732514753012227,0.0319370018673026,-0.00253999698283259,0.00504827016914892
-0.00552087971117744,-0.0328370914706644,-0.0217591004358783,0.018102454393641,-0.000846730812957802,0.00424770177690763,0.00487622063805496,0.0051501442239797,0.00200422048671148,-0.0240856878871763
-0.00517896320361446,-0.0217591004358783,-0.0135382679099368,0.00827350573086162,0.00300327373715475,-0.0102052088247353,0.0195004603065797,0.0387722598646678,-0.000709183366668376,-0.0277575015010659
0.00653498123952249,0.018102454393641,0.00827350573086162,-0.0270091588458008,-0.021663453504851,0.0173519214948316,-0.00126674956963978,0.00322682545168693,-0.00516944358468038,-0.0295332395238863
0.0021484425016017,-0.000846730812957802,0.00300327373715475,-0.021663453504851,-0.0208065604505397,0.00253159687838653,0.013334653693568,-0.0111974862650404,0.00129274730777179,0.000959566719395013
0.00639449919841162,0.00424770177690763,-0.0102052088247353,0.0173519214948316,0.00253159687838653,-0.00560797350825455,0.000757210328860802,0.00133456586754949,-0.00443539394477456,-0.00988858316886458
-0.000732514753012227,0.00487622063805496,0.0195004603065797,-0.00126674956963978,0.013334653693568,0.000757210328860802,0.0140500344444657,0.00369866852183887,-0.00491085141832041,0.0272105233886165
0.0319370018673026,0.0051501442239797,0.0387722598646678,0.00322682545168693,-0.0111974862650404,0.00133456586754949,0.00369866852183887,-0.0243598623048921,-0.028559058950863,0.0148118192493072
-0.00253999698283259,0.00200422048671148,-0.000709183366668376,-0.00516944358468038,0.00129274730777179,-0.00443539394477456,-0.00491085141832041,-0.028559058950863,-0.0159765115628961,0.00281492678710007
0.00504827016914892,-0.0240856878871763,-0.0277575015010659,-0.0295332395238863,0.000959566719395013,-0.00988858316886458,0.0272105233886165,0.0148118192493072,0.00281492678710007,-0.00129379162251184
