"V1","V2","V3","V4","V5","V6","V7","V8","V9","V10"
-0.0242046289792663,0.00406220917289746,-0.00680875134532967,-0.0218210148485728,0.0222995208764689,-0.000221509493630643,0.0127745233830376,0.0189414468902624,-0.0150525752993228,-0.00296705625893942
0.00406220917289746,0.0224788426531696,-0.0309009571244132,0.00942227304513365,0.0169932386832229,-0.00165442457401919,-0.00555277810336714,0.0106149899937564,-0.00809263579895125,0.0192404128227778
-0.00680875134532967,-0.0309009571244132,0.0253703235046946,0.00465328563276667,-0.0362013307233876,0.00534258171125731,0.00209472490799311,0.0313055961431406,0.00596810244700304,-0.00330019939834498
-0.0218210148485728,0.00942227304513365,0.00465328563276667,-0.00831449767254064,0.0172191393144308,-0.0275793622510995,0.000347456968713947,0.00593919366778937,5.08826920556163e-05,0.0115289842509361
0.0222995208764689,0.0169932386832229,-0.0362013307233876,0.0172191393144308,0.00932984179668903,-0.0260730268783209,-0.00686467375663951,0.00730649599813956,-0.0401971244382684,-0.00735262224287105
-0.000221509493630643,-0.00165442457401919,0.00534258171125731,-0.0275793622510995,-0.0260730268783209,0.0134356197593999,-0.010530799478535,-0.0291513261738627,0.00380233041832608,0.0296192359131251
0.0127745233830376,-0.00555277810336714,0.00209472490799311,0.000347456968713947,-0.00686467375663951,-0.010530799478535,0.031713606036651,-0.00695418553662771,0.0382837828209897,-0.00276879153792743
0.0189414468902624,0.0106149899937564,0.0313055961431406,0.00593919366778937,0.00730649599813956,-0.0291513261738627,-0.00695418553662771,-0.0143029328238522,0.0101205850716214,-0.0122318538448351
-0.0150525752993228,-0.00809263579895125,0.00596810244700304,5.08826920556163e-05,-0.0401971244382684,0.00380233041832608,0.0382837828209897,0.0101205850716214,0.00928405651932676,-0.0297277289251322
-0.00296705625893942,0.0192404128227778,-0.00330019939834498,0.0115289842509361,-0.00735262224287105,0.0296192359131251,-0.00276879153792743,-0.0122318538448351,-0.0297277289251322,0.0177729359359699
