"V1","V2","V3","V4","V5","V6","V7","V8","V9","V10"
-0.0165178622729107,0.00322559793010041,0.00417543625218969,-0.0121082102849456,0.00535190416515759,-0.0145417767468536,0.0338309671632029,-0.00913852310048391,-0.0140802682805853,-0.000534725325172681
0.00322559793010041,0.00968995278301483,0.0200247447939061,0.00560756402902423,-0.00714389930253511,-0.0216970290347896,0.0125935762490021,-0.0334300293696708,0.0241688081016711,-0.00612802982716843
0.00417543625218969,0.0200247447939061,0.0438039777123071,0.00735091499207446,-0.0244865438881618,-0.000542433369550758,-0.0262461751340951,-0.0125833877615355,-0.00256298544064196,0.00961777324642679
-0.0121082102849456,0.00560756402902423,0.00735091499207446,-0.0210303189511456,0.0153094885063663,-0.030175050497739,-0.0396749097861798,0.00654205157795434,0.00650413525542466,0.0157810257789477
0.00535190416515759,-0.00714389930253511,-0.0244865438881618,0.0153094885063663,0.0019064896481364,0.0194833335338178,-0.00245328349684945,-0.00747529593061215,0.00561155856214903,0.0164624284196145
-0.0145417767468536,-0.0216970290347896,-0.000542433369550758,-0.030175050497739,0.0194833335338178,-0.0120066070934558,-0.0117967768881152,-0.0207504896595132,0.00807253480024171,0.0262349860795026
0.0338309671632029,0.0125935762490021,-0.0262461751340951,-0.0396749097861798,-0.00245328349684945,-0.0117967768881152,-0.000529107802047579,-0.00926883323861894,0.0270512351420656,-0.00338624562380646
-0.00913852310048391,-0.0334300293696708,-0.0125833877615355,0.00654205157795434,-0.00747529593061215,-0.0207504896595132,-0.00926883323861894,-0.0291702736123727,0.0144614061617991,0.0120783648084125
-0.0140802682805853,0.0241688081016711,-0.00256298544064196,0.00650413525542466,0.00561155856214903,0.00807253480024171,0.0270512351420656,0.0144614061617991,-0.0372986686080042,-0.0194161219833698
-0.000534725325172681,-0.00612802982716843,0.00961777324642679,0.0157810257789477,0.0164624284196145,0.0262349860795026,-0.00338624562380646,0.0120783648084125,-0.0194161219833698,-0.00642157257056262
