"V1","V2","V3","V4","V5","V6","V7","V8","V9","V10"
-0.0187341089878216,-0.004870953890195,-0.0243163189835381,0.0151597937051802,-0.00151969973216402,0.017777519461409,-0.00975289100093352,0.029832746732211,0.0200064045389621,-0.0111888839088168
-0.004870953890195,-0.0396090168958672,0.00200245961340641,-0.00468477345757667,-0.0218384162525779,-0.0161400853395258,0.0311258017858801,0.00253890024888031,0.00878167356207558,0.0072634469706622
-0.0243163189835381,0.00200245961340641,0.0308081077429516,0.0219715337630911,-0.0224068018163921,-0.0162448692866907,0.0135173500516276,0.00191720048354326,0.0057522077789562,-0.051040757935316
0.0151597937051802,-0.00468477345757667,0.0219715337630911,0.0370265530990467,-0.00956300926011257,-0.0121078358249278,0.0199756311303123,-0.00407194380832473,-0.00374538088083392,-0.0189618399097716
-0.00151969973216402,-0.0218384162525779,-0.0224068018163921,-0.00956300926011257,-0.0352418087806516,-0.0146773180393965,0.0180560807228602,0.0218833515747039,0.0128379954506701,0.0261741859146341
0.017777519461409,-0.0161400853395258,-0.0162448692866907,-0.0121078358249278,-0.0146773180393965,0.0167988231195436,-0.0244769198579374,0.00206736629567271,0.00486484926588707,0.0185776037027784
-0.00975289100093352,0.0311258017858801,0.0135173500516276,0.0199756311303123,0.0180560807228602,-0.0244769198579374,-0.00126565439195367,0.0348867811204734,-0.0106511572379454,0.00190141088925235
0.029832746732211,0.00253890024888031,0.00191720048354326,-0.00407194380832473,0.0218833515747039,0.00206736629567271,0.0348867811204734,-0.0376191806355029,0.0256475271679759,-0.00383279423641586
0.0200064045389621,0.00878167356207558,0.0057522077789562,-0.00374538088083392,0.0128379954506701,0.00486484926588707,-0.0106511572379454,0.0256475271679759,-0.0163470985345946,0.0175981524825598
-0.0111888839088168,0.0072634469706622,-0.051040757935316,-0.0189618399097716,0.0261741859146341,0.0185776037027784,0.00190141088925235,-0.00383279423641586,0.0175981524825598,0.0468291593124114
