"V1","V2","V3","V4","V5","V6","V7","V8","V9","V10"
-0.0183736420757871,0.0125431463805258,0.00606075293584154,-0.0302122905193354,-0.00299148523217147,-0.00722394033399456,0.00272756510566048,0.0082715961265638,-0.0325896377172576,-0.0183287153364851
0.0125431463805258,-0.00473187615302351,-0.0214319974424967,0.00642858863011539,0.00652401268223517,-0.00277299876876815,0.000803116483658593,-0.015506270452327,-0.0243910952811751,-0.0137353437664051
0.00606075293584154,-0.0214319974424967,-0.00359563138371739,-0.0091935868444452,0.00532856709782452,-0.018646005445511,0.0382677856721316,-0.00180418698050419,0.00729458681744113,0.00856044188141051
-0.0302122905193354,0.00642858863011539,-0.0091935868444452,0.0440392305001223,-0.00999892631323215,0.035441580686603,0.0304799128397003,0.013210753660501,0.0125692348175815,0.0132673659552776
-0.00299148523217147,0.00652401268223517,0.00532856709782452,-0.00999892631323215,0.0512705822953372,-0.00322228468800755,0.0154157316865164,-0.0093897077925355,-0.0304638829458225,-0.00633161936742956
-0.00722394033399456,-0.00277299876876815,-0.018646005445511,0.035441580686603,-0.00322228468800755,0.0269425912310328,-0.0367041953707626,0.00488715945824382,-0.0145083809168875,0.0087794150927546
0.00272756510566048,0.000803116483658593,0.0382677856721316,0.0304799128397003,0.0154157316865164,-0.0367041953707626,-0.00812372709259341,-0.00835848452668308,-0.0124875873053818,-0.000464534192520055
0.0082715961265638,-0.015506270452327,-0.00180418698050419,0.013210753660501,-0.0093897077925355,0.00488715945824382,-0.00835848452668308,0.00836152868091884,0.0342369208198703,-0.0240896074367219
-0.0325896377172576,-0.0243910952811751,0.00729458681744113,0.0125692348175815,-0.0304638829458225,-0.0145083809168875,-0.0124875873053818,0.0342369208198703,-0.0154799694895907,0.0160143350333491
-0.0183287153364851,-0.0137353437664051,0.00856044188141051,0.0132673659552776,-0.00633161936742956,0.0087794150927546,-0.000464534192520055,-0.0240896074367219,0.0160143350333491,0.0221372845548213
