"V1","V2","V3","V4","V5","V6","V7","V8","V9","V10"
-0.00440725718366242,-0.00800090019091272,0.00729655062978217,0.000842952596722407,0.0387003759974722,-0.0056312925638276,-0.0112331652888046,0.0105248709259823,-0.00725723037034255,0.0179183259019501
-0.00800090019091272,0.0263538817058515,0.000169992037579568,-0.0111379192568143,0.016762079451644,-0.00397553544929107,-0.0157067793067317,0.0141831633678412,-0.003792242382697,-0.00488927768101724
0.00729655062978217,0.000169992037579568,0.0191465553752058,0.00331282339341625,0.00033157741552927,0.000925728449655924,0.00118597808926867,-0.0189933025368713,0.0057370026366215,0.0232083323634436
0.000842952596722407,-0.0111379192568143,0.00331282339341625,-0.0304579731260692,0.0318505385205901,0.0191329500813019,-0.0162340659664915,0.0405137481383431,0.000768583034857787,0.0246695996316316
0.0387003759974722,0.016762079451644,0.00033157741552927,0.0318505385205901,-0.0136202468780873,0.0048439636312827,-0.00494606820968577,0.0135865373217981,0.0194362854517916,-0.00448983810260904
-0.0056312925638276,-0.00397553544929107,0.000925728449655924,0.0191329500813019,0.0048439636312827,-0.0112135814214791,0.0315623821183588,-0.00103158538324028,0.0137867546075431,-0.00270567473435112
-0.0112331652888046,-0.0157067793067317,0.00118597808926867,-0.0162340659664915,-0.00494606820968577,0.0315623821183588,0.0664951582397555,-0.00461066195688873,0.0473745146223027,-0.00488973356490899
0.0105248709259823,0.0141831633678412,-0.0189933025368713,0.0405137481383431,0.0135865373217981,-0.00103158538324028,-0.00461066195688873,-0.028784615680145,-0.0252856729563711,-0.0150280609385711
-0.00725723037034255,-0.003792242382697,0.0057370026366215,0.000768583034857787,0.0194362854517916,0.0137867546075431,0.0473745146223027,-0.0252856729563711,-0.0259325719557693,-0.0200890110466632
0.0179183259019501,-0.00488927768101724,0.0232083323634436,0.0246695996316316,-0.00448983810260904,-0.00270567473435112,-0.00488973356490899,-0.0150280609385711,-0.0200890110466632,0.0386639619527419
