"V1","V2","V3","V4","V5","V6","V7","V8","V9","V10"
-0.00665095586986069,0.0375022485122822,0.00533670038185874,-0.0186564605213577,-0.0341298401814341,0.00646104182918476,0.00968245852267327,0.0175783351212711,0.0308926254056594,0.00955595700052
0.0375022485122822,-0.00446828958694696,0.0143876405834224,-0.00885042213360043,-0.00700632939521494,-0.0221168465044475,0.010886791631983,-0.0066289444153771,0.0293814404959262,0.0313565141338702
0.00533670038185874,0.0143876405834224,0.0176366788285437,0.0117366456336119,-0.0281226033087191,-0.022407495855374,0.0139704913762926,0.0286843873766046,0.0329857692822238,0.010391190037499
-0.0186564605213577,-0.00885042213360043,0.0117366456336119,0.0044690401454984,0.00605008934949469,-0.0309422048378915,-0.00286386512083769,0.0214705426880704,-0.000501255055044721,0.0174005360731637
-0.0341298401814341,-0.00700632939521494,-0.0281226033087191,0.00605008934949469,0.00077206282918707,0.0112929172530601,-0.0351768419347308,-0.00841620748265666,0.0228844639075371,-0.00824442931682178
0.00646104182918476,-0.0221168465044475,-0.022407495855374,-0.0309422048378915,0.0112929172530601,0.00448282094340886,0.00788239352142489,0.00106146272646537,-0.00840164392118181,0.0065738869364268
0.00968245852267327,0.010886791631983,0.0139704913762926,-0.00286386512083769,-0.0351768419347308,0.00788239352142489,-0.0244178051947157,0.00611767965872135,0.0201385865968436,-0.000205215737457925
0.0175783351212711,-0.0066289444153771,0.0286843873766046,0.0214705426880704,-0.00841620748265666,0.00106146272646537,0.00611767965872135,-0.0378426455384507,0.0101202867931462,-0.0129307169577758
0.0308926254056594,0.0293814404959262,0.0329857692822238,-0.000501255055044721,0.0228844639075371,-0.00840164392118181,0.0201385865968436,0.0101202867931462,0.0422581887689055,-0.0174409271645384
0.00955595700052,0.0313565141338702,0.010391190037499,0.0174005360731637,-0.00824442931682178,0.0065738869364268,-0.000205215737457925,-0.0129307169577758,-0.0174409271645384,0.0487384924004762
