"V1","V2","V3","V4","V5","V6","V7","V8","V9","V10"
-0.0163299178591168,-0.00954214040278041,-0.0105149199260634,0.00148361842570468,0.00731057792049473,0.0101417405005431,0.000206814108295137,-0.00853814372786643,-0.0140771830080692,-0.0173855034653554
-0.00954214040278041,0.0208808328781976,0.00163287107389139,-0.00613559472931604,-0.013685297943349,0.0170472663838209,-0.0264512571041421,0.00514764062120412,0.015037361068108,-0.00265180742823442
-0.0105149199260634,0.00163287107389139,-0.00915074413702177,-0.0188048958602723,0.019269717592498,-0.000942727856578422,0.0328930359022435,-0.00530051207078029,-0.00616780223183757,-0.0139470059109631
0.00148361842570468,-0.00613559472931604,-0.0188048958602723,-0.0161808183775492,0.00786223644206864,0.0176508653375254,-0.0102396568524986,-0.0160230808177075,-0.0177738708577304,-0.00954167604879981
0.00731057792049473,-0.013685297943349,0.019269717592498,0.00786223644206864,0.00408198850255745,0.00975890314202301,-0.00752098124841135,0.0102932392769179,-0.0154878898795387,0.006565881556447
0.0101417405005431,0.0170472663838209,-0.000942727856578422,0.0176508653375254,0.00975890314202301,-0.00438850353277007,0.00436562382542454,0.00140914157202716,0.0189373065237865,0.0231551164311471
0.000206814108295137,-0.0264512571041421,0.0328930359022435,-0.0102396568524986,-0.00752098124841135,0.00436562382542454,0.0282032320299091,-0.0135504306901197,0.0275100342977656,-0.0180276949636932
-0.00853814372786643,0.00514764062120412,-0.00530051207078029,-0.0160230808177075,0.0102932392769179,0.00140914157202716,-0.0135504306901197,-0.00478857272455047,0.0198532072796242,-0.0102955203801458
-0.0140771830080692,0.015037361068108,-0.00616780223183757,-0.0177738708577304,-0.0154878898795387,0.0189373065237865,0.0275100342977656,0.0198532072796242,0.0110015259928741,-0.00262970802611858
-0.0173855034653554,-0.00265180742823442,-0.0139470059109631,-0.00954167604879981,0.006565881556447,0.0231551164311471,-0.0180276949636932,-0.0102955203801458,-0.00262970802611858,0.0264382530209677
