"V1","V2","V3","V4","V5","V6","V7","V8","V9","V10"
-0.0175021385182373,-0.003679917033851,0.0246839715140012,0.00153592034357424,0.00677128573825551,-0.0232110434151268,-0.000481105873219292,-0.0176917753581036,-0.000969369962828686,0.0114425994062408
-0.003679917033851,-0.00221962770919213,-0.0169200915048897,0.0307260400509844,0.001246841899274,-0.027710152205531,0.00486668709457042,0.0338663435698642,0.00392700526774241,-0.0219652796561423
0.0246839715140012,-0.0169200915048897,0.0407265261112904,-0.021609479014739,-0.0162467208989071,-0.00951052489909415,-0.0301072917366626,-0.010434218337803,0.00810401179398818,-0.0281174151240789
0.00153592034357424,0.0307260400509844,-0.021609479014739,0.0305033745573262,-0.0197620518686479,-0.00456833061680465,-0.0224004663766808,0.00424118973293351,-0.00505537731216953,0.0125952809969771
0.00677128573825551,0.001246841899274,-0.0162467208989071,-0.0197620518686479,-0.0408585717375828,0.00852871984866131,0.0195116197848583,0.0122627400131176,0.0126219709708187,0.0157603191319646
-0.0232110434151268,-0.027710152205531,-0.00951052489909415,-0.00456833061680465,0.00852871984866131,-0.0217399197680169,-0.0208123395062802,-0.00150410642569962,-0.0224302288690483,-0.0194024665409334
-0.000481105873219292,0.00486668709457042,-0.0301072917366626,-0.0224004663766808,0.0195116197848583,-0.0208123395062802,-0.006734222170041,-0.00326146973578583,0.00620108748287629,-0.0181890970514098
-0.0176917753581036,0.0338663435698642,-0.010434218337803,0.00424118973293351,0.0122627400131176,-0.00150410642569962,-0.00326146973578583,0.0151886255121177,0.0126913123324323,0.00293986884606157
-0.000969369962828686,0.00392700526774241,0.00810401179398818,-0.00505537731216953,0.0126219709708187,-0.0224302288690483,0.00620108748287629,0.0126913123324323,0.0140612141033513,0.0123770640141656
0.0114425994062408,-0.0219652796561423,-0.0281174151240789,0.0125952809969771,0.0157603191319646,-0.0194024665409334,-0.0181890970514098,0.00293986884606157,0.0123770640141656,-0.00539017950925518
