"V1","V2","V3","V4","V5","V6","V7","V8","V9","V10"
-0.0333910498832361,-0.0173532728102473,0.0366563231379244,-0.00435159546538544,0.00863569467433849,0.0176581562560822,3.38703324763195e-05,0.0154495378930504,-0.0119401099310051,-0.0299850525775932
-0.0173532728102473,0.0105350635535615,-0.00801007256848455,-0.0419401618679891,0.013203958200846,-0.00181026637349896,-0.0104277711606829,0.00712258825876369,-0.0203543953894378,-0.0102667143607389
0.0366563231379244,-0.00801007256848455,0.0634462966282174,0.0155424002368719,-0.0429241618611832,-0.00541319449867387,-0.0158076626658972,0.00401770699715084,-0.0205751732689971,-0.0219338952794839
-0.00435159546538544,-0.0419401618679891,0.0155424002368719,-0.0100987924198825,-0.0216051687982961,-0.0404803145456532,-0.0149510858658656,-0.0268931589183784,0.0131570546480759,0.00378570876120718
0.00863569467433849,0.013203958200846,-0.0429241618611832,-0.0216051687982961,0.0223011828894222,-0.00872954604714171,-0.031102113265035,-0.00121872720984494,0.0182973253860396,0.00377773535902619
0.0176581562560822,-0.00181026637349896,-0.00541319449867387,-0.0404803145456532,-0.00872954604714171,0.0324610970405583,0.0133927608287587,-0.00806666738091824,-0.0100105496366637,-0.00522965590227401
3.38703324763195e-05,-0.0104277711606829,-0.0158076626658972,-0.0149510858658656,-0.031102113265035,0.0133927608287587,-0.0218731336388057,0.0171303665345319,-0.00571387401202767,0.01206506345385
0.0154495378930504,0.00712258825876369,0.00401770699715084,-0.0268931589183784,-0.00121872720984494,-0.00806666738091824,0.0171303665345319,0.00336290981965812,-0.0199443629340495,0.0297274842426626
-0.0119401099310051,-0.0203543953894378,-0.0205751732689971,0.0131570546480759,0.0182973253860396,-0.0100105496366637,-0.00571387401202767,-0.0199443629340495,-0.00576836059608907,-0.011712742939751
-0.0299850525775932,-0.0102667143607389,-0.0219338952794839,0.00378570876120718,0.00377773535902619,-0.00522965590227401,0.01206506345385,0.0297274842426626,-0.011712742939751,-0.00193028994997766
