"V1","V2","V3","V4","V5","V6","V7","V8","V9","V10"
-0.0285172747190872,-0.00512934100651428,-0.00875753359130598,0.0272498173964295,0.0249281887542631,-0.00855044215354964,0.00491379809969819,0.00185599065596129,0.0117394822760567,0.0112686878707726
-0.00512934100651428,0.0107870598983046,0.0109779401594662,0.0454688426200715,-0.0192127119598673,-0.0166497785120103,-0.00528098924499309,0.00367298641755123,0.00496360986053962,0.000144010058355162
-0.00875753359130598,0.0109779401594662,-0.00387855619974775,0.0161014633512199,-0.0171824254751296,0.00570530189567458,0.0138661330102735,0.000378968565350626,0.0136375024431702,-0.0167077774554895
0.0272498173964295,0.0454688426200715,0.0161014633512199,0.0225176362077231,-0.0320511479959755,0.018469255677592,0.00419905509982599,0.0261510133140889,0.0237158872250161,0.0429087682865144
0.0249281887542631,-0.0192127119598673,-0.0171824254751296,-0.0320511479959755,0.0223736893379747,0.00683188553413423,0.00423146435503645,-0.0140143928766417,-0.0110554676817536,0.0154547635339176
-0.00855044215354964,-0.0166497785120103,0.00570530189567458,0.018469255677592,0.00683188553413423,-0.0367136703805092,-0.0212546485526211,-0.00969520272884939,-0.0177723478398747,0.00226193110238144
0.00491379809969819,-0.00528098924499309,0.0138661330102735,0.00419905509982599,0.00423146435503645,-0.0212546485526211,0.0273208743932332,-0.00191182833563184,0.00123903909676196,-0.00551176132394894
0.00185599065596129,0.00367298641755123,0.000378968565350626,0.0261510133140889,-0.0140143928766417,-0.00969520272884939,-0.00191182833563184,-0.00665388020531079,0.0024170982472819,0.00608683471143304
0.0117394822760567,0.00496360986053962,0.0136375024431702,0.0237158872250161,-0.0110554676817536,-0.0177723478398747,0.00123903909676196,0.0024170982472819,0.0216011910773648,-0.00364225732480598
0.0112686878707726,0.000144010058355162,-0.0167077774554895,0.0429087682865144,0.0154547635339176,0.00226193110238144,-0.00551176132394894,0.00608683471143304,-0.00364225732480598,-0.00588343527944257
