"V1","V2","V3","V4","V5","V6","V7","V8","V9","V10"
0.0113822248130243,-0.0166490732180864,0.0509850120635302,0.00425226347575384,0.00311451672669965,0.0248531519991039,-0.0347021426007272,-0.0116272795442307,-0.0105240123091452,-0.0303144731845872
-0.0166490732180864,0.00274759558669306,-0.0087757515447305,-0.000761351580613289,-0.0458096278070072,-0.0321003361775115,-0.00203767009546187,-0.00119957044289127,0.0143394525920473,-0.012309062809121
0.0509850120635302,-0.0087757515447305,-0.0249137900686853,0.000145950486222993,-0.00510687413645534,0.00851107760746253,-0.0265896364589426,-0.00774274940871254,0.00372359706278602,0.00718150056227469
0.00425226347575384,-0.000761351580613289,0.000145950486222993,0.00941431728336493,-0.00660104153508624,-0.00979317112812725,0.0057238296629102,0.0102408065301571,0.00863803122062971,0.0113794971811396
0.00311451672669965,-0.0458096278070072,-0.00510687413645534,-0.00660104153508624,-0.00949571821284334,-0.00745585984972611,0.0282698181520941,0.0171743133487213,0.0191972512498744,0.00369010717212935
0.0248531519991039,-0.0321003361775115,0.00851107760746253,-0.00979317112812725,-0.00745585984972611,-0.00333063666151501,0.0102507856339393,-0.00567291739648558,-0.0102209348604151,-0.025291745678698
-0.0347021426007272,-0.00203767009546187,-0.0265896364589426,0.0057238296629102,0.0282698181520941,0.0102507856339393,0.00101180748939105,0.0185346134700486,0.00657339123568811,0.00421634326293764
-0.0116272795442307,-0.00119957044289127,-0.00774274940871254,0.0102408065301571,0.0171743133487213,-0.00567291739648558,0.0185346134700486,-0.037412023343448,-0.00179193127323712,0.00772412055604842
-0.0105240123091452,0.0143394525920473,0.00372359706278602,0.00863803122062971,0.0191972512498744,-0.0102209348604151,0.00657339123568811,-0.00179193127323712,0.0136456851908328,0.00320169749104761
-0.0303144731845872,-0.012309062809121,0.00718150056227469,0.0113794971811396,0.00369010717212935,-0.025291745678698,0.00421634326293764,0.00772412055604842,0.00320169749104761,-0.0375185806467601
