"V1","V2","V3","V4","V5","V6","V7","V8","V9","V10"
-0.0310405660532887,-0.00419738830554515,-0.00525682854949217,-0.0186778243785783,-0.00133571517868089,-0.0074339635433228,0.0158222530155932,-0.0153793929543399,-0.0246929247445598,-0.0147139852092391
-0.00419738830554515,-0.0260735933774889,-0.0073912631593059,-0.00714981195944669,-0.0311550555719038,-0.0211530231633667,-0.00117570281285446,-0.0175541308469097,-0.00372080919322429,-0.0302239574870648
-0.00525682854949217,-0.0073912631593059,0.0597607604682129,0.0209320421545359,0.00933997191903346,0.0215694149467566,-0.021143508914972,-0.0029060558520571,-0.0181304996145963,0.0463039851630684
-0.0186778243785783,-0.00714981195944669,0.0209320421545359,-0.0152607915739157,-0.00704430087595122,0.0143361931863578,-0.0201054448348116,-0.00323359162669256,-0.013459983419937,0.0210406314991274
-0.00133571517868089,-0.0311550555719038,0.00933997191903346,-0.00704430087595122,0.0281516996097771,-0.00423109501240394,0.0248374323015435,-0.0303132060015959,0.00347052333977483,0.022009867200111
-0.0074339635433228,-0.0211530231633667,0.0215694149467566,0.0143361931863578,-0.00423109501240394,0.0136152493825155,0.00515633762159675,0.0137884765863002,0.00300525462702153,-0.01563543264617
0.0158222530155932,-0.00117570281285446,-0.021143508914972,-0.0201054448348116,0.0248374323015435,0.00515633762159675,-0.00989298877196574,-0.02144926739906,-0.0227120790244582,-0.0271691748194652
-0.0153793929543399,-0.0175541308469097,-0.0029060558520571,-0.00323359162669256,-0.0303132060015959,0.0137884765863002,-0.02144926739906,-0.010069070392545,-0.0175379781463821,0.0133240414749486
-0.0246929247445598,-0.00372080919322429,-0.0181304996145963,-0.013459983419937,0.00347052333977483,0.00300525462702153,-0.0227120790244582,-0.0175379781463821,-0.0156145456270659,-0.0271307402025875
-0.0147139852092391,-0.0302239574870648,0.0463039851630684,0.0210406314991274,0.022009867200111,-0.01563543264617,-0.0271691748194652,0.0133240414749486,-0.0271307402025875,-0.00986342613012483
