"V1","V2","V3","V4","V5","V6","V7","V8","V9","V10"
-0.0400393979823469,0.0261608890184049,0.0250592972684049,0.0201315808720095,-0.00331511855195907,0.00257023919025991,-0.00442873750574411,0.00750758891685759,-0.0346361605564134,-0.0138245350559236
0.0261608890184049,-0.00256757238107508,0.0150360169239609,-4.19132847965298e-05,-0.0196295314583536,-0.0172624957497086,0.00230045821213143,0.00645757710216534,0.00798717702196075,-0.00396800499878339
0.0250592972684049,0.0150360169239609,-0.0495285956764753,0.0178951083527093,0.00151044168877026,0.00598834734576128,-0.0211503117772896,0.0121139236350345,-0.00300130568912929,0.00475837444849065
0.0201315808720095,-4.19132847965298e-05,0.0178951083527093,-0.037303120270889,0.0194879886706765,0.0306647719895245,-0.013479300617633,0.018486580265334,0.00723652359181347,-0.0169569574149125
-0.00331511855195907,-0.0196295314583536,0.00151044168877026,0.0194879886706765,0.00521860165735872,0.0109886247279481,-0.0350426218283667,0.0119750959521494,-0.0185144139569392,0.00715837042277623
0.00257023919025991,-0.0172624957497086,0.00598834734576128,0.0306647719895245,0.0109886247279481,-0.0244161774702126,-0.001513516620266,0.00463805273407174,0.00366038850247458,0.00202014659169004
-0.00442873750574411,0.00230045821213143,-0.0211503117772896,-0.013479300617633,-0.0350426218283667,-0.001513516620266,-0.000557440762304351,-0.0315158887950761,0.00502028183073086,-0.000180032536811792
0.00750758891685759,0.00645757710216534,0.0121139236350345,0.018486580265334,0.0119750959521494,0.00463805273407174,-0.0315158887950761,-0.0168056101477326,-0.00429280738247538,0.00762587878627478
-0.0346361605564134,0.00798717702196075,-0.00300130568912929,0.00723652359181347,-0.0185144139569392,0.00366038850247458,0.00502028183073086,-0.00429280738247538,-0.0100133957060597,-0.0065455821030507
-0.0138245350559236,-0.00396800499878339,0.00475837444849065,-0.0169569574149125,0.00715837042277623,0.00202014659169004,-0.000180032536811792,0.00762587878627478,-0.0065455821030507,-0.0401069166939532
