"V1","V2","V3","V4","V5","V6","V7","V8","V9","V10"
0.000139111413376014,-0.0093097298487055,-0.00569380619449347,-0.0181748533634775,-0.0122885238781092,0.0161214876767061,0.00377379162645707,0.0143531737692143,0.0113282971581771,0.0163699253573002
-0.0093097298487055,-0.00355253611447741,0.0140275648966791,-0.00216771803683261,0.00646571928558619,0.0298074935204279,0.00127770021856302,0.0135442182192843,0.0143584147470569,0.000924524562111842
-0.00569380619449347,0.0140275648966791,0.000449062855105464,0.0139915058002037,-0.0225341893748525,-0.00684331264535843,-0.0170880739887001,0.0153760076693813,0.0144517683798602,-0.00224361296891606
-0.0181748533634775,-0.00216771803683261,0.0139915058002037,0.0069984978740151,0.0260305984947092,-0.0288721920366865,-0.0358137587439226,-0.0544730150541301,-0.00170074740792992,-0.00294536830502065
-0.0122885238781092,0.00646571928558619,-0.0225341893748525,0.0260305984947092,0.00768094754710993,-0.0213650142073311,0.0134349221930358,-0.0110660781707173,0.00313170372813219,-0.0203351109408497
0.0161214876767061,0.0298074935204279,-0.00684331264535843,-0.0288721920366865,-0.0213650142073311,-0.0422696794445375,0.0104149118622316,0.00331890417284989,0.00568026206426706,0.0252516401531402
0.00377379162645707,0.00127770021856302,-0.0170880739887001,-0.0358137587439226,0.0134349221930358,0.0104149118622316,-0.0333957335591902,0.00301244583193046,0.0201059083687915,-0.0152620784704607
0.0143531737692143,0.0135442182192843,0.0153760076693813,-0.0544730150541301,-0.0110660781707173,0.00331890417284989,0.00301244583193046,0.0060244200046575,0.0150763672714173,0.0144103623429812
0.0113282971581771,0.0143584147470569,0.0144517683798602,-0.00170074740792992,0.00313170372813219,0.00568026206426706,0.0201059083687915,0.0150763672714173,0.0161742415887135,0.00731505207815712
0.0163699253573002,0.000924524562111842,-0.00224361296891606,-0.00294536830502065,-0.0203351109408497,0.0252516401531402,-0.0152620784704607,0.0144103623429812,0.00731505207815712,0.00502533072160913
