"V1","V2","V3","V4","V5","V6","V7","V8","V9","V10"
-0.0188720376071856,-0.0209216108506951,0.0157729742647403,-0.00698238445981217,0.00385572705261347,-0.0142747323770826,0.0131101561172778,-0.0178552050317137,0.016655749899365,0.00800770675932609
-0.0209216108506951,0.0141116929626382,-0.0149638616716694,-0.0246020514241188,-0.00275233211866201,0.0125623061535493,0.00384117177498554,-0.00281099279056686,-0.000409470255595651,0.0323740583954564
0.0157729742647403,-0.0149638616716694,0.0180263127763655,0.0142015033462763,-0.000945939890218433,-0.00082433614874662,-0.0385752427096745,-0.00611900979777666,0.0411928673087379,0.00250726166247858
-0.00698238445981217,-0.0246020514241188,0.0142015033462763,-0.0122213956935411,0.00529578748656783,-0.00824558031882842,-0.00918809327353162,0.0049948038330582,0.0182416795226008,-0.00993341990207944
0.00385572705261347,-0.00275233211866201,-0.000945939890218433,0.00529578748656783,-0.00633419778147648,0.00451435815936754,-0.0147256350058624,0.0237274055677352,0.00229315095447812,-0.0113642190522431
-0.0142747323770826,0.0125623061535493,-0.00082433614874662,-0.00824558031882842,0.00451435815936754,0.00980049559237335,-0.00309074555610347,0.013775330909063,-0.00467981356832409,0.0044818282002625
0.0131101561172778,0.00384117177498554,-0.0385752427096745,-0.00918809327353162,-0.0147256350058624,-0.00309074555610347,-0.0180393696102067,0.00423109542587557,0.0152946320759023,0.00727406005510997
-0.0178552050317137,-0.00281099279056686,-0.00611900979777666,0.0049948038330582,0.0237274055677352,0.013775330909063,0.00423109542587557,-0.00467926901429543,-0.0094888941638811,0.0163388699252196
0.016655749899365,-0.000409470255595651,0.0411928673087379,0.0182416795226008,0.00229315095447812,-0.00467981356832409,0.0152946320759023,-0.0094888941638811,0.0475864043936534,-0.00300956420799512
0.00800770675932609,0.0323740583954564,0.00250726166247858,-0.00993341990207944,-0.0113642190522431,0.0044818282002625,0.00727406005510997,0.0163388699252196,-0.00300956420799512,-0.0144059131226491
