"V1","V2","V3","V4","V5","V6","V7","V8","V9","V10"
-0.0359613066435219,0.00467824120220877,-0.0249488130675948,0.00660140463148691,0.00430228245426988,0.00624025459052704,-0.0180369262672888,0.00730941122954048,-0.0464937025557086,0.0377476274780322
0.00467824120220877,-0.0457347212218366,0.00742993633058781,-0.00790516100406938,0.00348633474766252,6.39793299382074e-06,0.00931253168797031,0.0236934321512663,0.0124872549363624,-0.00712786227272045
-0.0249488130675948,0.00742993633058781,0.037878856654281,-0.0611143974521301,0.0122618250583602,0.0222320692061098,0.0177738344561176,-0.00223973168005095,0.0088268052637867,0.0176170417021838
0.00660140463148691,-0.00790516100406938,-0.0611143974521301,-0.0148150471440381,0.00254008480980474,-0.0233385370864041,-0.0215015348813668,0.0150269854315635,0.0211427085446548,-0.0311084354064796
0.00430228245426988,0.00348633474766252,0.0122618250583602,0.00254008480980474,0.0052773061707617,0.00627286144976332,-0.00481820109021232,0.0132052331408885,0.00927121521063861,-0.0111433934947337
0.00624025459052704,6.39793299382074e-06,0.0222320692061098,-0.0233385370864041,0.00627286144976332,-0.00455156123974854,-0.0163244246053909,0.0164106091221818,-0.00793717228403356,-0.0391648324867624
-0.0180369262672888,0.00931253168797031,0.0177738344561176,-0.0215015348813668,-0.00481820109021232,-0.0163244246053909,0.0200341944073088,-0.00912002285259706,0.00608409992196671,-0.00474292412439658
0.00730941122954048,0.0236934321512663,-0.00223973168005095,0.0150269854315635,0.0132052331408885,0.0164106091221818,-0.00912002285259706,-0.0246762054468729,0.00911951193556095,0.00908069870654619
-0.0464937025557086,0.0124872549363624,0.0088268052637867,0.0211427085446548,0.00927121521063861,-0.00793717228403356,0.00608409992196671,0.00911951193556095,-0.0074297148857005,-0.0174597732344586
0.0377476274780322,-0.00712786227272045,0.0176170417021838,-0.0311084354064796,-0.0111433934947337,-0.0391648324867624,-0.00474292412439658,0.00908069870654619,-0.0174597732344586,0.0393958645285964
