"V1","V2","V3","V4","V5","V6","V7","V8","V9","V10"
-0.0127411669511634,-0.00350522292999217,0.0273717548562997,0.0194300362729031,0.0230763771735864,0.00813455199024017,0.000631273847721628,0.00378139222699057,-0.019014197146857,0.0128036878933458
-0.00350522292999217,0.0289153928963716,-0.016852142890291,0.0147498952636682,0.0234795016608011,0.00427807479085005,0.000206987092200525,-0.0121060712174421,0.00891434325357575,-0.0166182169836215
0.0273717548562997,-0.016852142890291,-0.0473626539119364,0.00228410265039736,0.000981437672172508,0.00327509525332643,0.00961504746445492,0.0180516099262929,2.74962620400106e-05,0.025471342134449
0.0194300362729031,0.0147498952636682,0.00228410265039736,0.00160694115381799,-0.013848648989939,0.00815604520272792,0.0156334671333221,0.0154391396807437,0.00330317445182284,-0.00212931403236641
0.0230763771735864,0.0234795016608011,0.000981437672172508,-0.013848648989939,-0.0369002835896175,0.0114820774053052,0.0180646246864365,0.00910733814328838,-0.0214448286969023,-0.0320070277887923
0.00813455199024017,0.00427807479085005,0.00327509525332643,0.00815604520272792,0.0114820774053052,-0.00102201497525529,0.015896556052201,0.0064670199010583,0.0096570593645597,-0.0133898079638095
0.000631273847721628,0.000206987092200525,0.00961504746445492,0.0156334671333221,0.0180646246864365,0.015896556052201,0.000597688875045943,0.0104097055900815,0.00647152099151404,-0.012515783778402
0.00378139222699057,-0.0121060712174421,0.0180516099262929,0.0154391396807437,0.00910733814328838,0.0064670199010583,0.0104097055900815,0.0117027921116568,-0.0181132670920716,0.0216364247870575
-0.019014197146857,0.00891434325357575,2.74962620400106e-05,0.00330317445182284,-0.0214448286969023,0.0096570593645597,0.00647152099151404,-0.0181132670920716,-0.0219952712703685,-0.0101175701723138
0.0128036878933458,-0.0166182169836215,0.025471342134449,-0.00212931403236641,-0.0320070277887923,-0.0133898079638095,-0.012515783778402,0.0216364247870575,-0.0101175701723138,9.18015585285703e-05
