"V1","V2","V3","V4","V5","V6","V7","V8","V9","V10"
-0.017042885579044,0.0158113474276053,-0.00120121334857466,0.0168294998460168,-0.00854482378012774,-0.0293878988516521,0.0010661519560116,-0.00743624340759469,0.0164448282238063,0.0195100961813307
0.0158113474276053,0.038962205474604,-0.0072207887013452,-0.0115237005101777,0.00455797241489624,0.0122836029046563,0.00666669878448249,-0.00563162549241123,-0.00328568867752851,0.0208085314520697
-0.00120121334857466,-0.0072207887013452,0.00600036569642997,-0.00503419326185389,0.0114111797500922,0.0108503278710731,0.0238255102664715,-0.00475782474882695,0.023789237673575,0.0156174507524412
0.0168294998460168,-0.0115237005101777,-0.00503419326185389,0.0139978345368768,0.01923882193966,0.00557028521092966,-0.0183446926836984,0.019406777458251,-0.00736870847190557,-0.00786767184023739
-0.00854482378012774,0.00455797241489624,0.0114111797500922,0.01923882193966,-0.0234765272033661,-0.00435009628996122,0.0282416123679643,-0.0109128908343009,-0.011639952220485,-0.0163389901012588
-0.0293878988516521,0.0122836029046563,0.0108503278710731,0.00557028521092966,-0.00435009628996122,0.00719322054737193,0.00270817695676369,-0.0427277218285813,-0.0340789319432152,0.00943243998227732
0.0010661519560116,0.00666669878448249,0.0238255102664715,-0.0183446926836984,0.0282416123679643,0.00270817695676369,-0.0241302857227249,0.00548135198954719,-0.00973146483157828,0.00150762343562466
-0.00743624340759469,-0.00563162549241123,-0.00475782474882695,0.019406777458251,-0.0109128908343009,-0.0427277218285813,0.00548135198954719,0.0165237921631157,0.042202987391301,0.0213128868365975
0.0164448282238063,-0.00328568867752851,0.023789237673575,-0.00736870847190557,-0.011639952220485,-0.0340789319432152,-0.00973146483157828,0.042202987391301,-0.023175120388667,-0.00844758223679102
0.0195100961813307,0.0208085314520697,0.0156174507524412,-0.00786767184023739,-0.0163389901012588,0.00943243998227732,0.00150762343562466,0.0213128868365975,-0.00844758223679102,0.0179037910748753
