"V1","V2","V3","V4","V5","V6","V7","V8","V9","V10"
0.00768746598034145,-0.0211690970012135,0.00338989008402777,0.00947915565197062,-0.00494935956219407,0.00741355164521988,-0.0333278002473727,0.0188843105341035,0.0056983332556428,-0.0207238238712791
-0.0211690970012135,0.0349959036710439,0.00271649827212664,0.0213874603933465,-0.0101926214414426,-0.00569717947521255,-0.0077216545924341,0.00371956248756993,0.016757216168818,-0.00412110113114713
0.00338989008402777,0.00271649827212664,0.0122395226530306,-0.000662452499663634,-0.00512428089325144,0.0175405481990513,0.0136503305154953,0.00852825514710532,0.0128012855059131,0.0135325914993652
0.00947915565197062,0.0213874603933465,-0.000662452499663634,0.0098491290261129,-0.0143235915738387,-0.0292779931360241,0.011761611728116,-0.0121161828651041,-0.00861743599642302,0.00375530900916414
-0.00494935956219407,-0.0101926214414426,-0.00512428089325144,-0.0143235915738387,-0.0290716717379456,0.00468232421365628,0.00232492480396498,0.012188244270903,-0.00986884899007269,0.0122751430670396
0.00741355164521988,-0.00569717947521255,0.0175405481990513,-0.0292779931360241,0.00468232421365628,0.0477908743256048,0.0113798442464649,0.00413973285521824,0.00336962410919742,-0.00247175460770639
-0.0333278002473727,-0.0077216545924341,0.0136503305154953,0.011761611728116,0.00232492480396498,0.0113798442464649,0.0188891820076958,-0.0236216419855652,-0.0132790560751105,0.0132754947462657
0.0188843105341035,0.00371956248756993,0.00852825514710532,-0.0121161828651041,0.012188244270903,0.00413973285521824,-0.0236216419855652,-0.0242824686886792,0.00674634665130778,-0.000573644388362779
0.0056983332556428,0.016757216168818,0.0128012855059131,-0.00861743599642302,-0.00986884899007269,0.00336962410919742,-0.0132790560751105,0.00674634665130778,0.000473503928806984,0.024055123589749
-0.0207238238712791,-0.00412110113114713,0.0135325914993652,0.00375530900916414,0.0122751430670396,-0.00247175460770639,0.0132754947462657,-0.000573644388362779,0.024055123589749,0.0237367233237812
