"V1","V2","V3","V4","V5","V6","V7","V8","V9","V10"
0.00884917294558918,0.00271190155317814,-0.0229232521691169,-0.0313257782054568,-0.0162490349278708,0.0425701711813447,-0.00497840941206396,-0.0361562565534806,-0.00944689084121269,-0.00589502762855861
0.00271190155317814,-0.023715250531979,0.0162683609839259,0.0109273487302183,0.0447723543343647,0.000685413234041396,0.0103221658682102,-0.00245449147403447,-0.0161400652170866,0.0163799418722371
-0.0229232521691169,0.0162683609839259,-0.0407033146114264,0.0237157732858333,-0.000170749568658454,-0.0209459586793347,-0.00960103973772754,0.0277575449843673,0.0126717587014024,0.0243233337907279
-0.0313257782054568,0.0109273487302183,0.0237157732858333,0.00818313679871794,-0.00913718264038814,0.000890515982527615,-0.00496184399508843,0.00780500985359007,-0.00552858741751433,-0.0124412995103064
-0.0162490349278708,0.0447723543343647,-0.000170749568658454,-0.00913718264038814,0.0339815533787358,-0.0193343131297607,0.00695657315784714,-0.0043155480885958,0.00472739796618695,0.00671090199205795
0.0425701711813447,0.000685413234041396,-0.0209459586793347,0.000890515982527615,-0.0193343131297607,0.00180418005689051,-0.00696663308627266,-0.00128606564315457,0.00831345795178701,-0.0121046074892268
-0.00497840941206396,0.0103221658682102,-0.00960103973772754,-0.00496184399508843,0.00695657315784714,-0.00696663308627266,0.00316911547460639,0.0130377615898888,0.0039558127510941,0.00424407360348206
-0.0361562565534806,-0.00245449147403447,0.0277575449843673,0.00780500985359007,-0.0043155480885958,-0.00128606564315457,0.0130377615898888,-0.0111912056884351,-0.010267857902254,-0.0043034858907135
-0.00944689084121269,-0.0161400652170866,0.0126717587014024,-0.00552858741751433,0.00472739796618695,0.00831345795178701,0.0039558127510941,-0.010267857902254,-0.0204879353379208,0.0226916595563934
-0.00589502762855861,0.0163799418722371,0.0243233337907279,-0.0124412995103064,0.00671090199205795,-0.0121046074892268,0.00424407360348206,-0.0043034858907135,0.0226916595563934,-0.00785146866766857
