"V1","V2","V3","V4","V5","V6","V7","V8","V9","V10"
-0.00767762253255047,0.0169130943772418,0.0156370938517515,-0.0536236863416465,-0.0137014914191502,0.0149698400497293,-0.00526016134783279,-0.00897724483520043,-0.00372238540737553,-0.00430697730506691
0.0169130943772418,0.00991970776474616,0.0159603679822189,0.00121404911262498,-0.0142155652676871,-0.0102028782089081,-0.010322161078141,-0.00734504701179494,0.0236794913373475,-0.0241018648859239
0.0156370938517515,0.0159603679822189,-0.0011403929495758,-0.0114399518974463,-0.00663504273996275,0.000503352432378075,0.0232133931037699,-0.00996580971885162,-0.0109134951544149,0.0119174862612736
-0.0536236863416465,0.00121404911262498,-0.0114399518974463,0.00932923407478237,-0.020959397216182,0.0332281908242712,0.0018252449731857,-0.0100776017793383,0.0281051545151351,0.00867638866334137
-0.0137014914191502,-0.0142155652676871,-0.00663504273996275,-0.020959397216182,0.0141565947467683,0.00109462187262158,0.00172571496589468,0.0402683319273207,-0.00543123777641396,0.0115807868961825
0.0149698400497293,-0.0102028782089081,0.000503352432378075,0.0332281908242712,0.00109462187262158,-0.0239946612957927,-0.0213455451464047,-0.0102380429106381,0.00883644607697257,0.0190460270868651
-0.00526016134783279,-0.010322161078141,0.0232133931037699,0.0018252449731857,0.00172571496589468,-0.0213455451464047,-0.0142334844903239,0.00490095267362889,0.00380420758102372,-0.0122909652733419
-0.00897724483520043,-0.00734504701179494,-0.00996580971885162,-0.0100776017793383,0.0402683319273207,-0.0102380429106381,0.00490095267362889,-0.0274785502177277,0.0351960876411252,0.000756428876435962
-0.00372238540737553,0.0236794913373475,-0.0109134951544149,0.0281051545151351,-0.00543123777641396,0.00883644607697257,0.00380420758102372,0.0351960876411252,0.0120047906827206,0.0252144701041042
-0.00430697730506691,-0.0241018648859239,0.0119174862612736,0.00867638866334137,0.0115807868961825,0.0190460270868651,-0.0122909652733419,0.000756428876435962,0.0252144701041042,-0.00702222707714539
