"V1","V2","V3","V4","V5","V6","V7","V8","V9","V10"
-0.00772712754738434,0.00785180433472435,-0.0112984166059012,0.00273963247847768,-0.00281487684304272,0.00344618178921748,-0.0249319799099719,0.01571491528404,-0.0236154310541844,-0.000106937201647092
0.00785180433472435,0.0117530882717202,-0.0217137205014001,-0.0184588082466272,-0.00189030088061129,0.0157783815968016,0.0102802107028579,0.016802427161181,0.00961244732113404,-0.0104253819008942
-0.0112984166059012,-0.0217137205014001,-0.00187993906033956,-0.00907228903122592,0.0172700373970667,-0.00280471389494481,0.00174529533751999,-0.0280092200910883,0.0109750928253101,0.0192526681678132
0.00273963247847768,-0.0184588082466272,-0.00907228903122592,-0.017891165847815,-0.00349167097525174,0.0114993530642248,0.0291746115749164,-0.0376781771998042,0.0290481868449095,-0.0049803624077096
-0.00281487684304272,-0.00189030088061129,0.0172700373970667,-0.00349167097525174,0.00793838790315351,-0.00492379247408154,-0.00166170206761174,-0.0105615554906048,0.0327978057472287,0.0227766837049931
0.00344618178921748,0.0157783815968016,-0.00280471389494481,0.0114993530642248,-0.00492379247408154,-0.00706593952646426,0.0183679605845482,0.01032946540591,0.0390902102071997,0.0144107600544615
-0.0249319799099719,0.0102802107028579,0.00174529533751999,0.0291746115749164,-0.00166170206761174,0.0183679605845482,0.00758802817118132,-0.0445466180628901,-0.0126277143928839,0.00112068075187054
0.01571491528404,0.016802427161181,-0.0280092200910883,-0.0376781771998042,-0.0105615554906048,0.01032946540591,-0.0445466180628901,0.0173247398537804,-0.0257824559801509,0.00349934786549081
-0.0236154310541844,0.00961244732113404,0.0109750928253101,0.0290481868449095,0.0327978057472287,0.0390902102071997,-0.0126277143928839,-0.0257824559801509,0.000736302683470935,0.0188846854923388
-0.000106937201647092,-0.0104253819008942,0.0192526681678132,-0.0049803624077096,0.0227766837049931,0.0144107600544615,0.00112068075187054,0.00349934786549081,0.0188846854923388,0.0064428337241589
