"V1","V2","V3","V4","V5","V6","V7","V8","V9","V10"
-0.0288692397666571,0.0232318976011063,0.0116590895201211,0.0166148100387461,0.00219208653067697,0.00801244225906855,0.00586869704431303,0.0155147664764966,0.0231540278949705,-0.0148640503141532
0.0232318976011063,0.0562065975609509,-0.00231830892654934,-0.0265316355435945,-0.0182657486987136,-0.0167297418252872,-0.0193591080248545,-0.0189565749503527,0.0207940208879417,-0.00249031027047601
0.0116590895201211,-0.00231830892654934,0.00744082129552157,0.0303907685441732,0.00282557126959178,-0.0113973525477461,0.0136292917401156,0.0220041125002225,0.0457128742754916,0.0011726797119151
0.0166148100387461,-0.0265316355435945,0.0303907685441732,-0.00617381266858124,-5.43311970379448e-05,-0.00277114923025653,-0.0119402044882369,-0.0250512561183031,-0.0140976201417033,-0.0188978019640548
0.00219208653067697,-0.0182657486987136,0.00282557126959178,-5.43311970379448e-05,-0.00439310610192731,0.0152768158905106,0.0035351461811948,-0.0232625766812558,-0.015941382099696,-0.00110348323996308
0.00801244225906855,-0.0167297418252872,-0.0113973525477461,-0.00277114923025653,0.0152768158905106,-0.0170908955652767,-0.0105252595335057,-0.00740023024341798,-0.0289403576898898,-0.0126964476976928
0.00586869704431303,-0.0193591080248545,0.0136292917401156,-0.0119402044882369,0.0035351461811948,-0.0105252595335057,-0.0217608465013465,0.00141569382871335,-0.00861328386165388,0.00653102785238937
0.0155147664764966,-0.0189565749503527,0.0220041125002225,-0.0250512561183031,-0.0232625766812558,-0.00740023024341798,0.00141569382871335,-0.034393734052875,-0.00244667958574771,0.000250028741962709
0.0231540278949705,0.0207940208879417,0.0457128742754916,-0.0140976201417033,-0.015941382099696,-0.0289403576898898,-0.00861328386165388,-0.00244667958574771,0.0160436335892995,-0.00101894331284659
-0.0148640503141532,-0.00249031027047601,0.0011726797119151,-0.0188978019640548,-0.00110348323996308,-0.0126964476976928,0.00653102785238937,0.000250028741962709,-0.00101894331284659,-0.0411697397864834
