"V1","V2","V3","V4","V5","V6","V7","V8","V9","V10"
-0.0340334091759132,0.00215911230417335,0.00427824287553488,0.00531980542585386,-0.00876830859923343,-0.00430482781182881,0.0249303983251275,0.00513761751955156,-0.0119357765002291,-0.0130794138894861
0.00215911230417335,0.00494729774486533,0.004141406162341,-0.00370832817750219,-0.0224459229345549,0.0163517436190504,0.0258119901733373,-0.000128601293711741,0.0237448141196614,0.0100205097571063
0.00427824287553488,0.004141406162341,-0.0031926805542136,-0.00454482963535509,-0.0073957652793469,0.0233767327364737,0.0199847018646489,-0.000446205930848831,-0.0256070391028549,0.015150941452673
0.00531980542585386,-0.00370832817750219,-0.00454482963535509,-0.0113876514109104,-8.20885559368829e-05,-0.00470507333585287,0.00412157349262939,-0.00212075440568024,0.0172693139807023,-0.0177122806791894
-0.00876830859923343,-0.0224459229345549,-0.0073957652793469,-8.20885559368829e-05,-0.0163787893095074,-0.003873370617032,-0.00498098732360516,-0.0115747036936731,0.00974437225817492,-0.0307095481602417
-0.00430482781182881,0.0163517436190504,0.0233767327364737,-0.00470507333585287,-0.003873370617032,-0.071456349177462,-0.0239647304130614,-0.00560846824197211,-0.0258809418950503,-0.00200510366136617
0.0249303983251275,0.0258119901733373,0.0199847018646489,0.00412157349262939,-0.00498098732360516,-0.0239647304130614,-0.0208850383625623,0.00218473454443457,-0.00260747489950849,0.0274975183627653
0.00513761751955156,-0.000128601293711741,-0.000446205930848831,-0.00212075440568024,-0.0115747036936731,-0.00560846824197211,0.00218473454443457,-0.0310470945842253,-0.00901766578934247,0.000627190119414103
-0.0119357765002291,0.0237448141196614,-0.0256070391028549,0.0172693139807023,0.00974437225817492,-0.0258809418950503,-0.00260747489950849,-0.00901766578934247,-0.0242663980043984,0.00421375270785114
-0.0130794138894861,0.0100205097571063,0.015150941452673,-0.0177122806791894,-0.0307095481602417,-0.00200510366136617,0.0274975183627653,0.000627190119414103,0.00421375270785114,0.00335155345529521
