"V1","V2","V3","V4","V5","V6","V7","V8","V9","V10"
-0.0101188623729017,0.00342790491374808,0.0145436394959497,0.0420383283445536,0.00215935666653535,0.0117999144222351,-0.00463134394115966,0.00700018072387102,-0.00301360041549309,-0.0137381771416562
0.00342790491374808,-0.0185311619307297,0.0108591145408796,-0.0214795783255644,-0.0375474446202392,0.00328705489898496,-0.00719639043728274,-0.00789375796446819,-0.0200823801716128,-0.021223888128071
0.0145436394959497,0.0108591145408796,0.0381045263494827,-0.0366603801235999,-0.0318565897566685,0.00183286219853227,-0.0293510444084366,0.00817597389791535,-0.0320454138758375,-0.00183496886469579
0.0420383283445536,-0.0214795783255644,-0.0366603801235999,-0.00323852875084949,0.0130084294673566,0.0128508857927139,-0.0121450458158432,0.0071170758099686,0.0020689190215633,-0.00199464311694649
0.00215935666653535,-0.0375474446202392,-0.0318565897566685,0.0130084294673566,0.0185316624888211,-0.0183972149815539,0.00448797708734445,-0.0276466432874436,-0.018452543748801,-0.00273894569751321
0.0117999144222351,0.00328705489898496,0.00183286219853227,0.0128508857927139,-0.0183972149815539,-0.0449667617201783,0.00134643117330124,-0.00533139761981099,0.0197850910076883,0.00475440922548598
-0.00463134394115966,-0.00719639043728274,-0.0293510444084366,-0.0121450458158432,0.00448797708734445,0.00134643117330124,-0.0238299864758588,0.0166340633953996,0.0181739976947606,0.0386115953234572
0.00700018072387102,-0.00789375796446819,0.00817597389791535,0.0071170758099686,-0.0276466432874436,-0.00533139761981099,0.0166340633953996,0.00432217322699202,0.0192598234713543,-0.00247849223867905
-0.00301360041549309,-0.0200823801716128,-0.0320454138758375,0.0020689190215633,-0.018452543748801,0.0197850910076883,0.0181739976947606,0.0192598234713543,-0.00742203474549068,0.0369863492437128
-0.0137381771416562,-0.021223888128071,-0.00183496886469579,-0.00199464311694649,-0.00273894569751321,0.00475440922548598,0.0386115953234572,-0.00247849223867905,0.0369863492437128,0.012309944515992
