"V1","V2","V3","V4","V5","V6","V7","V8","V9","V10"
-0.00165779060766158,0.0114637359269599,-0.0197947693188064,0.00251074605215165,-0.000889268571123047,0.0179949871234417,-0.0289166756745384,0.0126395306025836,0.0357381068217505,-0.0128822581124826
0.0114637359269599,-0.0192299374607992,-0.00402005620019022,-0.0182709835937748,-0.0353864630662023,-0.018315078447563,-0.0288798787624391,0.000841265830170845,0.00867728710613136,-0.0301700888832492
-0.0197947693188064,-0.00402005620019022,0.000707627753462625,-0.0223341405025179,0.0530987730957256,0.0493983699546067,0.00715530089206429,-0.0125276399134986,0.000990231745542464,0.00596466535052341
0.00251074605215165,-0.0182709835937748,-0.0223341405025179,-0.0305685040273443,0.0122578449312382,0.00948751903133421,-0.0294834761271993,-0.00265654219688441,-0.0162353407508335,0.00717654994373477
-0.000889268571123047,-0.0353864630662023,0.0530987730957256,0.0122578449312382,0.0643114445055453,0.024053534033143,0.0299855339265929,-0.00031265733484276,-0.0205194883264745,-0.0134962732684023
0.0179949871234417,-0.018315078447563,0.0493983699546067,0.00948751903133421,0.024053534033143,-0.00977011626198348,0.0154987251770392,0.00828756787538789,0.00143998484246088,-0.0217907475845398
-0.0289166756745384,-0.0288798787624391,0.00715530089206429,-0.0294834761271993,0.0299855339265929,0.0154987251770392,-0.0126616742380655,-0.0239131336497501,0.0161237454787553,-0.0152962828423114
0.0126395306025836,0.000841265830170845,-0.0125276399134986,-0.00265654219688441,-0.00031265733484276,0.00828756787538789,-0.0239131336497501,-0.0155850784632538,0.0113477040110992,0.00337032029388559
0.0357381068217505,0.00867728710613136,0.000990231745542464,-0.0162353407508335,-0.0205194883264745,0.00143998484246088,0.0161237454787553,0.0113477040110992,-0.00206707131332249,-0.0140265857487714
-0.0128822581124826,-0.0301700888832492,0.00596466535052341,0.00717654994373477,-0.0134962732684023,-0.0217907475845398,-0.0152962828423114,0.00337032029388559,-0.0140265857487714,0.0347742842847066
