"V1","V2","V3","V4","V5","V6","V7","V8","V9","V10"
0.0117808978466107,-0.0301861747356503,0.0399494628872023,-0.00662451239393672,0.00132480946343916,0.0118210184149013,-0.00616564021495523,0.0193848424742964,0.0152187292534259,0.0154994631968016
-0.0301861747356503,-0.0336477209316567,0.00194042950693084,-0.00281675017726932,0.00301541083776159,0.019685251121624,-0.00461848019569698,0.006719304690752,-0.00909860631085779,0.00235949711678151
0.0399494628872023,0.00194042950693084,-0.0150132494604794,0.00785368968769893,-0.00127115679641515,-0.00866250613287871,-0.00907277293546277,-0.0119157244010605,0.000400076458159546,-0.0168481077963825
-0.00662451239393672,-0.00281675017726932,0.00785368968769893,0.0040390195093853,0.00210772391170956,0.00809100393264045,-0.0453006299497893,0.0364420474513802,0.032302098879891,0.0216925088627819
0.00132480946343916,0.00301541083776159,-0.00127115679641515,0.00210772391170956,0.0362227829068143,-0.030100831234862,0.00357092764845486,0.0242208129151465,0.0186174097764367,0.0262814718300681
0.0118210184149013,0.019685251121624,-0.00866250613287871,0.00809100393264045,-0.030100831234862,-0.00508540436207483,-0.0169537820490404,0.00257710504036299,0.00490794078871735,-0.00692232486101496
-0.00616564021495523,-0.00461848019569698,-0.00907277293546277,-0.0453006299497893,0.00357092764845486,-0.0169537820490404,-0.0194721441327876,0.00953813753340686,-0.00321001368305119,-0.0315042357386465
0.0193848424742964,0.006719304690752,-0.0119157244010605,0.0364420474513802,0.0242208129151465,0.00257710504036299,0.00953813753340686,-0.0110536410271089,0.00623685877038751,0.00742905786854975
0.0152187292534259,-0.00909860631085779,0.000400076458159546,0.032302098879891,0.0186174097764367,0.00490794078871735,-0.00321001368305119,0.00623685877038751,-0.0214540301628517,0.0226692955643725
0.0154994631968016,0.00235949711678151,-0.0168481077963825,0.0216925088627819,0.0262814718300681,-0.00692232486101496,-0.0315042357386465,0.00742905786854975,0.0226692955643725,0.0083353899489957
