"V1","V2","V3","V4","V5","V6","V7","V8","V9","V10"
-0.00139557123279073,0.00412139804623766,0.00531978692819388,0.00511520763819352,0.0132135716004266,0.0132820363976769,0.0252841601485974,-0.00610697615847469,0.00168871628385259,-0.0153532782076929
0.00412139804623766,-0.00281429208025366,0.0252782100472522,0.00889840423517391,-0.0254713071121153,-0.0185869474676438,0.0157145886258803,9.83562312241733e-05,-0.0323013735787553,-0.021434001276598
0.00531978692819388,0.0252782100472522,-0.00328782796624962,0.0236415007181772,-0.0335032055102355,0.00895851008967358,-0.032412008049756,0.00379109411499904,0.0163228534293321,-0.0128370093092866
0.00511520763819352,0.00889840423517391,0.0236415007181772,-0.00426404228730375,-0.0368157110617034,0.0270740168442586,-0.0181221404975424,0.0352744743435259,-0.0100933791432657,0.0111611308459334
0.0132135716004266,-0.0254713071121153,-0.0335032055102355,-0.0368157110617034,-0.00210448415285895,-0.0119766157371197,0.0145282613927024,-0.00340770763086193,0.00530638402916373,-0.0166332945946374
0.0132820363976769,-0.0185869474676438,0.00895851008967358,0.0270740168442586,-0.0119766157371197,-0.00105296917302993,-0.0371586572408641,0.00197172326777966,-0.00655365063693428,-0.00943341211409843
0.0252841601485974,0.0157145886258803,-0.032412008049756,-0.0181221404975424,0.0145282613927024,-0.0371586572408641,0.00520499261988858,0.00150477128021657,0.00559658011863749,-0.0155902669234275
-0.00610697615847469,9.83562312241733e-05,0.00379109411499904,0.0352744743435259,-0.00340770763086193,0.00197172326777966,0.00150477128021657,-0.00992634947472959,-0.0273909361667514,-0.00523668019782142
0.00168871628385259,-0.0323013735787553,0.0163228534293321,-0.0100933791432657,0.00530638402916373,-0.00655365063693428,0.00559658011863749,-0.0273909361667514,0.00119143459486721,0.0126977432190166
-0.0153532782076929,-0.021434001276598,-0.0128370093092866,0.0111611308459334,-0.0166332945946374,-0.00943341211409843,-0.0155902669234275,-0.00523668019782142,0.0126977432190166,0.0233848419969475
