"V1","V2","V3","V4","V5","V6","V7","V8","V9","V10"
-0.0247259962347769,-0.0127627545913184,-0.00575187649875792,-0.00577587244608162,0.0200647405096781,0.0174175283999634,-0.00877296504431218,0.0146987244102658,0.0211606430233859,0.00221305842424158
-0.0127627545913184,-0.00780807786740052,-0.0108334895816983,0.00938896431142023,0.0155782750035058,0.0121218156484648,0.0113379739840354,-0.0121792118947848,-0.00160608178387251,-0.0120564818382658
-0.00575187649875792,-0.0108334895816983,0.0122416244210176,0.00600752259598703,-3.05382485625838e-06,-0.00732159906444199,-0.0249650741709556,0.00512936236714974,-0.0130876235320261,0.000960045132830764
-0.00577587244608162,0.00938896431142023,0.00600752259598703,-0.0101424265287751,-0.00560950733065989,-0.0156982725114167,0.0155415611586518,0.0040163388717372,0.0204746181170781,-0.0186968963558865
0.0200647405096781,0.0155782750035058,-3.05382485625838e-06,-0.00560950733065989,-0.0146036132427803,0.0182619037305965,0.00340917561937386,0.00218777454680965,-0.0205991661527037,0.000531403736009502
0.0174175283999634,0.0121218156484648,-0.00732159906444199,-0.0156982725114167,0.0182619037305965,0.0200241468761979,-1.12132218202637e-05,0.0203194538412124,-0.0193115881031306,0.00480831964806665
-0.00877296504431218,0.0113379739840354,-0.0249650741709556,0.0155415611586518,0.00340917561937386,-1.12132218202637e-05,0.0259505107770128,-0.0300223100520793,-0.00442035705090227,0.00292342975232536
0.0146987244102658,-0.0121792118947848,0.00512936236714974,0.0040163388717372,0.00218777454680965,0.0203194538412124,-0.0300223100520793,0.023302707080677,-0.0272534565960751,-0.00433116760053531
0.0211606430233859,-0.00160608178387251,-0.0130876235320261,0.0204746181170781,-0.0205991661527037,-0.0193115881031306,-0.00442035705090227,-0.0272534565960751,0.020941539519991,0.0175424992925734
0.00221305842424158,-0.0120564818382658,0.000960045132830764,-0.0186968963558865,0.000531403736009502,0.00480831964806665,0.00292342975232536,-0.00433116760053531,0.0175424992925734,-0.0282521775558702
