"V1","V2","V3","V4","V5","V6","V7","V8","V9","V10"
-0.0194952387337949,0.0271354258769374,-0.0123545429436893,0.00426495508974637,-0.0274544526264236,-0.011261952979517,-0.00664914716883345,0.0275410811830222,-0.00282936730340088,-0.0381492753138886
0.0271354258769374,0.0201853095608524,-0.0134428353068036,-0.0385371002006331,-0.0160056016900159,-0.00363916227034036,-0.01526608019433,0.0339090154788935,0.0153800319786463,-0.0279742466203149
-0.0123545429436893,-0.0134428353068036,-0.0527742019100184,-0.00633746613198937,-0.0421547297468337,-0.00810828194857052,-0.00333932386438264,0.0269976703546307,-0.020296954255191,-0.000179499039933068
0.00426495508974637,-0.0385371002006331,-0.00633746613198937,-0.00534278798326251,-0.00692248439979774,0.00430858076790472,-0.013565613540919,0.0276095147740274,0.00910152912968657,0.0273220928258118
-0.0274544526264236,-0.0160056016900159,-0.0421547297468337,-0.00692248439979774,0.00249004847538159,-0.0106534155754755,-0.00467296912108104,0.0185888030729087,-0.0390474412038904,0.00712292575797078
-0.011261952979517,-0.00363916227034036,-0.00810828194857052,0.00430858076790472,-0.0106534155754755,0.0107335692695304,0.00500631688023959,-0.019069466559963,-0.00757632845453266,0.00208277290010498
-0.00664914716883345,-0.01526608019433,-0.00333932386438264,-0.013565613540919,-0.00467296912108104,0.00500631688023959,0.0160219679472804,0.0157559575612896,-0.00169825775673704,-0.0126129083109519
0.0275410811830222,0.0339090154788935,0.0269976703546307,0.0276095147740274,0.0185888030729087,-0.019069466559963,0.0157559575612896,0.077228934195534,0.0335364171610944,-0.00883718695806457
-0.00282936730340088,0.0153800319786463,-0.020296954255191,0.00910152912968657,-0.0390474412038904,-0.00757632845453266,-0.00169825775673704,0.0335364171610944,0.00226550973024855,-0.00986264961571768
-0.0381492753138886,-0.0279742466203149,-0.000179499039933068,0.0273220928258118,0.00712292575797078,0.00208277290010498,-0.0126129083109519,-0.00883718695806457,-0.00986264961571768,0.00241455020767776
