"V1","V2","V3","V4","V5","V6","V7","V8","V9","V10"
0.0136659896940736,0.00909844137896942,-0.000475901337178938,0.0231262716892463,-0.00279289896092441,-0.00375932362385399,0.0149042551663504,0.012354683790531,0.013032330382166,0.0142677034663008
0.00909844137896942,-0.0221824418417109,-0.00225525934366193,0.0311349062322305,0.0229211288575159,0.00628578641025975,0.0199027091769064,0.0134340809154454,-0.0158413139815318,-0.00442009605494587
-0.000475901337178938,-0.00225525934366193,0.00699574539764547,-0.0127285221137511,-0.0049553548591589,-0.0166573838507765,0.0155166365161204,0.00136111701421294,0.0203302290715234,-0.00182531308422775
0.0231262716892463,0.0311349062322305,-0.0127285221137511,-0.0021153017879763,0.0136607363620391,-0.00580527674608204,-0.0220775844885671,-0.0079098541681263,-0.027151536516077,0.00778558157508066
-0.00279289896092441,0.0229211288575159,-0.0049553548591589,0.0136607363620391,-0.0431236934590687,-0.00738734972781308,-0.006075545210611,-0.00865458981836861,-0.00860020205851796,0.0057821854840361
-0.00375932362385399,0.00628578641025975,-0.0166573838507765,-0.00580527674608204,-0.00738734972781308,0.0210795965893046,0.0201134140220944,0.0258819854445538,-0.00426000872972154,0.00761832210065357
0.0149042551663504,0.0199027091769064,0.0155166365161204,-0.0220775844885671,-0.006075545210611,0.0201134140220944,0.038966136544515,-0.00946102034271674,0.0212861761532585,-0.00938585104720565
0.012354683790531,0.0134340809154454,0.00136111701421294,-0.0079098541681263,-0.00865458981836861,0.0258819854445538,-0.00946102034271674,0.0072325988908776,-0.0147594347511633,-0.00880778289844145
0.013032330382166,-0.0158413139815318,0.0203302290715234,-0.027151536516077,-0.00860020205851796,-0.00426000872972154,0.0212861761532585,-0.0147594347511633,-0.0324399004643946,-0.0246615599846898
0.0142677034663008,-0.00442009605494587,-0.00182531308422775,0.00778558157508066,0.0057821854840361,0.00761832210065357,-0.00938585104720565,-0.00880778289844145,-0.0246615599846898,0.00323548102434326
