"V1","V2","V3","V4","V5","V6","V7","V8","V9","V10"
-0.0212274554033045,0.00630185853101965,-0.0190443276821898,0.0188911100055964,0.0291123446803619,-0.0254137609270638,0.0344816018888163,0.0137121725900145,0.00227416190029371,-0.00693992688541701
0.00630185853101965,0.012201132448109,0.00773556254719384,0.020867387441704,0.0400316081049271,0.0161182979997473,0.00683276324855257,-0.0545759536642556,0.00395297927167981,-0.00111310679951005
-0.0190443276821898,0.00773556254719384,-0.00861081218926731,0.0157213769667558,0.0101101722692517,0.00293756414625043,-0.00781328905007281,-0.00767266169322722,0.00574247411884227,0.0290211670340153
0.0188911100055964,0.020867387441704,0.0157213769667558,-0.015752995522543,-0.0233114066723163,0.0230287708487874,0.00611451141020458,0.00514197081530867,-0.0195090181871107,-0.0219640359042709
0.0291123446803619,0.0400316081049271,0.0101101722692517,-0.0233114066723163,0.0281516348638796,0.0143547513396129,-0.00166615619933199,-0.0189282728421435,-0.00802631006326585,-0.033185928743016
-0.0254137609270638,0.0161182979997473,0.00293756414625043,0.0230287708487874,0.0143547513396129,0.0157798905973027,0.0106563107158499,0.0254878193640783,-0.0146455343610801,0.00292805835223121
0.0344816018888163,0.00683276324855257,-0.00781328905007281,0.00611451141020458,-0.00166615619933199,0.0106563107158499,-0.00215006170224445,-0.0204842199843006,0.000987507589737127,0.00864658706243706
0.0137121725900145,-0.0545759536642556,-0.00767266169322722,0.00514197081530867,-0.0189282728421435,0.0254878193640783,-0.0204842199843006,0.0212264763623004,0.0139065944084752,-0.034498272334178
0.00227416190029371,0.00395297927167981,0.00574247411884227,-0.0195090181871107,-0.00802631006326585,-0.0146455343610801,0.000987507589737127,0.0139065944084752,-0.0363990893371857,0.00271844715479927
-0.00693992688541701,-0.00111310679951005,0.0290211670340153,-0.0219640359042709,-0.033185928743016,0.00292805835223121,0.00864658706243706,-0.034498272334178,0.00271844715479927,0.0279106732828165
