"V1","V2","V3","V4","V5","V6","V7","V8","V9","V10"
0.0385121568100677,0.00186903403807394,-0.00908684767851252,-0.0288017361646269,-0.000228419001270926,0.0420376151546156,-0.00738572280372926,0.0210280931089364,0.00537837157740882,-0.0108513726927577
0.00186903403807394,-0.00351186833575068,0.00521061236932421,-0.0225310399920805,-0.00685758633228944,0.0091611264378955,-0.0112773943768567,0.0131184233318374,-0.00832596667133362,-0.0132540049239782
-0.00908684767851252,0.00521061236932421,-0.00707939693826665,0.0122017352283925,0.00381315627903205,0.00487312588681152,0.0323707450448252,0.0186141062755748,-0.0195365882142453,0.011194663603619
-0.0288017361646269,-0.0225310399920805,0.0122017352283925,-0.00361728248729434,-0.0246759946526052,0.00443744645390183,-0.0304570448959111,-0.00300719120663434,-0.00561836753593855,0.0043609027349931
-0.000228419001270926,-0.00685758633228944,0.00381315627903205,-0.0246759946526052,-0.028797556206663,0.0185472348095789,-0.00521944718375867,0.0232459143010067,2.72802467424435e-05,0.030155061270859
0.0420376151546156,0.0091611264378955,0.00487312588681152,0.00443744645390183,0.0185472348095789,-0.0131389564716802,-0.00569233402194689,0.00176897096142702,0.00536801524049035,-0.014887532916081
-0.00738572280372926,-0.0112773943768567,0.0323707450448252,-0.0304570448959111,-0.00521944718375867,-0.00569233402194689,0.0446643514645122,-0.0119905230011457,0.003714435684288,0.00713962127500089
0.0210280931089364,0.0131184233318374,0.0186141062755748,-0.00300719120663434,0.0232459143010067,0.00176897096142702,-0.0119905230011457,0.0185033223617342,0.0275605389597693,-0.0489193660076091
0.00537837157740882,-0.00832596667133362,-0.0195365882142453,-0.00561836753593855,2.72802467424435e-05,0.00536801524049035,0.003714435684288,0.0275605389597693,-0.0102009745366067,-0.0020461860964796
-0.0108513726927577,-0.0132540049239782,0.011194663603619,0.0043609027349931,0.030155061270859,-0.014887532916081,0.00713962127500089,-0.0489193660076091,-0.0020461860964796,-0.0196497115664572
