"V1","V2","V3","V4","V5","V6","V7","V8","V9","V10"
0.00105668656162905,-0.0119189357182194,0.0132316356339126,0.0264322172238949,0.0129726649515063,-0.00723435868226385,0.0197161019006224,-0.0462210531672483,-0.0198387461706718,0.00448314221901837
-0.0119189357182194,0.00797133292613763,-0.0232799199811708,0.0248439516740598,-0.00146051974879358,-0.0108797613386376,0.00275613824889212,0.00919503823708684,0.0207884966130433,0.00553124023952745
0.0132316356339126,-0.0232799199811708,0.00276068497558677,0.00133991346876709,-0.00453026370219959,0.00351931548442323,-0.0070975336244983,-0.00902173847142599,-0.0263253736067705,0.0147653725765957
0.0264322172238949,0.0248439516740598,0.00133991346876709,-0.0249245967263267,-0.000674307428132734,0.0291338476904247,0.0147406126138373,0.0091623402764819,-0.000899382111098082,0.0024810493654201
0.0129726649515063,-0.00146051974879358,-0.00453026370219959,-0.000674307428132734,0.00978654628080848,0.0210646781729212,-0.0183475906130314,-0.013840702664094,-0.0218483250221615,0.00325559560316786
-0.00723435868226385,-0.0108797613386376,0.00351931548442323,0.0291338476904247,0.0210646781729212,-0.0286324432981312,-0.0028719780468007,0.00137995270433905,-0.0161396067332817,0.0288586502770212
0.0197161019006224,0.00275613824889212,-0.0070975336244983,0.0147406126138373,-0.0183475906130314,-0.0028719780468007,-0.0208325396930392,0.00552057414996631,-0.0111708688941277,0.0145136383574397
-0.0462210531672483,0.00919503823708684,-0.00902173847142599,0.0091623402764819,-0.013840702664094,0.00137995270433905,0.00552057414996631,-0.0104179696000865,-0.0281697999779855,-0.0251732518978835
-0.0198387461706718,0.0207884966130433,-0.0263253736067705,-0.000899382111098082,-0.0218483250221615,-0.0161396067332817,-0.0111708688941277,-0.0281697999779855,0.0231850296173884,0.00389815825384839
0.00448314221901837,0.00553124023952745,0.0147653725765957,0.0024810493654201,0.00325559560316786,0.0288586502770212,0.0145136383574397,-0.0251732518978835,0.00389815825384839,0.0181395623207221
