"V1","V2","V3","V4","V5","V6","V7","V8","V9","V10"
-0.0128172395955357,-0.0177065823355451,0.0158460857722749,0.0038445658819605,-0.0389933072063406,-0.00229665283020608,-0.0183782637400532,-0.00777500671741437,0.0275837128948478,0.00620642144931745
-0.0177065823355451,-0.0230142444006763,0.000594408700524356,-0.00757779858397341,0.0267951136575103,-0.00726446731593507,0.0148168957949534,-0.014324327919077,-0.0385117492647033,-0.0159157040492951
0.0158460857722749,0.000594408700524356,-0.0354898670588053,0.00483176404610925,-0.019087453982923,0.011469813808795,-0.0243659568810764,0.00359278687003609,0.000701678660544408,-0.00923440712303301
0.0038445658819605,-0.00757779858397341,0.00483176404610925,0.00383082094289413,0.00591808292649174,-0.00853876563493502,-0.027375535699347,-0.00498402460598236,-0.00656060051183092,-0.00831839237857283
-0.0389933072063406,0.0267951136575103,-0.019087453982923,0.00591808292649174,0.0193558048799449,0.0212596991898174,-0.015659631991039,0.00969715545793733,-0.0513910440478328,0.0132566428883078
-0.00229665283020608,-0.00726446731593507,0.011469813808795,-0.00853876563493502,0.0212596991898174,0.00895113949499513,-0.0170497834503648,0.005483122840531,-0.0513847659348265,-0.0146772681896117
-0.0183782637400532,0.0148168957949534,-0.0243659568810764,-0.027375535699347,-0.015659631991039,-0.0170497834503648,-0.026393500931128,0.0359575219978237,0.0157704510877501,0.0259163192070015
-0.00777500671741437,-0.014324327919077,0.00359278687003609,-0.00498402460598236,0.00969715545793733,0.005483122840531,0.0359575219978237,0.00547231560103989,-0.00640888874192892,-0.0163095848060449
0.0275837128948478,-0.0385117492647033,0.000701678660544408,-0.00656060051183092,-0.0513910440478328,-0.0513847659348265,0.0157704510877501,-0.00640888874192892,0.0269238067981315,-0.0084433795217145
0.00620642144931745,-0.0159157040492951,-0.00923440712303301,-0.00831839237857283,0.0132566428883078,-0.0146772681896117,0.0259163192070015,-0.0163095848060449,-0.0084433795217145,0.0476306365532505
