"V1","V2","V3","V4","V5","V6","V7","V8","V9","V10"
-0.0260762297583441,-0.00509027134679659,0.0260612248495,0.0273202232763502,0.0209703329263406,-0.0263968278096908,-0.0118183238028903,0.0218234398078018,0.0241443737441207,-0.0187392324362913
-0.00509027134679659,-0.00980457177733913,0.00526568739633248,0.0071743247975021,-0.00616272798335977,-0.0117631834490559,-0.0113008816120454,0.00186975621450935,0.0169796693659385,-0.0293499307218152
0.0260612248495,0.00526568739633248,-0.024526244765055,0.0122464935383436,0.015295304868609,-0.0201881279741725,0.00983594306127906,0.0185042859967853,0.0458629281000084,-0.00680489903175331
0.0273202232763502,0.0071743247975021,0.0122464935383436,0.0212735276292781,0.0203661195697784,-0.0303040287814912,0.0062531582670181,-0.0187426363725811,-0.0100194696437554,-0.00368331440843533
0.0209703329263406,-0.00616272798335977,0.015295304868609,0.0203661195697784,0.0256644952342437,-0.000906207940520695,-0.00881622240663096,-0.0111624660189914,-0.000891978290633923,-0.0371920610917084
-0.0263968278096908,-0.0117631834490559,-0.0201881279741725,-0.0303040287814912,-0.000906207940520695,-0.0140028582405743,-0.0211328133413989,-0.0294971979707848,-0.0150368193314963,-0.00262525468626951
-0.0118183238028903,-0.0113008816120454,0.00983594306127906,0.0062531582670181,-0.00881622240663096,-0.0211328133413989,-0.0175369830220479,0.0088516148862136,0.00571128515266651,-0.0024746546367552
0.0218234398078018,0.00186975621450935,0.0185042859967853,-0.0187426363725811,-0.0111624660189914,-0.0294971979707848,0.0088516148862136,0.0218365873450507,-0.0105386437949661,0.00353796790277669
0.0241443737441207,0.0169796693659385,0.0458629281000084,-0.0100194696437554,-0.000891978290633923,-0.0150368193314963,0.00571128515266651,-0.0105386437949661,-0.0112020952029332,-0.0262932757860928
-0.0187392324362913,-0.0293499307218152,-0.00680489903175331,-0.00368331440843533,-0.0371920610917084,-0.00262525468626951,-0.0024746546367552,0.00353796790277669,-0.0262932757860928,-0.0122799839416962
