"V1","V2","V3","V4","V5","V6","V7","V8","V9","V10"
0.0502317741642391,-0.0402086009633786,0.0103588341147433,0.0179205192371425,0.0093924059186551,-0.0170607412456947,0.00137582215260221,-0.0113530711321698,-0.0314235942613373,-0.018768917682786
-0.0402086009633786,0.00950208341171483,0.00512561221127267,-0.00388235252411815,-0.0132298334519906,-0.00877601847189319,-0.0244017301300778,0.0170201710694887,0.0380784900065722,-0.00954923930742174
0.0103588341147433,0.00512561221127267,-0.0248680542489123,0.00487407544176483,0.00110908211004294,-0.0240283631278153,0.0304487492121003,-0.00266535136809125,-0.00248529740730374,0.00629894921180937
0.0179205192371425,-0.00388235252411815,0.00487407544176483,0.00308594744790156,-0.010504608831187,0.0054603805008501,-0.00406512334652716,-0.00516072573568097,-0.0173419089983899,-0.0126463731474659
0.0093924059186551,-0.0132298334519906,0.00110908211004294,-0.010504608831187,-0.021030440863143,-0.00554810985254537,-0.00761256049059827,0.0240626361667886,0.0207999412772123,-0.0104797524880756
-0.0170607412456947,-0.00877601847189319,-0.0240283631278153,0.0054603805008501,-0.00554810985254537,0.0152937686947317,-0.0186278222825949,-0.0276372205402346,-5.33046691345958e-05,-0.0142337672463893
0.00137582215260221,-0.0244017301300778,0.0304487492121003,-0.00406512334652716,-0.00761256049059827,-0.0186278222825949,-0.00754376853255518,0.0152310680495988,0.0128535927316755,-0.00670882395514093
-0.0113530711321698,0.0170201710694887,-0.00266535136809125,-0.00516072573568097,0.0240626361667886,-0.0276372205402346,0.0152310680495988,-0.0188539018748986,-0.000560143482045812,-0.00878401138205502
-0.0314235942613373,0.0380784900065722,-0.00248529740730374,-0.0173419089983899,0.0207999412772123,-5.33046691345958e-05,0.0128535927316755,-0.000560143482045812,0.0203470663047488,0.00198617237984507
-0.018768917682786,-0.00954923930742174,0.00629894921180937,-0.0126463731474659,-0.0104797524880756,-0.0142337672463893,-0.00670882395514093,-0.00878401138205502,0.00198617237984507,0.0145988863875328
