"V1","V2","V3","V4","V5","V6","V7","V8","V9","V10"
-0.0141503188086041,0.00593210748404174,-0.00640742531381182,-0.0139999117045351,0.00773549709747603,-0.0516085458000739,0.0042286966134073,0.00819559541253156,0.0136072378193964,0.0216260767291957
0.00593210748404174,-0.0059982076692817,0.00224474675693808,-0.0114112588007074,-0.0196563058186039,-0.0154470595250558,0.0129249067481108,-0.0153549833208771,-0.0350272513104708,-0.00340151228950363
-0.00640742531381182,0.00224474675693808,0.0310112543676322,0.00234126984153358,0.0127204778671024,0.00753997716231019,0.0051035304351094,-0.0481698239818587,0.0135519491029092,-0.00758247704306405
-0.0139999117045351,-0.0114112588007074,0.00234126984153358,-0.00611103733474299,-0.0128398461145957,-0.0303699570912629,0.00671183377465094,0.0178649459367192,-0.0240193567431796,-0.00152304539633091
0.00773549709747603,-0.0196563058186039,0.0127204778671024,-0.0128398461145957,0.0162278469651838,-0.0261140851144656,-0.00324967345860185,-0.00382851080092345,-0.00178593848929406,0.00648364058361408
-0.0516085458000739,-0.0154470595250558,0.00753997716231019,-0.0303699570912629,-0.0261140851144656,0.0550224493610524,-0.0257957130716487,-0.0214301372339988,-0.0112338566930988,0.00403796999832625
0.0042286966134073,0.0129249067481108,0.0051035304351094,0.00671183377465094,-0.00324967345860185,-0.0257957130716487,-0.0270559835935662,0.0112041483462339,0.0179669483593324,-0.0291732089357451
0.00819559541253156,-0.0153549833208771,-0.0481698239818587,0.0178649459367192,-0.00382851080092345,-0.0214301372339988,0.0112041483462339,-0.0148318259734773,-0.000797034222873412,0.0119721793215852
0.0136072378193964,-0.0350272513104708,0.0135519491029092,-0.0240193567431796,-0.00178593848929406,-0.0112338566930988,0.0179669483593324,-0.000797034222873412,-0.0262426673586263,-0.00290076155238535
0.0216260767291957,-0.00340151228950363,-0.00758247704306405,-0.00152304539633091,0.00648364058361408,0.00403796999832625,-0.0291732089357451,0.0119721793215852,-0.00290076155238535,-0.0159406418274267
