"V1","V2","V3","V4","V5","V6","V7","V8","V9","V10"
-0.0351031430693509,0.00358591841039911,0.000915800159720507,-0.00225718249265738,0.0181974985173397,0.0079734372661972,0.0256147063270295,-0.038399880801263,-0.00451607555765916,-0.00780264059248444
0.00358591841039911,0.0274165038055622,0.0470469886339056,-0.0288254920926137,-0.00425060289021425,-0.013085985259853,0.016697561508017,-0.0112709148821892,0.00616818584308371,0.00162501907925783
0.000915800159720507,0.0470469886339056,0.0346150500192854,-0.015760414370162,-0.0254099024194948,-0.0144991181455422,-0.0285198435239485,-0.00442761745806795,0.0207250961341664,-0.033387965003487
-0.00225718249265738,-0.0288254920926137,-0.015760414370162,-0.0104130743801744,0.000744606330778459,0.0174004092552911,0.00043432420123867,0.0165412087912506,-0.0294754308780604,0.00343619286680831
0.0181974985173397,-0.00425060289021425,-0.0254099024194948,0.000744606330778459,-0.0142689131006209,-0.0197741822726085,-0.0161173259540865,0.00150373238596195,0.016337043619442,0.0103551536392107
0.0079734372661972,-0.013085985259853,-0.0144991181455422,0.0174004092552911,-0.0197741822726085,-0.0212663140174464,-0.00960507020690693,0.0241558542094332,-0.0293473410741088,0.010661102996345
0.0256147063270295,0.016697561508017,-0.0285198435239485,0.00043432420123867,-0.0161173259540865,-0.00960507020690693,0.011419635438201,-0.0252218650833016,-0.0211472516000073,-0.0207218749032103
-0.038399880801263,-0.0112709148821892,-0.00442761745806795,0.0165412087912506,0.00150373238596195,0.0241558542094332,-0.0252218650833016,0.0271047780037239,0.00471339687889766,0.00880048861008954
-0.00451607555765916,0.00616818584308371,0.0207250961341664,-0.0294754308780604,0.016337043619442,-0.0293473410741088,-0.0211472516000073,0.00471339687889766,0.00113004047081473,-0.0045624127781719
-0.00780264059248444,0.00162501907925783,-0.033387965003487,0.00343619286680831,0.0103551536392107,0.010661102996345,-0.0207218749032103,0.00880048861008954,-0.0045624127781719,-0.00540987697089892
