"V1","V2","V3","V4","V5","V6","V7","V8","V9","V10"
0.0235203547366439,-0.0179081919751718,-0.0124315642124005,0.00818065097107185,0.0206577471929826,-0.0148555502934475,0.0118065201198619,-0.00432915670259052,0.00934118817776272,0.0071359261906516
-0.0179081919751718,0.0115404845117514,-6.14259171542168e-05,-0.00476605051097627,0.0246637513911002,-0.00440785814736351,-0.0108824598125297,0.00153779142615126,-0.00109846209905433,-0.0110253698344896
-0.0124315642124005,-6.14259171542168e-05,0.0153665450762241,0.0296958287924315,-0.00413069508537442,-0.0131180230559389,0.0300882586075453,-0.0105331382109443,-0.00195561800348302,0.00582009057071164
0.00818065097107185,-0.00476605051097627,0.0296958287924315,0.0166742503170128,-0.0314256461136867,-0.00897407551747932,0.0237108343936941,-0.0443062362688608,-0.00319492138114222,-0.00819437500090875
0.0206577471929826,0.0246637513911002,-0.00413069508537442,-0.0314256461136867,0.0280656375879858,0.0162793072710491,-0.0125541369103648,0.0194464665672555,0.0140888918425064,-0.0217264482823159
-0.0148555502934475,-0.00440785814736351,-0.0131180230559389,-0.00897407551747932,0.0162793072710491,-0.0070694524686213,0.0166608941051383,-0.025369954963565,-0.00126532736631577,0.00365377685435127
0.0118065201198619,-0.0108824598125297,0.0300882586075453,0.0237108343936941,-0.0125541369103648,0.0166608941051383,0.00825109116881753,0.00239500640971799,-0.0290977470723961,-0.0308592904867584
-0.00432915670259052,0.00153779142615126,-0.0105331382109443,-0.0443062362688608,0.0194464665672555,-0.025369954963565,0.00239500640971799,-0.0198470094154425,-0.0289702128524524,0.0156354042911002
0.00934118817776272,-0.00109846209905433,-0.00195561800348302,-0.00319492138114222,0.0140888918425064,-0.00126532736631577,-0.0290977470723961,-0.0289702128524524,-0.0186659158839085,0.0327948813266766
0.0071359261906516,-0.0110253698344896,0.00582009057071164,-0.00819437500090875,-0.0217264482823159,0.00365377685435127,-0.0308592904867584,0.0156354042911002,0.0327948813266766,-0.0184181418487178
