"V1","V2","V3","V4","V5","V6","V7","V8","V9","V10"
0.0104095342420732,0.00149908356451148,0.0125092292644136,-0.0261508670610555,1.48204653188232e-05,0.00296438933045042,-0.0203726254349514,-0.0132049644166474,0.025863346810879,0.0214055196101178
0.00149908356451148,-0.00508661389735407,0.00966984186201894,0.00775081345828386,0.041441299794703,0.0285849795200427,-0.00376693971331491,-0.00583610635616355,0.0113458287244572,0.00282490096364204
0.0125092292644136,0.00966984186201894,-0.0142157234891041,0.0113550119267122,-0.0191236204936184,0.0123021362483489,-0.00231702765231998,-0.00567396420808134,-0.0145153362760848,0.00795655056885055
-0.0261508670610555,0.00775081345828386,0.0113550119267122,0.00524259291576654,-0.025335439027119,-0.00103638754493292,-0.000126810688399394,-0.00658854977194234,-0.00179392783747734,0.00854469558185838
1.48204653188232e-05,0.041441299794703,-0.0191236204936184,-0.025335439027119,0.000526265935416381,-0.0191562849581816,0.0239348419213434,0.047085304269525,0.00279832219080019,-0.0329127156293583
0.00296438933045042,0.0285849795200427,0.0123021362483489,-0.00103638754493292,-0.0191562849581816,0.011428781556967,-0.0167398437945701,0.0136620835464294,-0.00157003802488131,-0.00293397910143834
-0.0203726254349514,-0.00376693971331491,-0.00231702765231998,-0.000126810688399394,0.0239348419213434,-0.0167398437945701,-0.0310332323038867,-0.0192987007091483,-0.0291866960113822,-0.0120572278121381
-0.0132049644166474,-0.00583610635616355,-0.00567396420808134,-0.00658854977194234,0.047085304269525,0.0136620835464294,-0.0192987007091483,0.0334258725217732,-0.00364651539152008,-0.0263357787416089
0.025863346810879,0.0113458287244572,-0.0145153362760848,-0.00179392783747734,0.00279832219080019,-0.00157003802488131,-0.0291866960113822,-0.00364651539152008,0.00645219083030286,-0.0358661933239355
0.0214055196101178,0.00282490096364204,0.00795655056885055,0.00854469558185838,-0.0329127156293583,-0.00293397910143834,-0.0120572278121381,-0.0263357787416089,-0.0358661933239355,-0.0260903542102035
