"V1","V2","V3","V4","V5","V6","V7","V8","V9","V10"
-0.00675793625664356,0.0010930357628208,-0.0190255947708712,-0.00595542278516036,-0.0215474988296757,0.00982249315926463,0.00405840997320091,0.0143920028965233,-0.0207396290107891,0.00694562874280945
0.0010930357628208,0.0117474388032042,-0.0152038146770213,-0.000485637289152936,0.00375679248357338,0.00966290544312094,0.000355532067222838,-0.000192257744627771,-0.0123386888421239,-0.0258921960734637
-0.0190255947708712,-0.0152038146770213,-0.0398436286777133,0.0166813897316824,0.0202411152914852,-0.00595645743467155,-0.00516126408947974,-0.00605072689165001,-0.0275434807854625,0.00429808447959665
-0.00595542278516036,-0.000485637289152936,0.0166813897316824,0.0850561563507961,0.0409659125410086,-0.00127055394228846,0.0141387301322164,-0.0149786127431465,0.0112449004545708,0.00161173479022535
-0.0215474988296757,0.00375679248357338,0.0202411152914852,0.0409659125410086,0.00779708781886601,0.0132890219165227,0.0103233079314597,0.0124043367792202,-0.00574457188481234,-0.00739000555474041
0.00982249315926463,0.00966290544312094,-0.00595645743467155,-0.00127055394228846,0.0132890219165227,-0.0335874275826021,0.0056291875117896,-0.0174488795630319,-0.0130875927197339,0.00617245600763562
0.00405840997320091,0.000355532067222838,-0.00516126408947974,0.0141387301322164,0.0103233079314597,0.0056291875117896,0.00361389445438984,0.0339250872072698,-0.00571725691497923,0.00359057552111039
0.0143920028965233,-0.000192257744627771,-0.00605072689165001,-0.0149786127431465,0.0124043367792202,-0.0174488795630319,0.0339250872072698,0.0219290586241677,0.0154435472800517,0.0144125573427562
-0.0207396290107891,-0.0123386888421239,-0.0275434807854625,0.0112449004545708,-0.00574457188481234,-0.0130875927197339,-0.00571725691497923,0.0154435472800517,-0.0251375170650415,-0.00511476454632846
0.00694562874280945,-0.0258921960734637,0.00429808447959665,0.00161173479022535,-0.00739000555474041,0.00617245600763562,0.00359057552111039,0.0144125573427562,-0.00511476454632846,-0.0437020794698076
