"V1","V2","V3","V4","V5","V6","V7","V8","V9","V10"
1.01975707381007,0.0151870001506702,0.0380323430052283,-0.0194803096632967,-0.0391301426248969,-0.021645847234789,0.0459593561843722,0.00613500804839297,-0.0507473246975902,0.00713733647690046
0.0151870001506702,1.01482938617079,0.0299162808550528,0.0347809037627711,0.00149658256799448,0.0220471211143933,0.0333176054291912,-0.00175117780477677,-0.0281598854751253,-0.00554548224339535
0.0380323430052283,0.0299162808550528,0.982110474137537,-0.0199709144349569,0.0540571284784142,-0.000496784436713503,0.0377473085111822,-0.00218118273010664,0.0330610801986407,-0.0167249249333728
-0.0194803096632967,0.0347809037627711,-0.0199709144349569,0.971408862947382,0.00279324149628467,-0.0709388653307867,0.00654609631748215,-0.00102358918584785,0.00966644286815755,0.0513587304754133
-0.0391301426248969,0.00149658256799448,0.0540571284784142,0.00279324149628467,1.07702830201284,0.0253180681806607,-0.0885437140901612,0.00325588218863944,-0.0097580713404723,-0.0616863838086464
-0.021645847234789,0.0220471211143933,-0.000496784436713503,-0.0709388653307867,0.0253180681806607,1.02885950541275,0.00667559102536218,-0.0221517524939684,0.0479855961832106,-0.028720667500981
0.0459593561843722,0.0333176054291912,0.0377473085111822,0.00654609631748215,-0.0885437140901612,0.00667559102536218,1.09956665854637,-0.0393688878405446,0.0111366485019518,0.010836620113977
0.00613500804839297,-0.00175117780477677,-0.00218118273010664,-0.00102358918584785,0.00325588218863944,-0.0221517524939684,-0.0393688878405446,0.989278198250661,-0.0132207880440819,-0.00641458319450646
-0.0507473246975902,-0.0281598854751253,0.0330610801986407,0.00966644286815755,-0.0097580713404723,0.0479855961832106,0.0111366485019518,-0.0132207880440819,1.0108798425463,-0.0412875288254602
0.00713733647690046,-0.00554548224339535,-0.0167249249333728,0.0513587304754133,-0.0616863838086464,-0.028720667500981,0.010836620113977,-0.00641458319450646,-0.0412875288254602,1.02512921832449
