"V1","V2","V3","V4","V5","V6","V7","V8","V9","V10"
1.01407362848622,0.0436520567045334,-0.0202340335084149,-0.0543101662309438,0.00830249295729432,-0.0603406849537087,0.0179831384742139,0.0244957042410794,-0.0240788604413491,0.0114479483569242
0.0436520567045334,0.985986430234178,0.034487526980046,-0.0101847466508595,-0.0389323908585072,-0.0128772321493646,-0.0606826879345518,-0.0119183751858944,0.0593892986783795,-0.0082105462957463
-0.0202340335084149,0.034487526980046,0.908082896747755,0.0539843194595343,0.00754589667895535,0.0489818359707096,0.0537227374535824,0.0141324837460605,-0.012668674600727,0.0309845650863437
-0.0543101662309438,-0.0101847466508595,0.0539843194595343,1.03791133457912,0.0410611058599964,0.00128875439504779,-0.00383000547909216,-0.0229708284577802,-0.0105822346754484,-0.0181879968223278
0.00830249295729432,-0.0389323908585072,0.00754589667895535,0.0410611058599964,0.9909336197353,0.0216341618169501,-0.0671651582869815,0.0483052226335231,-0.00672497059550339,0.0205332994097339
-0.0603406849537087,-0.0128772321493646,0.0489818359707096,0.00128875439504779,0.0216341618169501,0.996028233557462,0.0287113023917198,-0.0207410457628326,0.00520162381547115,0.00524770445589091
0.0179831384742139,-0.0606826879345518,0.0537227374535824,-0.00383000547909216,-0.0671651582869815,0.0287113023917198,0.977206778360824,0.0325331328282208,-0.0173951227963608,-0.0110844381954096
0.0244957042410794,-0.0119183751858944,0.0141324837460605,-0.0229708284577802,0.0483052226335231,-0.0207410457628326,0.0325331328282208,0.96278753451865,0.020536139694277,0.0257246207983816
-0.0240788604413491,0.0593892986783795,-0.012668674600727,-0.0105822346754484,-0.00672497059550339,0.00520162381547115,-0.0173951227963608,0.020536139694277,0.992567485900358,0.0221733517409792
0.0114479483569242,-0.0082105462957463,0.0309845650863437,-0.0181879968223278,0.0205332994097339,0.00524770445589091,-0.0110844381954096,0.0257246207983816,0.0221733517409792,1.10382849248055
