"V1","V2","V3","V4","V5","V6","V7","V8","V9","V10"
0.940910323005036,-0.0107588321796099,0.0304782956713711,-0.00902652426429304,0.053335806683823,0.0078702849886778,-0.0635505501293791,-0.0194926232287089,-0.0709248746428813,-0.0202387394482888
-0.0107588321796099,0.97589906531952,0.0206714443427115,0.0376097388696593,-0.0470252037303017,0.0144603801538317,-0.00904700481443772,-0.0245102753093582,-0.0267583194326532,-0.027515474267798
0.0304782956713711,0.0206714443427115,1.00748195318854,-0.000104397513500463,-0.0365313438662222,0.00914099102147313,0.024670075339176,-0.00411703964392338,-0.035127248980201,0.0414717852775195
-0.00902652426429304,0.0376097388696593,-0.000104397513500463,1.02311910264488,-0.0678711018155581,0.0772698837045294,-0.0254048571514174,-0.0126196805265827,-0.0650653386425742,-0.0366244231695637
0.053335806683823,-0.0470252037303017,-0.0365313438662222,-0.0678711018155581,0.957409623139339,-0.0280959760192666,0.0788365931951872,-0.030142107768961,-0.018406682413594,0.0126382681229757
0.0078702849886778,0.0144603801538317,0.00914099102147313,0.0772698837045294,-0.0280959760192666,1.02709641602435,-0.0364140471645471,-0.0148889178725508,0.0330678464739344,0.0698552005988456
-0.0635505501293791,-0.00904700481443772,0.024670075339176,-0.0254048571514174,0.0788365931951872,-0.0364140471645471,1.07973337647424,0.00117270520858404,-0.00535377134145117,-0.072269486669573
-0.0194926232287089,-0.0245102753093582,-0.00411703964392338,-0.0126196805265827,-0.030142107768961,-0.0148889178725508,0.00117270520858404,0.956570124439911,0.0101549053507133,0.0126874718142928
-0.0709248746428813,-0.0267583194326532,-0.035127248980201,-0.0650653386425742,-0.018406682413594,0.0330678464739344,-0.00535377134145117,0.0101549053507133,0.999675061236221,-0.0134040134981782
-0.0202387394482888,-0.027515474267798,0.0414717852775195,-0.0366244231695637,0.0126382681229757,0.0698552005988456,-0.072269486669573,0.0126874718142928,-0.0134040134981782,0.999071191073963
