"V1","V2","V3","V4","V5","V6","V7","V8","V9","V10"
0.993437279832945,0.0449367132053967,0.000510280721846437,0.0583761984116353,0.0321060086828586,-0.0233111983959453,0.0182623719144997,0.00935041265708129,-0.0543701950779924,0.00914864225720389
0.0449367132053967,1.07765176930956,0.0369887605240048,0.0406968603218882,-0.000286274623190136,0.0218869253123166,0.0384351277512896,0.0476212987096913,0.0605256865162841,0.0433419611049231
0.000510280721846437,0.0369887605240048,0.942589369543228,-0.0252092803570808,0.0124405664146934,-0.0515951534337157,0.0266480835085433,-0.00867542909621323,-0.0316304882275813,-0.0281536427550689
0.0583761984116353,0.0406968603218882,-0.0252092803570808,1.00264667371758,0.0240435480030339,-0.0502790492811541,0.0202003440360358,0.00582965628467715,0.0131679002183776,0.0214977106870372
0.0321060086828586,-0.000286274623190136,0.0124405664146934,0.0240435480030339,0.909352757178962,-0.0180684146624383,-0.00155204906908493,-0.0143480069063869,-0.00516607149394051,-0.060795771982432
-0.0233111983959453,0.0218869253123166,-0.0515951534337157,-0.0502790492811541,-0.0180684146624383,0.965702211613542,-0.0140058720158529,0.0102091265876113,0.0431248905688216,-0.0199978445744048
0.0182623719144997,0.0384351277512896,0.0266480835085433,0.0202003440360358,-0.00155204906908493,-0.0140058720158529,1.01769278323416,-0.0126416748468184,0.018763514715799,0.0170084465752099
0.00935041265708129,0.0476212987096913,-0.00867542909621323,0.00582965628467715,-0.0143480069063869,0.0102091265876113,-0.0126416748468184,1.01909836439052,0.0293609664202334,-0.0399402889077051
-0.0543701950779924,0.0605256865162841,-0.0316304882275813,0.0131679002183776,-0.00516607149394051,0.0431248905688216,0.018763514715799,0.0293609664202334,0.956756747826504,-0.00777985138154562
0.00914864225720389,0.0433419611049231,-0.0281536427550689,0.0214977106870372,-0.060795771982432,-0.0199978445744048,0.0170084465752099,-0.0399402889077051,-0.00777985138154562,0.959167167263965
