"V1","V2","V3","V4","V5","V6","V7","V8","V9","V10"
0.973716049948618,0.0267752253197676,0.0738241755368602,-0.0317220081955847,0.0348416712521665,-0.0228827562623159,-0.0266701024942407,-0.0118027144041445,0.0591218572709512,0.0239106638563485
0.0267752253197676,0.995959260288535,-0.00598770473491399,0.00444729910014586,0.00848305484373427,0.0111971596107481,0.0558218353931531,0.032931568534986,0.027351402682582,0.00232534134237579
0.0738241755368602,-0.00598770473491399,0.984479450365558,-0.0852851131590305,0.00544674106503344,0.0050455276143872,-0.0145407030807824,-0.00120523920215809,0.0239742687558741,-0.0170049474076017
-0.0317220081955847,0.00444729910014586,-0.0852851131590305,0.942796331202245,0.0274438686259051,0.0308720865509657,0.06526027532204,0.0146224226937356,0.0440552038447829,0.0264499611070968
0.0348416712521665,0.00848305484373427,0.00544674106503344,0.0274438686259051,1.03952078060225,-0.00617688895392056,-0.054523854023004,0.00772872381242615,-0.00283368090918121,-0.0796654414592616
-0.0228827562623159,0.0111971596107481,0.0050455276143872,0.0308720865509657,-0.00617688895392056,1.07689951116231,-0.0154907119119236,0.00373338220617639,-0.0050587219037264,0.0388137749273989
-0.0266701024942407,0.0558218353931531,-0.0145407030807824,0.06526027532204,-0.054523854023004,-0.0154907119119236,1.02753874905252,0.0584722648465108,-0.05682989955709,0.0102009995626995
-0.0118027144041445,0.032931568534986,-0.00120523920215809,0.0146224226937356,0.00772872381242615,0.00373338220617639,0.0584722648465108,1.05682073833141,-0.0451784822346065,-0.022956085403075
0.0591218572709512,0.027351402682582,0.0239742687558741,0.0440552038447829,-0.00283368090918121,-0.0050587219037264,-0.05682989955709,-0.0451784822346065,0.89387278213721,0.0102230419306349
0.0239106638563485,0.00232534134237579,-0.0170049474076017,0.0264499611070968,-0.0796654414592616,0.0388137749273989,0.0102009995626995,-0.022956085403075,0.0102230419306349,1.04503827969645
