"V1","V2","V3","V4","V5","V6","V7","V8","V9","V10"
0.970328381658431,0.00949788610665243,0.0385184283818417,-0.0165084911992665,0.0541996668889728,-0.0232604121592769,0.0563302427600814,0.0222750238833958,0.0355950444024351,-0.0648075967157699
0.00949788610665243,1.08417578446073,0.0109508884314222,0.0221742259429362,0.0153073335696996,-0.00852263285148737,-0.00796921268471774,0.000584140470438359,-0.0412395869776746,0.00158126751157057
0.0385184283818417,0.0109508884314222,0.988744589646805,-0.0706062225345284,0.0228905341858772,-0.0109175828908636,0.00476886710889126,0.0607165659073121,-0.0224814233941588,-0.0138498611128463
-0.0165084911992665,0.0221742259429362,-0.0706062225345284,1.02941050710295,0.00966060746465203,0.0570769609464112,0.0176631975970853,-0.0107965373736961,-0.0307240786486945,-0.00839315613802636
0.0541996668889728,0.0153073335696996,0.0228905341858772,0.00966060746465203,0.887496823965099,0.0244603082266872,-0.00372282938090507,-0.00256272607390789,0.0401827698879031,0.00244274872207866
-0.0232604121592769,-0.00852263285148737,-0.0109175828908636,0.0570769609464112,0.0244603082266872,0.905197263769522,-0.0409966624659007,0.0293579122447074,-0.00380336284043542,0.0158192791567494
0.0563302427600814,-0.00796921268471774,0.00476886710889126,0.0176631975970853,-0.00372282938090507,-0.0409966624659007,0.980686112930303,-0.00777163208581813,-0.0243724851946032,0.0268511146941458
0.0222750238833958,0.000584140470438359,0.0607165659073121,-0.0107965373736961,-0.00256272607390789,0.0293579122447074,-0.00777163208581813,1.01155045340867,-0.0182995848922626,0.0297340862775752
0.0355950444024351,-0.0412395869776746,-0.0224814233941588,-0.0307240786486945,0.0401827698879031,-0.00380336284043542,-0.0243724851946032,-0.0182995848922626,0.957035007129325,-0.0215475766896103
-0.0648075967157699,0.00158126751157057,-0.0138498611128463,-0.00839315613802636,0.00244274872207866,0.0158192791567494,0.0268511146941458,0.0297340862775752,-0.0215475766896103,1.040922263175
