"V1","V2","V3","V4","V5","V6","V7","V8","V9","V10"
0.95057871255229,-0.0200081793575237,-0.0529011541185441,-0.0035436461386479,-0.0108753638843164,-0.00847699564954195,0.00570605000752095,0.00726944148122121,-0.0376214296001287,-0.0222478839190912
-0.0200081793575237,1.09320058828893,-0.0419468784375262,-0.000503000672163277,-0.0710465675148583,-0.0106864631319901,0.0235354155901691,-0.0589720222877857,0.0374394038942141,0.0315469254233792
-0.0529011541185441,-0.0419468784375262,0.915165444487513,0.0271624180228616,-0.0613283187862506,-0.0114139261963298,-0.0222578056861204,0.0394706621458595,-0.00691398135174573,0.0176606553631652
-0.0035436461386479,-0.000503000672163277,0.0271624180228616,1.07593013673688,-0.063606162836365,-0.00075431287321407,-0.0389012115687221,0.00285921872515323,0.060910974170889,-0.0463679038154581
-0.0108753638843164,-0.0710465675148583,-0.0613283187862506,-0.063606162836365,1.06395798710786,-0.0327328580148465,-0.0304667029286613,-0.0347413225162348,-0.0542724315466612,-0.043538108691898
-0.00847699564954195,-0.0106864631319901,-0.0114139261963298,-0.00075431287321407,-0.0327328580148465,0.987657814839701,0.032528593943263,0.00753069899534945,0.00372735487699831,-0.0344072239542018
0.00570605000752095,0.0235354155901691,-0.0222578056861204,-0.0389012115687221,-0.0304667029286613,0.032528593943263,0.928388409871729,-0.0311328713619126,-0.047543013706928,-0.0568476344522868
0.00726944148122121,-0.0589720222877857,0.0394706621458595,0.00285921872515323,-0.0347413225162348,0.00753069899534945,-0.0311328713619126,0.93170353923098,-0.0206267472093708,-0.0211250137125117
-0.0376214296001287,0.0374394038942141,-0.00691398135174573,0.060910974170889,-0.0542724315466612,0.00372735487699831,-0.047543013706928,-0.0206267472093708,0.973809757942497,-0.0283946567082899
-0.0222478839190912,0.0315469254233792,0.0176606553631652,-0.0463679038154581,-0.043538108691898,-0.0344072239542018,-0.0568476344522868,-0.0211250137125117,-0.0283946567082899,0.999704981168882
