"V1","V2","V3","V4","V5","V6","V7","V8","V9","V10"
0.980742676503833,-0.078775473228393,0.0154784452378369,-0.0165856464486774,-0.0989054682863779,-0.0222882796381837,-0.00663993306377528,-0.0285619698830108,0.0312032328401074,0.0331393740269671
-0.078775473228393,0.966294243668274,-0.0438021575694774,-0.00622589520446679,-0.012894942431206,-0.0217386181561568,0.0201123681507361,0.0309907384263399,-0.0547375944131749,0.0483520279508233
0.0154784452378369,-0.0438021575694774,1.07142602438137,-0.0377045348183244,0.00812616905943568,0.0159155425057939,-0.00127650793054252,-0.0400602520124742,-0.043848069950557,-0.00326329173077919
-0.0165856464486774,-0.00622589520446679,-0.0377045348183244,0.948611151230551,-0.00703864694105377,-0.0238327330008857,-0.00637838297449192,-0.0135052789325848,-0.0424613175188806,-0.087110778927413
-0.0989054682863779,-0.012894942431206,0.00812616905943568,-0.00703864694105377,1.09157272955376,0.00270453182016898,0.00364970060596958,0.0791841866253845,-0.0177947596225614,-0.00652109714357768
-0.0222882796381837,-0.0217386181561568,0.0159155425057939,-0.0238327330008857,0.00270453182016898,0.953272070021948,0.00451928344751082,-0.0149917362508499,-0.0152935866729793,-0.0172576407031127
-0.00663993306377528,0.0201123681507361,-0.00127650793054252,-0.00637838297449192,0.00364970060596958,0.00451928344751082,0.973873449801976,0.0951551711145141,0.012846025593573,0.0785389780272671
-0.0285619698830108,0.0309907384263399,-0.0400602520124742,-0.0135052789325848,0.0791841866253845,-0.0149917362508499,0.0951551711145141,0.981181933300958,-0.0184331714614965,0.00552227412902231
0.0312032328401074,-0.0547375944131749,-0.043848069950557,-0.0424613175188806,-0.0177947596225614,-0.0152935866729793,0.012846025593573,-0.0184331714614965,1.06805827174078,0.0630823574072877
0.0331393740269671,0.0483520279508233,-0.00326329173077919,-0.087110778927413,-0.00652109714357768,-0.0172576407031127,0.0785389780272671,0.00552227412902231,0.0630823574072877,0.992616336671764
