"V1","V2","V3","V4","V5","V6","V7","V8","V9","V10"
1.07359954852125,0.0287776362892299,-0.0150212218063017,-5.0298941952209e-05,-0.0434599636845268,0.0383648288431906,0.00758293536630645,0.0143255712617239,-0.0340738130231053,-0.0217218671642046
0.0287776362892299,0.958452074068306,0.000368724735004272,0.0155267035905413,0.0263975247775965,0.0188992638643537,0.00400457547702699,0.00515378142233092,0.0383903914954495,0.00936926813217202
-0.0150212218063017,0.000368724735004272,0.934467478738899,0.027690645576909,0.0145930466627669,0.00612097504294139,-0.00882571473124363,-0.0472181985586313,0.0212157327418175,-0.0166113359868236
-5.0298941952209e-05,0.0155267035905413,0.027690645576909,1.03813173594977,0.0124835341525538,-0.00394027863851109,-0.00126657371608107,-0.0903489680256898,0.000824112259049306,-0.00512020808760358
-0.0434599636845268,0.0263975247775965,0.0145930466627669,0.0124835341525538,0.90202486349435,-0.0533656075890224,0.0180576905579617,-0.00274272635182551,-0.0456458805808041,0.0210383903545899
0.0383648288431906,0.0188992638643537,0.00612097504294139,-0.00394027863851109,-0.0533656075890224,0.900682598906923,-0.0206841938779715,-0.0466464454705307,0.00673355731319318,-0.00967935312863289
0.00758293536630645,0.00400457547702699,-0.00882571473124363,-0.00126657371608107,0.0180576905579617,-0.0206841938779715,0.994923565388289,0.0151965484747637,-0.0199127836666544,-0.0182602003493148
0.0143255712617239,0.00515378142233092,-0.0472181985586313,-0.0903489680256898,-0.00274272635182551,-0.0466464454705307,0.0151965484747637,1.0365236082245,-0.0555120260135489,0.0027539027888224
-0.0340738130231053,0.0383903914954495,0.0212157327418175,0.000824112259049306,-0.0456458805808041,0.00673355731319318,-0.0199127836666544,-0.0555120260135489,1.01455718288995,0.019916777272237
-0.0217218671642046,0.00936926813217202,-0.0166113359868236,-0.00512020808760358,0.0210383903545899,-0.00967935312863289,-0.0182602003493148,0.0027539027888224,0.019916777272237,1.04593713163196
