"V1","V2","V3","V4","V5","V6","V7","V8","V9","V10"
1.06280104125893,0.0302380816327053,0.0129326974430543,0.0611945554152252,-0.000931469416449283,0.0297142062833523,-0.00722173105243791,-0.00454619478164182,-0.0114304911669607,0.00387389746653742
0.0302380816327053,1.04194232406524,-0.0504389564897559,0.0247852805947156,0.0112048255630871,0.00520454533311997,0.0129046852488083,0.00293390085534361,0.00162487460294667,-0.0607797339829856
0.0129326974430543,-0.0504389564897559,1.03812091333159,0.0341047696925573,0.0219220710282978,0.0106857346456679,0.041580722683894,-0.0287492679168696,0.0707872338997164,-0.0774262919505184
0.0611945554152252,0.0247852805947156,0.0341047696925573,0.973610405980025,-0.0198825783080983,-0.0206750292850224,-0.0566023949431439,-0.0370353887349226,0.0236380402452303,0.0387136262822894
-0.000931469416449283,0.0112048255630871,0.0219220710282978,-0.0198825783080983,1.0006284484846,0.0816377572779235,0.0349093990405512,-0.0109294573349232,0.0367062760513288,-0.00666215626886519
0.0297142062833523,0.00520454533311997,0.0106857346456679,-0.0206750292850224,0.0816377572779235,0.974386083178112,-0.0122789224848276,-0.106028063384804,-0.0485285268001578,-0.056909635256023
-0.00722173105243791,0.0129046852488083,0.041580722683894,-0.0566023949431439,0.0349093990405512,-0.0122789224848276,0.978540447991053,0.0257290777293762,0.0345807656646465,-0.0204771477188032
-0.00454619478164182,0.00293390085534361,-0.0287492679168696,-0.0370353887349226,-0.0109294573349232,-0.106028063384804,0.0257290777293762,1.08338149069913,-0.0672433342022734,-0.00580065766111861
-0.0114304911669607,0.00162487460294667,0.0707872338997164,0.0236380402452303,0.0367062760513288,-0.0485285268001578,0.0345807656646465,-0.0672433342022734,1.06221262465611,-0.0434897295587258
0.00387389746653742,-0.0607797339829856,-0.0774262919505184,0.0387136262822894,-0.00666215626886519,-0.056909635256023,-0.0204771477188032,-0.00580065766111861,-0.0434897295587258,0.866502359572896
