"V1","V2","V3","V4","V5","V6","V7","V8","V9","V10"
1.09176596327355,0.0757090124871157,0.01667416701512,-0.00772232583444766,-0.0179471084909276,-0.0130066847980006,0.0598286898620833,-0.0127604996678854,0.020509762609173,-0.0261137043142752
0.0757090124871157,1.04054109010669,0.00773815096921967,0.0295477890193615,0.00562559250646776,-0.0621296692249405,-0.00542704034437474,0.00651626201936668,-0.0182569828931868,0.0582383540652396
0.01667416701512,0.00773815096921967,0.950014356711344,-0.0315980092878975,0.0196577806233035,-0.0146352136151014,0.0274993310539266,0.00223587810043593,-0.0185970068416884,0.0307684693126262
-0.00772232583444766,0.0295477890193615,-0.0315980092878975,0.97963418615145,-0.0142355319344548,-0.0124614568824062,-0.0376806592872985,0.0550768938462675,-0.0423047839675011,-0.0270132518627441
-0.0179471084909276,0.00562559250646776,0.0196577806233035,-0.0142355319344548,0.944727653966728,5.20833372792993e-05,-0.0182566812398316,0.0195166806984332,-0.0633447594622107,0.0239093669524498
-0.0130066847980006,-0.0621296692249405,-0.0146352136151014,-0.0124614568824062,5.20833372792993e-05,0.928318667938972,0.0168188391044692,-0.0240486297576041,0.0397903246755491,-0.0242726921039317
0.0598286898620833,-0.00542704034437474,0.0274993310539266,-0.0376806592872985,-0.0182566812398316,0.0168188391044692,1.06568304341145,0.00546174150696765,0.0294608973342009,-0.0315178655845627
-0.0127604996678854,0.00651626201936668,0.00223587810043593,0.0550768938462675,0.0195166806984332,-0.0240486297576041,0.00546174150696765,1.04900440380665,0.00552978392223699,-0.0299256066343193
0.020509762609173,-0.0182569828931868,-0.0185970068416884,-0.0423047839675011,-0.0633447594622107,0.0397903246755491,0.0294608973342009,0.00552978392223699,0.974361919860304,-0.0673485582087545
-0.0261137043142752,0.0582383540652396,0.0307684693126262,-0.0270132518627441,0.0239093669524498,-0.0242726921039317,-0.0315178655845627,-0.0299256066343193,-0.0673485582087545,0.984916040822069
