"V1","V2","V3","V4","V5","V6","V7","V8","V9","V10"
0.990240288367965,-0.00623382756038921,0.0585652406739565,-0.040639960465602,0.00830611639329784,-0.0357878611702042,-0.0257174687050978,-0.0311003516490708,0.0363563686903197,0.0610229975558936
-0.00623382756038921,0.988561711797344,-0.039367144510175,-0.00499518167426051,-0.00142007058349784,-0.0269025680295355,-0.0128533269712017,0.0150019501887436,0.0374221401215977,0.0195459594624865
0.0585652406739565,-0.039367144510175,1.02759336236266,-0.00903541041067041,0.00720749022562477,-0.0288668922177888,-0.0353525761998318,-0.0099201909990114,0.00304102959331757,0.0167675203984922
-0.040639960465602,-0.00499518167426051,-0.00903541041067041,0.994647960380451,0.0454318208493198,-0.045584813641525,-0.0292391059483309,-0.016888821105828,0.0085013158132886,0.0477628193585564
0.00830611639329784,-0.00142007058349784,0.00720749022562477,0.0454318208493198,0.947506888724552,-0.0409022068251647,-0.0381515439131822,0.0323109438412678,0.0220997226146271,0.00107043179308739
-0.0357878611702042,-0.0269025680295355,-0.0288668922177888,-0.045584813641525,-0.0409022068251647,1.02738542181375,0.0213090716759901,0.0460725060566396,-0.00678301556657782,-0.0379665493462943
-0.0257174687050978,-0.0128533269712017,-0.0353525761998318,-0.0292391059483309,-0.0381515439131822,0.0213090716759901,0.972536672481752,0.0340582901788598,-0.00853136379801231,-0.0444864279777801
-0.0311003516490708,0.0150019501887436,-0.0099201909990114,-0.016888821105828,0.0323109438412678,0.0460725060566396,0.0340582901788598,0.981647720276262,-0.0449140943050234,0.000656737029989627
0.0363563686903197,0.0374221401215977,0.00304102959331757,0.0085013158132886,0.0220997226146271,-0.00678301556657782,-0.00853136379801231,-0.0449140943050234,0.986247099148744,0.0296946596063432
0.0610229975558936,0.0195459594624865,0.0167675203984922,0.0477628193585564,0.00107043179308739,-0.0379665493462943,-0.0444864279777801,0.000656737029989627,0.0296946596063432,1.03796398183731
