"V1","V2","V3","V4","V5","V6","V7","V8","V9","V10"
0.961170028547424,0.0140545247630642,0.0437643056834228,4.30341262897682e-05,0.0162193100113769,-0.0370326057510853,0.0458052012036803,-0.0351459983974653,0.0146847095162585,0.00973782052633301
0.0140545247630642,0.951660771930212,0.0447965302127449,-0.0149829175052963,0.0709883222095124,0.0112873109134578,0.0032083252482218,0.00530076218287563,0.0133842811548435,-0.0238652888417591
0.0437643056834228,0.0447965302127449,1.022090382811,0.049121316686156,0.0819084863969378,0.0177687151199117,-0.012877904264596,-0.00471920646763509,0.0428842632907971,-0.0723117911367907
4.30341262897682e-05,-0.0149829175052963,0.049121316686156,1.02204002049052,-0.0594432186461361,0.0276282410052831,-0.0331957404527046,-0.0553386091706069,0.0411246239443989,0.0270181491813619
0.0162193100113769,0.0709883222095124,0.0819084863969378,-0.0594432186461361,1.02145201163873,0.00834186523310219,0.0435193076738299,-0.0269208505064219,-0.113877487881108,-0.0378930429604254
-0.0370326057510853,0.0112873109134578,0.0177687151199117,0.0276282410052831,0.00834186523310219,0.995588082403771,0.00493786536372457,0.00985269984129659,-0.0151561746996926,0.0255754397860467
0.0458052012036803,0.0032083252482218,-0.012877904264596,-0.0331957404527046,0.0435193076738299,0.00493786536372457,0.988100930055096,-0.00278636039139073,-0.0589478655554339,0.0165168738019112
-0.0351459983974653,0.00530076218287563,-0.00471920646763509,-0.0553386091706069,-0.0269208505064219,0.00985269984129659,-0.00278636039139073,0.9799896758307,-0.00224658614359074,-0.0039870489186814
0.0146847095162585,0.0133842811548435,0.0428842632907971,0.0411246239443989,-0.113877487881108,-0.0151561746996926,-0.0589478655554339,-0.00224658614359074,1.02872441807727,0.049543703044807
0.00973782052633301,-0.0238652888417591,-0.0723117911367907,0.0270181491813619,-0.0378930429604254,0.0255754397860467,0.0165168738019112,-0.0039870489186814,0.049543703044807,1.03897701411517
