"V1","V2","V3","V4","V5","V6","V7","V8","V9","V10"
1.02728745765131,0.0559414963962686,-0.0687684171809757,0.012376049481823,0.0145769301902777,-0.00567288173390431,0.0202090635433047,-0.00221137665546426,0.055104061539258,0.056013266209725
0.0559414963962686,1.01395661326957,-0.0774542559668754,0.00503924574418118,-0.0263370008119885,0.0122049000807226,-0.00829819745779942,0.025330414552756,-0.00725300178599528,0.0227739403074101
-0.0687684171809757,-0.0774542559668754,0.968568336548761,-0.0239935457572865,0.0543559098931215,0.048763178273589,-0.00613197441230024,-0.00875021081691976,-0.0010796312455166,-0.10178989186168
0.012376049481823,0.00503924574418118,-0.0239935457572865,0.988539422399389,0.0543854997511708,0.0103865012745237,-0.0747221423714381,0.0101818920288343,0.0178845646922235,0.0106743402113637
0.0145769301902777,-0.0263370008119885,0.0543559098931215,0.0543854997511708,1.03877076108444,0.0447708681864513,-0.0179994252109331,0.0602343555439719,0.018881297814327,-0.0622710896859839
-0.00567288173390431,0.0122049000807226,0.048763178273589,0.0103865012745237,0.0447708681864513,1.03098356691634,0.0087250032649671,0.0634915469691218,-0.00438735527966456,-0.0209215191646878
0.0202090635433047,-0.00829819745779942,-0.00613197441230024,-0.0747221423714381,-0.0179994252109331,0.0087250032649671,1.01472959025146,-0.0571066269244589,0.00133260196621148,-0.0441210244460999
-0.00221137665546426,0.025330414552756,-0.00875021081691976,0.0101818920288343,0.0602343555439719,0.0634915469691218,-0.0571066269244589,0.986812993732134,0.0119350745937438,0.0416389265026322
0.055104061539258,-0.00725300178599528,-0.0010796312455166,0.0178845646922235,0.018881297814327,-0.00438735527966456,0.00133260196621148,0.0119350745937438,0.986250380132229,0.0123879116715193
0.056013266209725,0.0227739403074101,-0.10178989186168,0.0106743402113637,-0.0622710896859839,-0.0209215191646878,-0.0441210244460999,0.0416389265026322,0.0123879116715193,0.948450900662006
