"V1","V2","V3","V4","V5","V6","V7","V8","V9","V10"
1.10850173125297,-0.00436714654484137,0.012837360071139,-0.0215061949600901,0.0111113388828562,0.0434754966841276,0.0259260547902381,-0.0433963050823775,-0.0290369343683974,0.0670950297845499
-0.00436714654484137,0.97216410604068,-0.0169938221509102,0.00638159292142498,0.0663620343217385,0.0297669780681188,-0.0223377442575082,-0.0548680361730859,0.0353781980683607,-0.00350391935270139
0.012837360071139,-0.0169938221509102,0.936461252197951,-0.0177296934889541,0.0102359346903807,-0.00560850125293226,0.00602495472401667,-0.0207111906251264,0.00539957277987836,0.0454773335149435
-0.0215061949600901,0.00638159292142498,-0.0177296934889541,0.944619769639473,0.00403441469535537,-0.0203438779928956,0.0149826513056253,-0.000564230652713147,-0.0046180197438729,0.0138053504191208
0.0111113388828562,0.0663620343217385,0.0102359346903807,0.00403441469535537,0.973007777103463,0.0204008712038357,-0.112217223943843,0.00280860063294956,-0.0126259137722068,-0.015194696888852
0.0434754966841276,0.0297669780681188,-0.00560850125293226,-0.0203438779928956,0.0204008712038357,1.02944632257718,0.000434751857515165,0.0177045244703094,-0.00657295965466254,-0.0314328141271324
0.0259260547902381,-0.0223377442575082,0.00602495472401667,0.0149826513056253,-0.112217223943843,0.000434751857515165,1.05841056777519,0.0727571415699949,-0.0210781768562743,0.0289213350106486
-0.0433963050823775,-0.0548680361730859,-0.0207111906251264,-0.000564230652713147,0.00280860063294956,0.0177045244703094,0.0727571415699949,1.0074947232244,-0.0748777935034173,-0.0503747026588383
-0.0290369343683974,0.0353781980683607,0.00539957277987836,-0.0046180197438729,-0.0126259137722068,-0.00657295965466254,-0.0210781768562743,-0.0748777935034173,1.04250768487761,-0.0380844907555298
0.0670950297845499,-0.00350391935270139,0.0454773335149435,0.0138053504191208,-0.015194696888852,-0.0314328141271324,0.0289213350106486,-0.0503747026588383,-0.0380844907555298,0.956932796319728
