"V1","V2","V3","V4","V5","V6","V7","V8","V9","V10"
0.876802820176818,-0.014995215459335,0.0234102704355874,-0.0204311589906922,0.0446962067490518,-0.0634181346553948,-0.0510257899891991,0.00708454182492899,-0.0246124207410197,0.0143979429306436
-0.014995215459335,1.04546049279768,0.0436164532961521,-0.0620272547962759,-0.0261600777569666,-0.0344869470424048,-0.00512399326226992,0.036161217956471,0.0033914197328944,-0.0473386369403764
0.0234102704355874,0.0436164532961521,0.996258128512929,0.0261059481203775,0.0315694573505731,-0.0142821324034596,0.0145383296334752,0.0306758933598419,-0.0110047915209137,-0.0650900162620824
-0.0204311589906922,-0.0620272547962759,0.0261059481203775,0.986019826847339,-0.0433193947110307,-0.0675112701706488,0.0429495894401124,0.0476297806486526,0.0103117882771018,-0.0598472513857529
0.0446962067490518,-0.0261600777569666,0.0315694573505731,-0.0433193947110307,1.03796224754003,0.0348940090184266,-0.0115832824031216,0.0496208921013552,-0.0126425687605348,-0.0182119662629846
-0.0634181346553948,-0.0344869470424048,-0.0142821324034596,-0.0675112701706488,0.0348940090184266,0.979660697595561,-0.0217359385573975,-0.00689990166330956,0.0233615631711565,0.0330207775768961
-0.0510257899891991,-0.00512399326226992,0.0145383296334752,0.0429495894401124,-0.0115832824031216,-0.0217359385573975,1.05632568335281,-0.04346289241411,0.0382207067442048,-0.0585906531853353
0.00708454182492899,0.036161217956471,0.0306758933598419,0.0476297806486526,0.0496208921013552,-0.00689990166330956,-0.04346289241411,1.03156727449731,-0.038644392322089,0.0307150315873197
-0.0246124207410197,0.0033914197328944,-0.0110047915209137,0.0103117882771018,-0.0126425687605348,0.0233615631711565,0.0382207067442048,-0.038644392322089,0.95430513881797,-0.00273132349804523
0.0143979429306436,-0.0473386369403764,-0.0650900162620824,-0.0598472513857529,-0.0182119662629846,0.0330207775768961,-0.0585906531853353,0.0307150315873197,-0.00273132349804523,0.985921131727533
