"V1","V2","V3","V4","V5","V6","V7","V8","V9","V10"
0.997262531945175,-0.019698763300196,0.0513979618900222,-0.00946471985044565,0.0332430690060515,0.00617166403423847,0.0213625244493852,-0.053489897270139,0.0271454724494634,0.03199043828678
-0.019698763300196,1.05392656968171,-0.0461081095057824,-0.0134560091734412,0.0519760058987878,0.0388509123662993,0.0328976313923688,-0.00588764036672915,0.0230649867768714,0.00858561111809875
0.0513979618900222,-0.0461081095057824,0.977772840135211,-0.0465275717669128,0.022850475581274,-0.0182757783118397,-0.05398537132505,0.0773843285491171,0.0172885942241573,0.0177489158921272
-0.00946471985044565,-0.0134560091734412,-0.0465275717669128,0.931489844884171,0.00534116471789946,-0.0135736760945534,-0.00504290922432393,0.00234654385217377,0.00497871296019915,0.0174209405697726
0.0332430690060515,0.0519760058987878,0.022850475581274,0.00534116471789946,0.975069224189387,-0.0482516652055108,-0.0280899126241466,0.0161017616855102,-0.0449156050523887,-0.0405729987539712
0.00617166403423847,0.0388509123662993,-0.0182757783118397,-0.0135736760945534,-0.0482516652055108,0.988554122198505,-0.0169879630991592,0.0235621818924459,-0.0189141039732814,0.0360753990328017
0.0213625244493852,0.0328976313923688,-0.05398537132505,-0.00504290922432393,-0.0280899126241466,-0.0169879630991592,0.954775622229588,0.0287597466991166,0.00185060592803561,0.0223671158438497
-0.053489897270139,-0.00588764036672915,0.0773843285491171,0.00234654385217377,0.0161017616855102,0.0235621818924459,0.0287597466991166,1.03232509629717,0.0320236313591275,-0.0356038944050499
0.0271454724494634,0.0230649867768714,0.0172885942241573,0.00497871296019915,-0.0449156050523887,-0.0189141039732814,0.00185060592803561,0.0320236313591275,0.940727518201276,-0.0112244875916488
0.03199043828678,0.00858561111809875,0.0177489158921272,0.0174209405697726,-0.0405729987539712,0.0360753990328017,0.0223671158438497,-0.0356038944050499,-0.0112244875916488,0.95981094582173
