"V1","V2","V3","V4","V5","V6","V7","V8","V9","V10"
0.946888655815444,-0.00135069391417666,-0.00624373353690907,-0.030924995959881,-0.00201465325387415,-0.029734970490949,-0.0768494153440294,0.0163356605915188,-0.00693400822734452,-0.0372663145079817
-0.00135069391417666,1.06188254027539,-0.023048793369759,-0.0533228750637543,-0.0546995417643976,-0.00316558484116189,0.0284470399635046,-0.0547891179167883,-0.0518592540866751,-0.0302288257681933
-0.00624373353690907,-0.023048793369759,0.966721032819186,-0.0124009413227792,0.047585743559199,0.00353411896875294,-0.0278724033917609,-0.00964875572957361,0.0156872446446063,0.0681721689942614
-0.030924995959881,-0.0533228750637543,-0.0124009413227792,0.938437970286959,0.00598027866492919,-0.040118327397572,-0.01933973430647,-0.00773752421263424,0.0236641936708572,-0.0463907386369524
-0.00201465325387415,-0.0546995417643976,0.047585743559199,0.00598027866492919,0.871596468278309,0.0303584727927495,-0.0469572588718221,0.0236375945281391,0.00715756706427112,0.0514602465784038
-0.029734970490949,-0.00316558484116189,0.00353411896875294,-0.040118327397572,0.0303584727927495,0.999394155636323,-0.0206395954974962,-0.0141382623663931,0.021312616419819,0.00100541939179675
-0.0768494153440294,0.0284470399635046,-0.0278724033917609,-0.01933973430647,-0.0469572588718221,-0.0206395954974962,0.981861060031387,-0.0011513701799399,-0.0442080848482997,0.0073804099155381
0.0163356605915188,-0.0547891179167883,-0.00964875572957361,-0.00773752421263424,0.0236375945281391,-0.0141382623663931,-0.0011513701799399,0.854300201979061,0.0425411801943985,0.0231639110732866
-0.00693400822734452,-0.0518592540866751,0.0156872446446063,0.0236641936708572,0.00715756706427112,0.021312616419819,-0.0442080848482997,0.0425411801943985,0.939973050543421,0.0694681138516779
-0.0372663145079817,-0.0302288257681933,0.0681721689942614,-0.0463907386369524,0.0514602465784038,0.00100541939179675,0.0073804099155381,0.0231639110732866,0.0694681138516779,0.981669634773532
