"V1","V2","V3","V4","V5","V6","V7","V8","V9","V10"
1.02609103298667,-0.0380975437357664,0.0156637780092416,0.00753730867385939,0.0332195293688905,-0.00940262655567228,0.0452277077870426,0.0111032274352418,0.0258554540574403,-0.0398136702914434
-0.0380975437357664,1.0494861642689,-0.0537465312220278,-0.00778384694414327,0.00660220647621562,0.0205920376732002,0.0324676960115086,-0.0278004228064688,0.0662701583752386,-0.0538371962426233
0.0156637780092416,-0.0537465312220278,1.03862624209116,0.0354256133843378,-0.0542567413039806,-0.0815945601893725,0.0194788414751551,0.0127274529491017,-0.0288304104440748,-0.0430431305243807
0.00753730867385939,-0.00778384694414327,0.0354256133843378,0.987058711484856,-0.025421996509148,0.0473371326089728,-0.0282300525817227,0.0415426098483921,-0.0251623130966954,0.0310494766776661
0.0332195293688905,0.00660220647621562,-0.0542567413039806,-0.025421996509148,1.04706632553875,0.0582426745624355,-0.0466500371563123,-0.105086890665766,0.0163794776561764,-0.00752747777509262
-0.00940262655567228,0.0205920376732002,-0.0815945601893725,0.0473371326089728,0.0582426745624355,1.01042764614524,-0.00804485357094362,-0.0207787838856822,0.0245527640459146,-0.0560457772637595
0.0452277077870426,0.0324676960115086,0.0194788414751551,-0.0282300525817227,-0.0466500371563123,-0.00804485357094362,0.949492343384054,0.0180066046174451,0.0605753703359724,0.00284643323360628
0.0111032274352418,-0.0278004228064688,0.0127274529491017,0.0415426098483921,-0.105086890665766,-0.0207787838856822,0.0180066046174451,0.967355606247699,-0.0183685301289507,0.0228581202370691
0.0258554540574403,0.0662701583752386,-0.0288304104440748,-0.0251623130966954,0.0163794776561764,0.0245527640459146,0.0605753703359724,-0.0183685301289507,1.03779001333435,0.00867493296344522
-0.0398136702914434,-0.0538371962426233,-0.0430431305243807,0.0310494766776661,-0.00752747777509262,-0.0560457772637595,0.00284643323360628,0.0228581202370691,0.00867493296344522,1.02702162859624
