"V1","V2","V3","V4","V5","V6","V7","V8","V9","V10"
1.02840240217998,-0.00348380574799726,0.0227038753558542,0.00596805140479095,0.00438224537461657,-0.0409498342192071,0.0254694715515051,-0.0912431342718919,0.0327870625295356,-0.0804067751952762
-0.00348380574799726,1.02960584829862,-0.00850433754743419,-0.015282057228972,0.0170600155276472,-0.0152301326461346,-0.0115513021943953,-0.0239731435137658,-0.0344564185776763,-0.00900536494242967
0.0227038753558542,-0.00850433754743419,0.936770609632619,0.0173232023189089,0.0217879697171011,0.0043601781816811,0.0190036764302668,0.0512359681659335,-0.00948861703033677,-0.0186805515097521
0.00596805140479095,-0.015282057228972,0.0173232023189089,0.989450529334889,-0.0267954495790119,0.00225948372440299,-0.0250990517115144,-0.0681967547227023,-0.0179152612294341,0.00119685304791032
0.00438224537461657,0.0170600155276472,0.0217879697171011,-0.0267954495790119,0.934494055335642,-0.00243774799977619,-0.0138294634095625,0.00795976850441748,-0.0253983249651028,0.0170173434796022
-0.0409498342192071,-0.0152301326461346,0.0043601781816811,0.00225948372440299,-0.00243774799977619,0.988546654918848,0.0188264016880504,-0.0907586370194286,0.0083437349138885,-0.0274012559336746
0.0254694715515051,-0.0115513021943953,0.0190036764302668,-0.0250990517115144,-0.0138294634095625,0.0188264016880504,0.963586965291363,0.00184031030648598,0.0468211847902298,-0.0153706543845596
-0.0912431342718919,-0.0239731435137658,0.0512359681659335,-0.0681967547227023,0.00795976850441748,-0.0907586370194286,0.00184031030648598,1.0573554740633,-0.00604581549904471,0.0671301898132579
0.0327870625295356,-0.0344564185776763,-0.00948861703033677,-0.0179152612294341,-0.0253983249651028,0.0083437349138885,0.0468211847902298,-0.00604581549904471,1.0554162957971,-0.00859206732862393
-0.0804067751952762,-0.00900536494242967,-0.0186805515097521,0.00119685304791032,0.0170173434796022,-0.0274012559336746,-0.0153706543845596,0.0671301898132579,-0.00859206732862393,0.951909715006584
