"V1","V2","V3","V4","V5","V6","V7","V8","V9","V10"
0.991142562026149,0.0241254835435855,-0.0140491791448637,-0.0281880579571292,0.0380066790105601,-0.0307578946864627,-0.0578286635879102,0.0246134834440378,-0.00276295496292613,-0.00534521373240556
0.0241254835435855,0.933387023718788,-0.0598831645044835,0.0330919049949664,0.00159137598459403,-0.0133401058958812,-0.0416029242172656,0.0489747523067064,0.016852218817584,-0.0322333454933588
-0.0140491791448637,-0.0598831645044835,1.06402006602868,0.0327398297045019,-0.00633080125751674,0.036623438079859,-0.00262283535642383,0.00112765676808287,-0.0543661792282022,0.00936380916027873
-0.0281880579571292,0.0330919049949664,0.0327398297045019,1.01900231743053,0.0125545487190523,-0.0163309083087201,-0.0143290687488109,-0.0927891758120936,0.0367682913702324,0.018116439130133
0.0380066790105601,0.00159137598459403,-0.00633080125751674,0.0125545487190523,0.927387153262503,-0.0160416047459649,0.0102852755506428,0.0463288459144556,0.0559746416662439,-0.0103139044506879
-0.0307578946864627,-0.0133401058958812,0.036623438079859,-0.0163309083087201,-0.0160416047459649,0.95976883427044,0.0362821518741039,-0.044160689268351,-0.00243600048936608,-0.0396441788556426
-0.0578286635879102,-0.0416029242172656,-0.00262283535642383,-0.0143290687488109,0.0102852755506428,0.0362821518741039,0.93727034414672,0.00341981989825171,-0.0152186381130702,-0.0278638485309059
0.0246134834440378,0.0489747523067064,0.00112765676808287,-0.0927891758120936,0.0463288459144556,-0.044160689268351,0.00341981989825171,1.08385896079888,0.0143310945761499,-0.0311019206871481
-0.00276295496292613,0.016852218817584,-0.0543661792282022,0.0367682913702324,0.0559746416662439,-0.00243600048936608,-0.0152186381130702,0.0143310945761499,1.02649844209512,0.0588862391948141
-0.00534521373240556,-0.0322333454933588,0.00936380916027873,0.018116439130133,-0.0103139044506879,-0.0396441788556426,-0.0278638485309059,-0.0311019206871481,0.0588862391948141,0.971411955423589
