"V1","V2","V3","V4","V5","V6","V7","V8","V9","V10"
0.938306248805643,-0.0448308837573425,-0.0338691057966849,-0.00875392591601209,0.0529484817038766,0.026733032336786,0.0744338682111752,0.00240130937982393,0.0426156380551813,0.0172385938224241
-0.0448308837573425,1.05929956095036,-0.00222349114806511,0.00766972134560574,-0.0491514317770665,-0.0208085530284547,0.007557702417965,-0.0121982385598775,-0.0103332881733511,0.039364701212672
-0.0338691057966849,-0.00222349114806511,1.00154757189435,0.0365197179055749,-0.0217932157238547,0.0529270323648912,0.0130311358430401,-0.0108036741457864,-0.0261928732246574,-0.0292173342720875
-0.00875392591601209,0.00766972134560574,0.0365197179055749,1.00277854408129,0.0559677971540128,0.0295109292944215,-0.0197265902971502,-0.0158965925289611,-0.00588297811397733,0.0693656012936331
0.0529484817038766,-0.0491514317770665,-0.0217932157238547,0.0559677971540128,0.990891681299864,-0.0913505985337559,0.0286072456539355,-0.0183947407459578,0.0481844073676899,0.0301025663667835
0.026733032336786,-0.0208085530284547,0.0529270323648912,0.0295109292944215,-0.0913505985337559,0.980220092723614,-0.040432574014005,-0.0192312212231087,-0.0175443353178827,-0.000515280091061393
0.0744338682111752,0.007557702417965,0.0130311358430401,-0.0197265902971502,0.0286072456539355,-0.040432574014005,0.932212971025501,0.0430929374986859,0.0113034606064471,0.0805011783848264
0.00240130937982393,-0.0121982385598775,-0.0108036741457864,-0.0158965925289611,-0.0183947407459578,-0.0192312212231087,0.0430929374986859,1.10125591258703,0.0424321139443004,-0.028654370426855
0.0426156380551813,-0.0103332881733511,-0.0261928732246574,-0.00588297811397733,0.0481844073676899,-0.0175443353178827,0.0113034606064471,0.0424321139443004,1.02065657201727,-0.0293125688449997
0.0172385938224241,0.039364701212672,-0.0292173342720875,0.0693656012936331,0.0301025663667835,-0.000515280091061393,0.0805011783848264,-0.028654370426855,-0.0293125688449997,1.00046828939024
