"V1","V2","V3","V4","V5","V6","V7","V8","V9","V10"
0.905699413938192,0.0162856424001999,-0.00640232303138416,0.040389074775727,0.0365704242127547,-0.0136025086432665,0.0328986247418636,0.0363215545419538,-0.00134197668533819,-0.00045694792583684
0.0162856424001999,0.969437192469129,-0.0184538971934372,-0.000700577631095843,-0.00940327297494664,-0.0545509769264811,-0.0485495933376899,0.0108309944661367,0.00979176105457454,0.0661133872503371
-0.00640232303138416,-0.0184538971934372,1.03412062450099,0.0166793417626252,-0.0103195585940545,-0.0194842722280452,-0.0247454995955721,0.00643688862712428,0.0287114867559271,-0.00976947182200864
0.040389074775727,-0.000700577631095843,0.0166793417626252,0.962188948186342,0.0120845818231244,-0.00609995231140992,-0.00363530909844401,0.00177466923429711,-0.0195267795305544,-0.0653962071389098
0.0365704242127547,-0.00940327297494664,-0.0103195585940545,0.0120845818231244,1.0162907733405,-0.0352491784332779,0.0068785120287665,-0.0902071282485539,-0.0511561508205966,0.0151816073356517
-0.0136025086432665,-0.0545509769264811,-0.0194842722280452,-0.00609995231140992,-0.0352491784332779,1.02114169336093,-0.0253126863827105,-0.00330951375072241,-0.0253816040525798,0.0285204954898448
0.0328986247418636,-0.0485495933376899,-0.0247454995955721,-0.00363530909844401,0.0068785120287665,-0.0253126863827105,1.01244100054038,-0.0294995325461489,0.0116191537535516,-0.0271396710215867
0.0363215545419538,0.0108309944661367,0.00643688862712428,0.00177466923429711,-0.0902071282485539,-0.00330951375072241,-0.0294995325461489,1.01100407395878,-0.0332753760519126,-0.0638833375492015
-0.00134197668533819,0.00979176105457454,0.0287114867559271,-0.0195267795305544,-0.0511561508205966,-0.0253816040525798,0.0116191537535516,-0.0332753760519126,1.03659272784539,0.0405541151791553
-0.00045694792583684,0.0661133872503371,-0.00976947182200864,-0.0653962071389098,0.0151816073356517,0.0285204954898448,-0.0271396710215867,-0.0638833375492015,0.0405541151791553,1.01391342037775
