"V1","V2","V3","V4","V5","V6","V7","V8","V9","V10"
0.917731386282402,-0.0625820300992809,0.0325971224352682,-0.0234200400467621,0.0264365597792282,0.0184695124812534,0.0122460260552895,-0.0225579645888715,0.0483875206673582,-0.0126294349281288
-0.0625820300992809,1.10367677681754,-0.0229854668465991,-0.0330893283234394,-0.0426356897417274,0.0313842080578396,-0.0323980365428737,0.00559454887177151,-0.0189790008232191,-0.0145452569080075
0.0325971224352682,-0.0229854668465991,1.0411727254663,-0.00726097432585286,0.00743703110868679,-0.0125204191587078,-0.0270278727593375,0.00880178086210756,-0.0581036501424813,0.0181910044872105
-0.0234200400467621,-0.0330893283234394,-0.00726097432585286,0.926107884860472,-0.0105269808184895,-0.0608159591019542,-0.0137710834664999,0.0199344198345707,-0.0108854574717999,0.0561445121997288
0.0264365597792282,-0.0426356897417274,0.00743703110868679,-0.0105269808184895,1.03488252839883,-0.00304616944445676,-0.0321726714505764,0.0185306212662617,-0.0261342314246666,-0.0588724868262421
0.0184695124812534,0.0313842080578396,-0.0125204191587078,-0.0608159591019542,-0.00304616944445676,0.982831196666737,-0.0351259624995326,-0.0147392985589031,0.0215092271269356,0.038682320409152
0.0122460260552895,-0.0323980365428737,-0.0270278727593375,-0.0137710834664999,-0.0321726714505764,-0.0351259624995326,1.00801798955687,-0.0472856295601924,0.0420888910359836,-0.00885696496245566
-0.0225579645888715,0.00559454887177151,0.00880178086210756,0.0199344198345707,0.0185306212662617,-0.0147392985589031,-0.0472856295601924,1.04958564300673,0.0463366237130946,0.0546054162387068
0.0483875206673582,-0.0189790008232191,-0.0581036501424813,-0.0108854574717999,-0.0261342314246666,0.0215092271269356,0.0420888910359836,0.0463366237130946,0.947278999344228,0.0501003400269253
-0.0126294349281288,-0.0145452569080075,0.0181910044872105,0.0561445121997288,-0.0588724868262421,0.038682320409152,-0.00885696496245566,0.0546054162387068,0.0501003400269253,1.02381133372227
