"V1","V2","V3","V4","V5","V6","V7","V8","V9","V10"
0.969452242008221,0.00321692540232626,-0.00350480215620737,0.0149489104784647,0.0276595503389166,-0.0473417106084395,-0.0563897542291687,0.0102891177273188,-0.0323158169978006,0.0380333054102096
0.00321692540232626,1.12667470985134,-0.00899340444224911,-0.0335474117292576,-0.0498494778964088,0.0240896976926383,0.0431903937227475,-0.00951242909115629,-0.0278551936343164,-0.0182879641608376
-0.00350480215620737,-0.00899340444224911,0.94688166327096,-0.00237996022649956,0.00765768487038661,0.0240165029117854,0.0776848686523274,-0.0180060876331569,-0.00600988610440057,0.0741242305069481
0.0149489104784647,-0.0335474117292576,-0.00237996022649956,0.989060762890766,0.0099873816515815,0.0075222613392328,-0.0485122495458491,0.00834032194534728,-0.0745010561929372,-0.0580760620090781
0.0276595503389166,-0.0498494778964088,0.00765768487038661,0.0099873816515815,0.934174141794607,-5.17803366072243e-05,0.00737589925246991,-0.0443283444306737,0.0153628624722378,0.0326329225026784
-0.0473417106084395,0.0240896976926383,0.0240165029117854,0.0075222613392328,-5.17803366072243e-05,1.02967358798459,0.0376027799482208,0.0451321318927013,0.0365847184749502,0.0121623591472314
-0.0563897542291687,0.0431903937227475,0.0776848686523274,-0.0485122495458491,0.00737589925246991,0.0376027799482208,0.972892853792686,-0.0650491345512289,0.044810062607985,0.0117169874590658
0.0102891177273188,-0.00951242909115629,-0.0180060876331569,0.00834032194534728,-0.0443283444306737,0.0451321318927013,-0.0650491345512289,0.964051704415764,0.0290982418781733,-0.034775990711202
-0.0323158169978006,-0.0278551936343164,-0.00600988610440057,-0.0745010561929372,0.0153628624722378,0.0365847184749502,0.044810062607985,0.0290982418781733,1.0436051898153,-0.00915810021954294
0.0380333054102096,-0.0182879641608376,0.0741242305069481,-0.0580760620090781,0.0326329225026784,0.0121623591472314,0.0117169874590658,-0.034775990711202,-0.00915810021954294,1.0029606686805
