"V1","V2","V3","V4","V5","V6","V7","V8","V9","V10"
1.02896441923786,0.0172288151867524,-0.108861229655649,0.0579145407764059,0.0349573423232259,0.0135708985234563,-0.0221324174820292,0.00163322309383817,0.0211044716282869,0.0356587381666772
0.0172288151867524,1.05828738128026,-0.0417534233620966,-0.0195869157991259,0.0412110930667578,0.0745020440545813,-0.0940743697047924,0.0296699126656945,0.000275385904835955,-0.00624448911856732
-0.108861229655649,-0.0417534233620966,1.01074795072149,-0.00114269457738806,-0.0760333996982231,-0.0615113615707279,-0.0175038669483625,0.00332421622506751,-0.0371953619432432,0.0312913006098781
0.0579145407764059,-0.0195869157991259,-0.00114269457738806,0.958009293403857,0.0110070064357993,-0.0113568706730815,0.0295798044220629,0.000958734927694219,0.00846168945153744,-0.0512080724405706
0.0349573423232259,0.0412110930667578,-0.0760333996982231,0.0110070064357993,1.01155968230353,-0.0691216267658128,0.0481009711147533,-0.0304287199492191,0.0338139951727933,0.015838781694708
0.0135708985234563,0.0745020440545813,-0.0615113615707279,-0.0113568706730815,-0.0691216267658128,0.931596711335553,-0.0548807222137186,-0.0018609510412799,-0.0414725274598407,-0.0178751456661749
-0.0221324174820292,-0.0940743697047924,-0.0175038669483625,0.0295798044220629,0.0481009711147533,-0.0548807222137186,0.981676212428379,0.0507414789734748,0.0683482491450267,-0.00323355915556869
0.00163322309383817,0.0296699126656945,0.00332421622506751,0.000958734927694219,-0.0304287199492191,-0.0018609510412799,0.0507414789734748,0.93791262086418,0.0812155380695514,-0.0268934637045155
0.0211044716282869,0.000275385904835955,-0.0371953619432432,0.00846168945153744,0.0338139951727933,-0.0414725274598407,0.0683482491450267,0.0812155380695514,0.961315382950389,0.0432887304632188
0.0356587381666772,-0.00624448911856732,0.0312913006098781,-0.0512080724405706,0.015838781694708,-0.0178751456661749,-0.00323355915556869,-0.0268934637045155,0.0432887304632188,1.00922819159663
