"V1","V2","V3","V4","V5","V6","V7","V8","V9","V10"
0.910669276257493,0.0505200854455456,-0.0154093815947879,-0.00324294239723323,0.0577997855640706,-0.0102403302573913,0.00387658751442382,0.0226144777685383,-0.00602945235293846,0.0219958230172708
0.0505200854455456,0.952514553481254,-0.033262317854177,0.00932188832023409,-0.0116786489269999,0.0681160700283907,-0.00187345755134605,-0.00289712077223424,0.0381916144756301,0.0403945790346354
-0.0154093815947879,-0.033262317854177,0.9924037828209,-0.0183788933751087,-0.0803481673068825,0.0395707155599478,0.0637645535779171,0.00194773608781034,0.0143188268612485,-0.0335618638107791
-0.00324294239723323,0.00932188832023409,-0.0183788933751087,1.00976938878632,0.0325993237143585,0.0315992779598982,-0.00752597874261781,-0.0129654554074778,0.0291741853420602,0.0344734299660619
0.0577997855640706,-0.0116786489269999,-0.0803481673068825,0.0325993237143585,0.984092329429414,-0.00194305430129223,-0.0372897289488634,0.00618458832917867,0.0442301387529986,-0.00351396500335683
-0.0102403302573913,0.0681160700283907,0.0395707155599478,0.0315992779598982,-0.00194305430129223,1.02831577823192,-0.012730028999715,-0.0526451923236121,0.00748075990536621,0.0129691355405591
0.00387658751442382,-0.00187345755134605,0.0637645535779171,-0.00752597874261781,-0.0372897289488634,-0.012730028999715,1.00909002806272,0.0251551604561507,-0.012690755118416,-0.027930355484534
0.0226144777685383,-0.00289712077223424,0.00194773608781034,-0.0129654554074778,0.00618458832917867,-0.0526451923236121,0.0251551604561507,0.98669882488189,-0.0354111543640286,0.0389224084856956
-0.00602945235293846,0.0381916144756301,0.0143188268612485,0.0291741853420602,0.0442301387529986,0.00748075990536621,-0.012690755118416,-0.0354111543640286,0.982547993214417,0.0242808308462001
0.0219958230172708,0.0403945790346354,-0.0335618638107791,0.0344734299660619,-0.00351396500335683,0.0129691355405591,-0.027930355484534,0.0389224084856956,0.0242808308462001,1.01120649018956
