"V1","V2","V3","V4","V5","V6","V7","V8","V9","V10"
0.946115571581128,0.0321183985493608,0.0208701531390614,-0.00679548819204489,0.029243843104517,-0.03221701749053,0.0245687815342989,0.0544296133690659,0.0366883281301249,-0.035055536537668
0.0321183985493608,0.993365438816829,0.0547861580295765,-0.0455219572358763,0.0190294578534153,-0.0248668274502257,-0.0254615657826608,0.0368429803571986,0.033991828878574,0.0155964063178484
0.0208701531390614,0.0547861580295765,1.05018085131341,-0.0097740382445891,0.0057762192850313,0.0214208036111623,0.0191393724120271,-0.0122128465784089,-0.0321219707347943,0.0163073417132655
-0.00679548819204489,-0.0455219572358763,-0.0097740382445891,1.00600226662544,0.0110074039037156,0.0117652598675015,0.026921132406378,-0.037540276427656,-0.0458682093079923,-0.0333620225784891
0.029243843104517,0.0190294578534153,0.0057762192850313,0.0110074039037156,0.95161389389727,0.0220450853095445,-0.00444001096887574,0.0257490502259447,-0.0426098177095199,0.00642139369458691
-0.03221701749053,-0.0248668274502257,0.0214208036111623,0.0117652598675015,0.0220450853095445,0.913458678020827,-0.016424597023148,0.00645176196740986,0.0657599441622173,-0.00507145945490645
0.0245687815342989,-0.0254615657826608,0.0191393724120271,0.026921132406378,-0.00444001096887574,-0.016424597023148,1.03220365616381,-0.00116896054230513,-0.0385388760652364,-0.102040320625475
0.0544296133690659,0.0368429803571986,-0.0122128465784089,-0.037540276427656,0.0257490502259447,0.00645176196740986,-0.00116896054230513,1.05219985012211,0.0604130429972324,0.0866224102408185
0.0366883281301249,0.033991828878574,-0.0321219707347943,-0.0458682093079923,-0.0426098177095199,0.0657599441622173,-0.0385388760652364,0.0604130429972324,0.993897155610162,0.000764160013970238
-0.035055536537668,0.0155964063178484,0.0163073417132655,-0.0333620225784891,0.00642139369458691,-0.00507145945490645,-0.102040320625475,0.0866224102408185,0.000764160013970238,1.04176973372047
