"V1","V2","V3","V4","V5","V6","V7","V8","V9","V10"
1.00415184319599,0.0465322193201499,0.0535700413908241,0.0133445390473167,-0.061638098747395,-0.00869839471728365,-0.0219706378274012,0.00518543388414886,0.0649862223170739,-0.0124000815490751
0.0465322193201499,1.01893891175891,-0.00457085071385465,0.000572835658241861,-0.0364620535733422,0.00015079469515179,-0.0251702291225205,0.0235154704585335,0.0666082283451429,0.0173647634740246
0.0535700413908241,-0.00457085071385465,1.03933657370351,0.00995992402011209,0.00317085752412425,-0.0596595879205069,-0.00799375234551166,-0.0339377938224676,-0.0291707482216401,-0.0235610430378165
0.0133445390473167,0.000572835658241861,0.00995992402011209,1.05829370950771,-0.0294063905063251,0.0337874650065915,0.033280476572136,0.0152740025698987,-0.0550402803392089,-0.0515566444089839
-0.061638098747395,-0.0364620535733422,0.00317085752412425,-0.0294063905063251,0.947328089662593,-0.00978480882309566,0.0099991169614251,0.0123086367960256,-0.0171633415219102,-0.0426787108160359
-0.00869839471728365,0.00015079469515179,-0.0596595879205069,0.0337874650065915,-0.00978480882309566,0.965179051025668,-0.0300674747917358,0.00470586625491844,0.0206136498250004,0.0706048323090244
-0.0219706378274012,-0.0251702291225205,-0.00799375234551166,0.033280476572136,0.0099991169614251,-0.0300674747917358,0.920729707218964,-0.0270595741990335,0.0354527632715781,-0.00660371532302121
0.00518543388414886,0.0235154704585335,-0.0339377938224676,0.0152740025698987,0.0123086367960256,0.00470586625491844,-0.0270595741990335,1.07539703364022,-0.0126555715997427,-0.0250523760866486
0.0649862223170739,0.0666082283451429,-0.0291707482216401,-0.0550402803392089,-0.0171633415219102,0.0206136498250004,0.0354527632715781,-0.0126555715997427,1.03090374555108,0.0379732489328619
-0.0124000815490751,0.0173647634740246,-0.0235610430378165,-0.0515566444089839,-0.0426787108160359,0.0706048323090244,-0.00660371532302121,-0.0250523760866486,0.0379732489328619,0.887950801324705
