"V1","V2","V3","V4","V5","V6","V7","V8","V9","V10"
0.961121850745091,0.0295931624079519,-0.0213364643325124,-0.00953820328967142,-0.0271687432173147,-0.00241204735663395,-0.0269320140459158,-0.00482600482339082,-0.0301885516463121,0.00842301483021412
0.0295931624079519,1.00982444315648,0.0378252832737882,-0.0120212859928905,0.0141142247503495,0.0163468818141891,0.0511514950555686,0.0131161495939997,-0.0138340731353173,0.0326882226614488
-0.0213364643325124,0.0378252832737882,1.03920758934845,0.0227269816135993,-0.00618045188556955,0.00542391372231713,-0.0058346810492533,0.0147457362382761,0.0247818440456767,0.0234287970349287
-0.00953820328967142,-0.0120212859928905,0.0227269816135993,0.994597009006994,0.0106187976854341,-0.0164967628360249,0.026420539940202,0.0201721055305318,-0.0214241336252236,-0.0519285224750807
-0.0271687432173147,0.0141142247503495,-0.00618045188556955,0.0106187976854341,0.917292394900141,-0.00163363607659171,0.00473933229093568,0.0179539153269226,0.0126498587491171,-0.0170211982037156
-0.00241204735663395,0.0163468818141891,0.00542391372231713,-0.0164967628360249,-0.00163363607659171,1.0405591947058,-0.0109802893489811,-0.053678939929375,-0.0656960309888762,0.0609902865634439
-0.0269320140459158,0.0511514950555686,-0.0058346810492533,0.026420539940202,0.00473933229093568,-0.0109802893489811,0.998811231983826,0.020403369597169,0.0268731440021453,-0.0139548412438212
-0.00482600482339082,0.0131161495939997,0.0147457362382761,0.0201721055305318,0.0179539153269226,-0.053678939929375,0.020403369597169,0.923051924188904,0.0153314323268529,0.0156762919201179
-0.0301885516463121,-0.0138340731353173,0.0247818440456767,-0.0214241336252236,0.0126498587491171,-0.0656960309888762,0.0268731440021453,0.0153314323268529,1.00129375897547,0.00926105707880012
0.00842301483021412,0.0326882226614488,0.0234287970349287,-0.0519285224750807,-0.0170211982037156,0.0609902865634439,-0.0139548412438212,0.0156762919201179,0.00926105707880012,0.9874399809528
