"V1","V2","V3","V4","V5","V6","V7","V8","V9","V10"
0.957271985063171,0.0494484245944786,-0.0106707350300316,0.00839733088935475,-0.0325176421788379,0.0328003984846325,0.02642391843358,-0.0391656320784282,0.00675670487732376,0.0335682191936045
0.0494484245944786,1.02787912825819,-0.0690255427858791,-0.0513107585189198,0.0958153013620738,-0.0190996102982089,-0.0188732413981178,0.0473571686274492,-0.011272457743394,-0.0264879526464196
-0.0106707350300316,-0.0690255427858791,0.974507592580688,0.077811744828403,-0.0320719244438683,-0.0137254528197703,-0.0141131415786982,0.0251544298444672,-0.0244537779691473,-0.00196318664480962
0.00839733088935475,-0.0513107585189198,0.077811744828403,1.03038771642405,-0.0324617041143952,0.0206530255982521,0.0402932701090795,0.113490853712142,-0.00614144841511475,0.100735881295771
-0.0325176421788379,0.0958153013620738,-0.0320719244438683,-0.0324617041143952,1.16370424522971,-0.0483520936254314,0.0360927656233736,0.0287780846072381,-0.0572631504563557,0.0121484471337689
0.0328003984846325,-0.0190996102982089,-0.0137254528197703,0.0206530255982521,-0.0483520936254314,1.07933257262233,-0.010192590983792,0.0622436742051838,0.0085951399157374,-0.0146936878645016
0.02642391843358,-0.0188732413981178,-0.0141131415786982,0.0402932701090795,0.0360927656233736,-0.010192590983792,0.980321809621608,0.0275175202400196,0.0106616571062914,0.0278702784277946
-0.0391656320784282,0.0473571686274492,0.0251544298444672,0.113490853712142,0.0287780846072381,0.0622436742051838,0.0275175202400196,0.972983949683802,0.0533096652082783,0.0252703757262318
0.00675670487732376,-0.011272457743394,-0.0244537779691473,-0.00614144841511475,-0.0572631504563557,0.0085951399157374,0.0106616571062914,0.0533096652082783,1.02554744121182,-0.0213389646235231
0.0335682191936045,-0.0264879526464196,-0.00196318664480962,0.100735881295771,0.0121484471337689,-0.0146936878645016,0.0278702784277946,0.0252703757262318,-0.0213389646235231,1.00378273369665
