"V1","V2","V3","V4","V5","V6","V7","V8","V9","V10"
0.977097606293671,0.0163061031011702,-0.0445832725883955,0.0484429484722176,0.0138618162940289,0.00242518123890499,-0.0679204111689633,0.0729293247662707,-0.0107084262320576,0.0464749329873691
0.0163061031011702,0.937352246675023,0.0085890072345553,0.0116746094257087,0.0499579770051974,-0.0317307628787008,-0.0433277320560435,-0.0132190757873888,0.0162223278595369,-0.0263863974412427
-0.0445832725883955,0.0085890072345553,0.988795577556752,-0.0124730171109342,0.039491605180416,0.00558612264371048,0.00349063865341095,-0.0175953159641185,-0.0393417803476471,-0.0974334838565693
0.0484429484722176,0.0116746094257087,-0.0124730171109342,0.999318619362789,0.00323476986948368,0.0496121934312386,-0.0592293532312923,0.00343793113681673,0.0324810119477662,-0.0244006169040742
0.0138618162940289,0.0499579770051974,0.039491605180416,0.00323476986948368,0.891723022865184,-0.0409532631841096,-0.0269753661807019,0.0263811158465564,-0.0362779886721592,0.0326388263020733
0.00242518123890499,-0.0317307628787008,0.00558612264371048,0.0496121934312386,-0.0409532631841096,0.911325623774356,-0.0264953646130177,0.0368851928825321,0.0310776921992737,-0.0110900718318271
-0.0679204111689633,-0.0433277320560435,0.00349063865341095,-0.0592293532312923,-0.0269753661807019,-0.0264953646130177,1.02878343826936,-0.0387792031724651,-0.0287562017269119,0.0290102434383849
0.0729293247662707,-0.0132190757873888,-0.0175953159641185,0.00343793113681673,0.0263811158465564,0.0368851928825321,-0.0387792031724651,0.946061676014826,0.0018954894970995,0.0494908779908621
-0.0107084262320576,0.0162223278595369,-0.0393417803476471,0.0324810119477662,-0.0362779886721592,0.0310776921992737,-0.0287562017269119,0.0018954894970995,1.09469775770246,-0.0433490160299379
0.0464749329873691,-0.0263863974412427,-0.0974334838565693,-0.0244006169040742,0.0326388263020733,-0.0110900718318271,0.0290102434383849,0.0494908779908621,-0.0433490160299379,1.00581666161013
