"V1","V2","V3","V4","V5","V6","V7","V8","V9","V10"
0.937757597930359,-0.000104244793531657,-0.0213093998835401,0.0226496600587435,-0.0144652010397674,-0.0272726178014148,0.00222305462283856,0.00681582241421929,0.0215129236331977,0.0165771874333238
-0.000104244793531657,0.950007016713298,-0.00126121256135061,-0.011141237376775,0.00626650971664177,0.0245119669483181,0.0265968046949613,-0.0253817404128671,-0.0305251795155749,0.0267371956727948
-0.0213093998835401,-0.00126121256135061,0.963716719090056,-0.0454432199855084,-0.0164400651840808,0.0166449985926608,-0.0257540635502182,-0.00558657836565452,-0.0455735312053767,-0.0079131652792191
0.0226496600587435,-0.011141237376775,-0.0454432199855084,1.02700543913405,0.00436286852143803,0.0457951928377162,0.0651699263818942,-0.0424874330155495,0.0120214277803851,-0.0187749594032551
-0.0144652010397674,0.00626650971664177,-0.0164400651840808,0.00436286852143803,0.997221808184036,0.0513227546498909,-0.00924939007568108,0.0331392346328927,0.00428980050853607,0.0250058869687889
-0.0272726178014148,0.0245119669483181,0.0166449985926608,0.0457951928377162,0.0513227546498909,1.00295829636037,0.0309056666682394,-0.0258348834655372,-0.01364942114992,0.0124079644188262
0.00222305462283856,0.0265968046949613,-0.0257540635502182,0.0651699263818942,-0.00924939007568108,0.0309056666682394,0.988191904244469,0.0582566156510314,0.00421389913031645,0.0336932477011951
0.00681582241421929,-0.0253817404128671,-0.00558657836565452,-0.0424874330155495,0.0331392346328927,-0.0258348834655372,0.0582566156510314,1.0328294790155,-0.0250226410416993,0.00142385625222655
0.0215129236331977,-0.0305251795155749,-0.0455735312053767,0.0120214277803851,0.00428980050853607,-0.01364942114992,0.00421389913031645,-0.0250226410416993,0.974158244278762,-0.0299223584234508
0.0165771874333238,0.0267371956727948,-0.0079131652792191,-0.0187749594032551,0.0250058869687889,0.0124079644188262,0.0336932477011951,0.00142385625222655,-0.0299223584234508,1.01901053509431
