"V1","V2","V3","V4","V5","V6","V7","V8","V9","V10"
1.02527681356204,-0.058434414157668,0.0250898336445394,0.00721914316862218,0.0288470788530797,0.0145379827408471,0.0245080254942968,0.0632216415662883,0.0701998259755047,-0.0790896596055974
-0.058434414157668,0.970858457088817,-0.0356086802524567,-0.028249069787742,0.0320493070009338,-0.00985464171867444,0.00120066544959128,0.0686415417896722,-0.0592784799310531,-0.0192401613790679
0.0250898336445394,-0.0356086802524567,0.991112192616883,0.0103216754218836,0.0159331199419671,0.00950158183111295,-0.021654948617921,-0.0295264064605457,0.0497347538716969,0.0384307988032472
0.00721914316862218,-0.028249069787742,0.0103216754218836,0.97295613456052,0.0167668737631906,0.0342440326045515,-0.0758093340292408,-0.0412962617575335,-0.00697917138130231,0.0117739704374006
0.0288470788530797,0.0320493070009338,0.0159331199419671,0.0167668737631906,1.0199885712529,0.0571188788662755,-0.0274715200852911,0.00583058431757861,-0.0421301003263276,-0.0178976247890801
0.0145379827408471,-0.00985464171867444,0.00950158183111295,0.0342440326045515,0.0571188788662755,0.973184556442094,-0.015780028391422,0.00174528116904833,-0.0429729020752439,-0.0169786888393019
0.0245080254942968,0.00120066544959128,-0.021654948617921,-0.0758093340292408,-0.0274715200852911,-0.015780028391422,0.992566252682318,-0.00423508128152842,0.0814357866105431,-0.0403698337939165
0.0632216415662883,0.0686415417896722,-0.0295264064605457,-0.0412962617575335,0.00583058431757861,0.00174528116904833,-0.00423508128152842,1.04766116459561,-0.00202363532436799,-0.0102468302896837
0.0701998259755047,-0.0592784799310531,0.0497347538716969,-0.00697917138130231,-0.0421301003263276,-0.0429729020752439,0.0814357866105431,-0.00202363532436799,0.923299217188357,0.0151859734825183
-0.0790896596055974,-0.0192401613790679,0.0384307988032472,0.0117739704374006,-0.0178976247890801,-0.0169786888393019,-0.0403698337939165,-0.0102468302896837,0.0151859734825183,1.08744228314945
