"V1","V2","V3","V4","V5","V6","V7","V8","V9","V10"
0.887401387289014,0.0351133422465007,0.0081127605191654,0.0119202505914299,0.014315233176864,-0.0187982937665259,0.0440020944641824,-0.0855005099890204,-0.042697362678487,0.0187649902626635
0.0351133422465007,1.04218868747518,0.0390396158758512,0.0216935362601138,0.0269810047579933,0.0361405988254325,0.00680200920612833,0.0112748194494893,0.0019291778382717,0.022990210954921
0.0081127605191654,0.0390396158758512,1.03716268063848,-0.0386821670162663,0.0121932972441157,0.052849454604869,0.003630857758187,-0.0225885525470766,-0.00928518836581704,-0.00103340333849595
0.0119202505914299,0.0216935362601138,-0.0386821670162663,0.984104037219543,-0.0397136781599354,0.0232605203850842,-0.0480744151375756,-0.0350317008002356,-0.0155740981006678,-0.000249254359980824
0.014315233176864,0.0269810047579933,0.0121932972441157,-0.0397136781599354,1.00965507962107,0.0253505600451305,0.0188635336457228,-0.0171612489799315,0.00272893050929407,-0.0360943617564665
-0.0187982937665259,0.0361405988254325,0.052849454604869,0.0232605203850842,0.0253505600451305,0.941725526437349,-0.00233560530242713,0.00727817044905577,-0.0285862232389781,0.0169182894208145
0.0440020944641824,0.00680200920612833,0.003630857758187,-0.0480744151375756,0.0188635336457228,-0.00233560530242713,1.03078397208951,-0.0400884184052387,-0.0325920786589327,-0.0651876229372418
-0.0855005099890204,0.0112748194494893,-0.0225885525470766,-0.0350317008002356,-0.0171612489799315,0.00727817044905577,-0.0400884184052387,0.983802605637197,0.000369969970376338,0.00188474814381901
-0.042697362678487,0.0019291778382717,-0.00928518836581704,-0.0155740981006678,0.00272893050929407,-0.0285862232389781,-0.0325920786589327,0.000369969970376338,1.01286400729124,0.00321199416886257
0.0187649902626635,0.022990210954921,-0.00103340333849595,-0.000249254359980824,-0.0360943617564665,0.0169182894208145,-0.0651876229372418,0.00188474814381901,0.00321199416886257,0.970702954858694
