"V1","V2","V3","V4","V5","V6","V7","V8","V9","V10"
0.973710858850406,-0.0400412391848247,0.00359524792466217,0.0366834430889095,0.0272824429602544,-0.0179354851800099,0.0186114682283595,-0.0252645989762307,-0.0221614915416812,0.0405636941823049
-0.0400412391848247,1.03658112951838,-0.000384054144306399,-0.00954041508543915,-0.00942158683526475,0.00338673295425202,0.0344247406104963,-0.0197540730815287,0.018653919181546,0.02751664057678
0.00359524792466217,-0.000384054144306399,0.986207260283198,0.0308238157239346,-0.0711132807926062,-0.0256491018098963,0.0242672385094422,-0.0421974323796261,-0.0784729720670421,0.0136704067218327
0.0366834430889095,-0.00954041508543915,0.0308238157239346,0.933682416324106,-0.0160292923335276,0.0206767026147822,-0.055495821161998,0.00622601758185518,0.00945951841948905,-0.0384540360052569
0.0272824429602544,-0.00942158683526475,-0.0711132807926062,-0.0160292923335276,1.03077976268963,0.0238329846931094,0.0628266643696319,-0.0214970785165496,-0.0106604534599668,0.0653552800514813
-0.0179354851800099,0.00338673295425202,-0.0256491018098963,0.0206767026147822,0.0238329846931094,0.929915749437555,0.00366127256770817,-0.0185962888882536,0.0304870346824364,-0.0201816272248698
0.0186114682283595,0.0344247406104963,0.0242672385094422,-0.055495821161998,0.0628266643696319,0.00366127256770817,0.935077228514977,-0.019550056615874,-0.0386965065458869,-0.0319816463713544
-0.0252645989762307,-0.0197540730815287,-0.0421974323796261,0.00622601758185518,-0.0214970785165496,-0.0185962888882536,-0.019550056615874,1.06162915873874,0.0349698752961636,0.0175569362166601
-0.0221614915416812,0.018653919181546,-0.0784729720670421,0.00945951841948905,-0.0106604534599668,0.0304870346824364,-0.0386965065458869,0.0349698752961636,0.960116754967142,-0.0174987364999661
0.0405636941823049,0.02751664057678,0.0136704067218327,-0.0384540360052569,0.0653552800514813,-0.0201816272248698,-0.0319816463713544,0.0175569362166601,-0.0174987364999661,0.981297510884244
