"V1","V2","V3","V4","V5","V6","V7","V8","V9","V10"
0.982584312958452,0.0298028562955337,-0.0081767772892456,-0.0676378469412668,-0.0776792369576306,-0.0315798227582385,0.0391398893650962,0.0221051254599201,-0.0352517174209129,-0.0213328410261836
0.0298028562955337,1.06410360356191,0.0215803162897126,0.0337892358784409,-0.00649216131502362,0.0344461902349678,0.0076464224899862,-0.0253530259806653,0.0390657791220825,-0.0791678315755922
-0.0081767772892456,0.0215803162897126,0.974128437167079,-0.028158276084899,0.021228049774897,0.0339234567471027,-0.0537372854184959,0.00640600975832017,-0.0362893600712885,-0.0191428853733803
-0.0676378469412668,0.0337892358784409,-0.028158276084899,1.00518332417068,0.0343551468958498,0.0518745774891149,0.0401398775132022,0.0623445996122678,0.0440342885690867,-0.0164604684209289
-0.0776792369576306,-0.00649216131502362,0.021228049774897,0.0343551468958498,0.988749101415601,0.0260203040891762,0.0729118740017029,0.0507254016439409,0.0128449176836199,-0.0559602432075845
-0.0315798227582385,0.0344461902349678,0.0339234567471027,0.0518745774891149,0.0260203040891762,1.00799403797326,-0.0126209983108086,-0.00287317329612759,-0.0322062925004863,0.0284251686064388
0.0391398893650962,0.0076464224899862,-0.0537372854184959,0.0401398775132022,0.0729118740017029,-0.0126209983108086,0.98033259338778,0.0350726563126545,-0.0074707283969988,-0.00757008430271599
0.0221051254599201,-0.0253530259806653,0.00640600975832017,0.0623445996122678,0.0507254016439409,-0.00287317329612759,0.0350726563126545,1.0127646154328,0.0567092835442893,0.0233761271141163
-0.0352517174209129,0.0390657791220825,-0.0362893600712885,0.0440342885690867,0.0128449176836199,-0.0322062925004863,-0.0074707283969988,0.0567092835442893,1.02878722228212,-0.00337769583680448
-0.0213328410261836,-0.0791678315755922,-0.0191428853733803,-0.0164604684209289,-0.0559602432075845,0.0284251686064388,-0.00757008430271599,0.0233761271141163,-0.00337769583680448,0.976944174993159
