"V1","V2","V3","V4","V5","V6","V7","V8","V9","V10"
0.970507082971214,-0.0459164416001068,-0.0015012888102012,-0.0331302742786954,0.0110899890156919,0.0101197548663642,-0.0170541001190336,0.0132189394117746,-0.00201378346475099,-0.0345235146774859
-0.0459164416001068,1.03546741881985,0.0256599231569259,0.0185358602884423,0.0244834657289096,-0.0304828968152996,0.00798238303019193,0.033046045664,0.00911383193530337,0.0412145806581814
-0.0015012888102012,0.0256599231569259,0.984444166659968,-0.0310312883160506,-0.0184258963692645,-0.0450930686709747,-0.0141899088944929,-0.0485527826476814,-0.015785887300581,0.0373705746909741
-0.0331302742786954,0.0185358602884423,-0.0310312883160506,1.01382594309501,-0.0111113860212596,0.00433608617946583,0.0422314867300304,-0.0208864071944059,-0.0190055252913845,-0.0285361780335589
0.0110899890156919,0.0244834657289096,-0.0184258963692645,-0.0111113860212596,1.00075472162198,-0.0202947491295838,0.0555875870966844,0.00813416008031838,-0.0882289270303617,0.019981176314256
0.0101197548663642,-0.0304828968152996,-0.0450930686709747,0.00433608617946583,-0.0202947491295838,1.02047826587863,0.0650093316489789,-0.0602243813071441,0.0329955120158011,-0.0734353996433389
-0.0170541001190336,0.00798238303019193,-0.0141899088944929,0.0422314867300304,0.0555875870966844,0.0650093316489789,0.956628654752724,-0.0285038497075653,0.00345323388270067,0.0287573940536344
0.0132189394117746,0.033046045664,-0.0485527826476814,-0.0208864071944059,0.00813416008031838,-0.0602243813071441,-0.0285038497075653,1.03151854315297,0.0196482281249982,0.0514997634733994
-0.00201378346475099,0.00911383193530337,-0.015785887300581,-0.0190055252913845,-0.0882289270303617,0.0329955120158011,0.00345323388270067,0.0196482281249982,1.02324534638379,-0.0345757706278602
-0.0345235146774859,0.0412145806581814,0.0373705746909741,-0.0285361780335589,0.019981176314256,-0.0734353996433389,0.0287573940536344,0.0514997634733994,-0.0345757706278602,1.03839598540901
