"V1","V2","V3","V4","V5","V6","V7","V8","V9","V10"
0.964916499359253,-0.0254207613110361,-0.0380790352229391,0.0544650830102107,0.0298327038872209,-0.00695336065218709,-0.0266078433037473,0.0415019794694299,-0.0168887325334684,-0.0156253639446896
-0.0254207613110361,1.0594782356955,-0.0367995094854378,-0.0314857997550437,0.0161913259366511,-0.0585192951621088,0.0133924046150103,-0.0219389070721284,0.0447686394408063,-0.083914719945713
-0.0380790352229391,-0.0367995094854378,0.964650423443536,-0.0123981096211024,-0.00663723523330784,-0.10786399573043,0.0611388781675625,-0.0592189233036284,0.0793313803293435,-0.027122202384538
0.0544650830102107,-0.0314857997550437,-0.0123981096211024,0.982772842316355,-0.00713878698176384,0.0131027267527937,0.0106137349011962,-0.023859018659573,0.000499900505212384,0.0200127406502336
0.0298327038872209,0.0161913259366511,-0.00663723523330784,-0.00713878698176384,1.04448993289824,-0.0280974867289143,0.0801415319194024,-0.0283227132810788,0.0800416765181296,-0.0569015518587397
-0.00695336065218709,-0.0585192951621088,-0.10786399573043,0.0131027267527937,-0.0280974867289143,1.02978774673946,-0.0137143392682001,0.0415584243724577,-0.0177369763089484,-0.0375108077354991
-0.0266078433037473,0.0133924046150103,0.0611388781675625,0.0106137349011962,0.0801415319194024,-0.0137143392682001,1.09029232422223,-0.0113455590792263,0.0158260902654624,-0.0172609561707012
0.0415019794694299,-0.0219389070721284,-0.0592189233036284,-0.023859018659573,-0.0283227132810788,0.0415584243724577,-0.0113455590792263,1.01554046454383,-0.00583226247798566,-0.0882308394582207
-0.0168887325334684,0.0447686394408063,0.0793313803293435,0.000499900505212384,0.0800416765181296,-0.0177369763089484,0.0158260902654624,-0.00583226247798566,1.05836420380608,0.0278266745109542
-0.0156253639446896,-0.083914719945713,-0.027122202384538,0.0200127406502336,-0.0569015518587397,-0.0375108077354991,-0.0172609561707012,-0.0882308394582207,0.0278266745109542,0.967128962501371
