"V1","V2","V3","V4","V5","V6","V7","V8","V9","V10"
0.949112471516208,-0.0255633194932643,0.0103207284552331,0.00652127980891962,0.0371302192525875,-0.0684196912751679,0.00997025257566878,0.0105409082334841,0.0116596856924918,-0.00821218188244828
-0.0255633194932643,0.999015980561035,0.0228623216779712,-0.0106756182741172,0.0105273313967358,-0.035275345582448,-0.00416397430786714,0.0237379505890503,-0.00559327594209457,0.0437788342208119
0.0103207284552331,0.0228623216779712,1.01111429887539,0.0212446779114683,0.0564730636696889,0.0374340897536181,-0.0348397298037088,0.0327198157886033,-0.0218356263756571,-0.0346176734621885
0.00652127980891962,-0.0106756182741172,0.0212446779114683,0.982987671511811,0.0805712855469065,-0.00297888870747579,-0.015680286709275,0.0178540638618512,-0.0676474732419657,0.0826567621500442
0.0371302192525875,0.0105273313967358,0.0564730636696889,0.0805712855469065,0.976520141563846,-0.0194580722009883,0.033718674966823,-0.0170214891764655,0.00860886646574913,0.0191166993358179
-0.0684196912751679,-0.035275345582448,0.0374340897536181,-0.00297888870747579,-0.0194580722009883,1.04224727295407,0.00973936976075692,0.0530682360618896,0.00459993845829875,-0.0276849445496256
0.00997025257566878,-0.00416397430786714,-0.0348397298037088,-0.015680286709275,0.033718674966823,0.00973936976075692,0.918407197708424,-0.0466248042029282,-0.00243114607672352,-0.0628057788336437
0.0105409082334841,0.0237379505890503,0.0327198157886033,0.0178540638618512,-0.0170214891764655,0.0530682360618896,-0.0466248042029282,1.01980095001304,0.0132280652538178,0.0504864722786297
0.0116596856924918,-0.00559327594209457,-0.0218356263756571,-0.0676474732419657,0.00860886646574913,0.00459993845829875,-0.00243114607672352,0.0132280652538178,1.01029912388974,-0.043971524473033
-0.00821218188244828,0.0437788342208119,-0.0346176734621885,0.0826567621500442,0.0191166993358179,-0.0276849445496256,-0.0628057788336437,0.0504864722786297,-0.043971524473033,0.935799491351854
