"V1","V2","V3","V4","V5","V6","V7","V8","V9","V10"
0.9944904160111,-0.0377222617870011,-0.0385179294880786,-0.0160781638275432,0.0782577813535885,-0.038559148884539,0.049488075982962,-0.00624740713566412,-0.016223733752231,0.051102349508934
-0.0377222617870011,1.04119244459287,-0.0437556607485707,-0.00770860632508726,-0.0208656294823546,0.0260322789097087,0.00332561418112892,-0.0406661009172103,-0.00701720480776163,-0.0556675062262939
-0.0385179294880786,-0.0437556607485707,0.980645881034655,-0.0913768213496496,0.0864569547117972,0.00244390575845541,0.0341272663147948,-0.0289881112700959,-0.0169956239798677,-0.0453747307774352
-0.0160781638275432,-0.00770860632508726,-0.0913768213496496,1.02817705366289,-0.00719249141047707,-0.0235129787978713,-0.0952623906196798,-0.0166967691913554,0.0829530266109181,-0.0147727001644427
0.0782577813535885,-0.0208656294823546,0.0864569547117972,-0.00719249141047707,0.922524152941345,-0.0322648981228334,-0.00816366847761494,-0.0328041368595631,-0.0057197398043419,-0.0683184805914246
-0.038559148884539,0.0260322789097087,0.00244390575845541,-0.0235129787978713,-0.0322648981228334,0.94779696743789,0.0458301574057123,-0.0189460882674375,-0.0114137143019563,0.012345847379215
0.049488075982962,0.00332561418112892,0.0341272663147948,-0.0952623906196798,-0.00816366847761494,0.0458301574057123,0.918832485993163,-0.106785015760028,-0.0469064241165295,-0.0105478086915752
-0.00624740713566412,-0.0406661009172103,-0.0289881112700959,-0.0166967691913554,-0.0328041368595631,-0.0189460882674375,-0.106785015760028,1.04701613713063,-0.0423361854754903,0.0207016431376516
-0.016223733752231,-0.00701720480776163,-0.0169956239798677,0.0829530266109181,-0.0057197398043419,-0.0114137143019563,-0.0469064241165295,-0.0423361854754903,1.03293259837051,0.0256052048317478
0.051102349508934,-0.0556675062262939,-0.0453747307774352,-0.0147727001644427,-0.0683184805914246,0.012345847379215,-0.0105478086915752,0.0207016431376516,0.0256052048317478,1.04670207183233
