"V1","V2","V3","V4","V5","V6","V7","V8","V9","V10"
0.95943241150925,0.0150596054132017,-0.0412305116610898,-0.0175420877090645,-0.0225129657921463,-0.014250547360489,0.0322513216672628,0.0434863508169804,-0.00371342692364233,0.0353467865193124
0.0150596054132017,0.978381237012005,-0.0641128342785202,-0.0128968305099376,-0.0294572312463011,-0.0419443720847495,-0.0368618487820542,-0.0509679619489829,0.0132842902240084,-0.00598311359859124
-0.0412305116610898,-0.0641128342785202,0.941424513925633,0.00628167198425167,-0.0118258298641597,0.0480437086486669,0.00898297773508166,0.0052724202269236,-0.0247205949919785,-0.0162928758402471
-0.0175420877090645,-0.0128968305099376,0.00628167198425167,0.981762319579096,-0.00473126512382649,0.0191547796278755,-0.00586417521994665,0.00383067909549979,0.0699539011629757,0.0223742792761321
-0.0225129657921463,-0.0294572312463011,-0.0118258298641597,-0.00473126512382649,1.00891975487645,0.00774497031556338,-0.060247631469125,-0.0658515526886476,-0.084602624644466,0.0569349376098856
-0.014250547360489,-0.0419443720847495,0.0480437086486669,0.0191547796278755,0.00774497031556338,1.02030072572663,0.00874742167635615,-0.0364285946129817,0.0229195139957084,0.0219844913269142
0.0322513216672628,-0.0368618487820542,0.00898297773508166,-0.00586417521994665,-0.060247631469125,0.00874742167635615,1.09621501205477,0.0245240667279734,-0.0127462757734093,-0.0310554872968793
0.0434863508169804,-0.0509679619489829,0.0052724202269236,0.00383067909549979,-0.0658515526886476,-0.0364285946129817,0.0245240667279734,0.976737008846327,-0.00885300930771563,0.0405949060135378
-0.00371342692364233,0.0132842902240084,-0.0247205949919785,0.0699539011629757,-0.084602624644466,0.0229195139957084,-0.0127462757734093,-0.00885300930771563,1.0694202116222,0.0170785283910748
0.0353467865193124,-0.00598311359859124,-0.0162928758402471,0.0223742792761321,0.0569349376098856,0.0219844913269142,-0.0310554872968793,0.0405949060135378,0.0170785283910748,1.05157837575617
