"V1","V2","V3","V4","V5","V6","V7","V8","V9","V10"
1.10275451566656,-0.00109528356261901,-0.00843972140134159,-0.0285415224770013,0.0131169465675263,-0.0445795921829807,-0.0209898085064435,0.00956849375392783,-0.00844621755798745,-0.0344196617040619
-0.00109528356261901,0.984721114064983,0.047329683378271,0.0347993466844109,0.0567063127802703,-0.0173069671389606,-0.0274977791231752,-0.0211016000447934,0.0167974643770597,0.00763530045616111
-0.00843972140134159,0.047329683378271,1.05131169609069,-0.0344773150825553,0.0269469584418342,-0.0195222335272799,0.0400423058015618,-0.0505623471776285,-0.0402029988836949,0.00884803578127975
-0.0285415224770013,0.0347993466844109,-0.0344773150825553,0.983897556004852,-0.0075102241739267,0.0496676368582854,-0.0153284680406065,0.0403129795450995,-0.00917321537656374,-0.0758659163013302
0.0131169465675263,0.0567063127802703,0.0269469584418342,-0.0075102241739267,1.04129311151027,0.0488319475503541,-0.0110336873128208,-0.0367778141983761,-0.00729318943104896,-0.0302621174426893
-0.0445795921829807,-0.0173069671389606,-0.0195222335272799,0.0496676368582854,0.0488319475503541,1.03847608922559,-0.0429435800049922,-0.0151735025904962,0.00945251700889633,-0.0308728392763168
-0.0209898085064435,-0.0274977791231752,0.0400423058015618,-0.0153284680406065,-0.0110336873128208,-0.0429435800049922,0.918108853099623,-0.0321984110030139,-0.0301491120335631,-0.0432334194584274
0.00956849375392783,-0.0211016000447934,-0.0505623471776285,0.0403129795450995,-0.0367778141983761,-0.0151735025904962,-0.0321984110030139,0.968524960413798,0.022036017370491,-0.0275736033481427
-0.00844621755798745,0.0167974643770597,-0.0402029988836949,-0.00917321537656374,-0.00729318943104896,0.00945251700889633,-0.0301491120335631,0.022036017370491,1.05161985454338,-0.081440342102858
-0.0344196617040619,0.00763530045616111,0.00884803578127975,-0.0758659163013302,-0.0302621174426893,-0.0308728392763168,-0.0432334194584274,-0.0275736033481427,-0.081440342102858,1.06525088965589
