"V1","V2","V3","V4","V5","V6","V7","V8","V9","V10"
1.0098556271179,-0.0251530626170048,0.0305571267137258,-0.00788557711490512,-0.0224242478600812,-0.000750974160958012,-0.00211248420632508,-0.0190539695850064,0.0364501159291733,0.0207493998426384
-0.0251530626170048,1.04819928167754,0.024304379520789,-0.00267279901353216,-0.0550652861456335,0.0199416521824415,-0.0368746839337003,-0.0108246600616387,-0.0482353611273615,0.0718597182951419
0.0305571267137258,0.024304379520789,1.00283426928532,-0.0558458542199696,0.0195676513965092,0.0441761448579758,-0.0336987954367262,-0.0433341094942496,0.00661578162068547,-0.014944533373019
-0.00788557711490512,-0.00267279901353216,-0.0558458542199696,0.946711272898916,0.0460123481397456,-0.0367361037455814,0.020679838452783,-0.0171877804296299,-0.0152899054055933,0.00994259645642703
-0.0224242478600812,-0.0550652861456335,0.0195676513965092,0.0460123481397456,1.06175205815537,-0.0465585275020398,0.0520232091099044,-0.0648628079320032,0.00836685677762111,-0.0713592438427835
-0.000750974160958012,0.0199416521824415,0.0441761448579758,-0.0367361037455814,-0.0465585275020398,0.965604579064966,0.0203228793547822,-0.0490627965969032,-0.073308535202481,-0.0282618422476972
-0.00211248420632508,-0.0368746839337003,-0.0336987954367262,0.020679838452783,0.0520232091099044,0.0203228793547822,0.977197645659263,-0.0376505064603096,0.0167309800466939,-0.0518554505776763
-0.0190539695850064,-0.0108246600616387,-0.0433341094942496,-0.0171877804296299,-0.0648628079320032,-0.0490627965969032,-0.0376505064603096,0.986865258732796,0.0126710583695065,0.0416007610713263
0.0364501159291733,-0.0482353611273615,0.00661578162068547,-0.0152899054055933,0.00836685677762111,-0.073308535202481,0.0167309800466939,0.0126710583695065,0.988413268751076,-0.0126701320644458
0.0207493998426384,0.0718597182951419,-0.014944533373019,0.00994259645642703,-0.0713592438427835,-0.0282618422476972,-0.0518554505776763,0.0416007610713263,-0.0126701320644458,0.998379895912459
