"V1","V2","V3","V4","V5","V6","V7","V8","V9","V10"
0.952411282779119,-0.0432272290908608,-0.0360963535294286,0.0246125056796511,0.00345495258513571,0.0601105069900461,0.0365196678272328,-0.0336568276316248,-0.012250853598631,0.0232643447642178
-0.0432272290908608,0.976918531992557,-0.0431348742499087,-0.0724041706914939,-0.0263897378501834,0.00183714483357332,0.0294877342350945,0.00425226748488536,0.0295914101748728,0.0783398831224593
-0.0360963535294286,-0.0431348742499087,1.10007175986923,-0.0170655872725276,-0.00277647686489186,0.00650098049928989,-0.0160408544256764,0.00274446484274604,0.00444985568003516,0.00511038173718534
0.0246125056796511,-0.0724041706914939,-0.0170655872725276,0.980669872101679,0.00522357015341002,-0.000582631253346922,0.0289782955491586,0.0113524531319491,-0.00581070047262195,0.00157155104347187
0.00345495258513571,-0.0263897378501834,-0.00277647686489186,0.00522357015341002,0.982612605208626,0.0145612841984606,-0.0474694855013566,0.0404581890042263,0.0280481768823771,-0.0208901959856036
0.0601105069900461,0.00183714483357332,0.00650098049928989,-0.000582631253346922,0.0145612841984606,1.07013273482262,-0.00152132540948778,0.00891412480349973,0.0265194026556807,0.0614422895300243
0.0365196678272328,0.0294877342350945,-0.0160408544256764,0.0289782955491586,-0.0474694855013566,-0.00152132540948778,1.03046449535994,0.011458888768787,0.000414749585139369,-0.00494822693552266
-0.0336568276316248,0.00425226748488536,0.00274446484274604,0.0113524531319491,0.0404581890042263,0.00891412480349973,0.011458888768787,0.886869627058894,-0.0239510225953197,-0.00260630454461321
-0.012250853598631,0.0295914101748728,0.00444985568003516,-0.00581070047262195,0.0280481768823771,0.0265194026556807,0.000414749585139369,-0.0239510225953197,1.04186878549144,-0.0319807676938671
0.0232643447642178,0.0783398831224593,0.00511038173718534,0.00157155104347187,-0.0208901959856036,0.0614422895300243,-0.00494822693552266,-0.00260630454461321,-0.0319807676938671,1.06093910242279
