"V1","V2","V3","V4","V5","V6","V7","V8","V9","V10"
0.929337376931214,0.0038397683819215,-0.00684769056427015,-0.040701998867762,-0.0153482684063128,-0.00704522218874758,0.00868452153687381,-0.0278081783054522,-0.00174788225726268,0.0083715431351344
0.0038397683819215,0.930434027275801,0.004510765921069,-0.0299405658893633,-0.00698095269846221,0.00575629746887488,0.00811492556395348,0.00979875795724625,-0.018444661871478,0.0595791100457129
-0.00684769056427015,0.004510765921069,1.03306038665648,-0.0361377764447435,0.0363311084098477,-0.00813487870407857,0.0159396615910638,0.0169823508752342,0.0269680605931847,-0.068863435502888
-0.040701998867762,-0.0299405658893633,-0.0361377764447435,1.04739056452721,-0.0256044753945458,0.0450824683294553,-0.0528724358649356,-0.0476036454229539,-0.020858676600273,0.00475206230628352
-0.0153482684063128,-0.00698095269846221,0.0363311084098477,-0.0256044753945458,0.98639132647674,0.0260732745479222,-0.0727553534537871,0.029471463631272,-0.00268416060463989,-0.00199706282275745
-0.00704522218874758,0.00575629746887488,-0.00813487870407857,0.0450824683294553,0.0260732745479222,0.97214223786974,-0.0985152739414008,0.0149587863744447,0.0199529011122781,0.0191923834539848
0.00868452153687381,0.00811492556395348,0.0159396615910638,-0.0528724358649356,-0.0727553534537871,-0.0985152739414008,1.00493259741988,-0.00952451059769685,-0.049690480513319,-0.0170528695834535
-0.0278081783054522,0.00979875795724625,0.0169823508752342,-0.0476036454229539,0.029471463631272,0.0149587863744447,-0.00952451059769685,0.925463472976707,-0.0364020288772887,-0.00351627150286057
-0.00174788225726268,-0.018444661871478,0.0269680605931847,-0.020858676600273,-0.00268416060463989,0.0199529011122781,-0.049690480513319,-0.0364020288772887,1.01546352455915,-0.0460394934250146
0.0083715431351344,0.0595791100457129,-0.068863435502888,0.00475206230628352,-0.00199706282275745,0.0191923834539848,-0.0170528695834535,-0.00351627150286057,-0.0460394934250146,0.977324360594639
