"V1","V2","V3","V4","V5","V6","V7","V8","V9","V10"
0.896477710867987,0.0272025546370804,0.0130473217573977,0.0253205726892875,0.0395446951648711,0.0130784644406821,-0.00978400363098739,-0.00607536004140638,0.0296470996870973,-0.0236277890002382
0.0272025546370804,0.953259463239464,0.0200432245336101,-0.0113630859014743,-0.0261038712453312,0.0200978983076566,0.00483839212801463,0.0281242113055248,0.026226537994556,0.0891083350236165
0.0130473217573977,0.0200432245336101,1.01595779196883,-0.00514463882732971,-0.0100781354432753,0.0186487159366178,-0.0296728548725535,-0.016653364820967,-0.036654514458193,-0.0289032574762755
0.0253205726892875,-0.0113630859014743,-0.00514463882732971,1.0243797894353,-0.0216235607471695,-0.00412633735432136,0.0545928039987318,0.0318290072596749,0.0116591798069514,-0.0288334732309016
0.0395446951648711,-0.0261038712453312,-0.0100781354432753,-0.0216235607471695,1.0195501806698,-0.0428174676609241,-0.0494389264289961,-0.0432526543274056,-0.00483492532677608,-0.0115026975167971
0.0130784644406821,0.0200978983076566,0.0186487159366178,-0.00412633735432136,-0.0428174676609241,0.960642095800878,-0.0358463496248482,0.0186433646262423,-0.0752011624637718,0.033160759199587
-0.00978400363098739,0.00483839212801463,-0.0296728548725535,0.0545928039987318,-0.0494389264289961,-0.0358463496248482,0.945699734625004,-0.0119855157473442,0.0197231561442209,-0.0589115896811729
-0.00607536004140638,0.0281242113055248,-0.016653364820967,0.0318290072596749,-0.0432526543274056,0.0186433646262423,-0.0119855157473442,1.00616279180394,-0.00643540327976631,-0.0210286997021963
0.0296470996870973,0.026226537994556,-0.036654514458193,0.0116591798069514,-0.00483492532677608,-0.0752011624637718,0.0197231561442209,-0.00643540327976631,0.941392970898475,0.00400704643991711
-0.0236277890002382,0.0891083350236165,-0.0289032574762755,-0.0288334732309016,-0.0115026975167971,0.033160759199587,-0.0589115896811729,-0.0210286997021963,0.00400704643991711,1.06314912612521
