"V1","V2","V3","V4","V5","V6","V7","V8","V9","V10"
1.00901245712015,-0.0297110157156515,0.0101031119294182,0.0281027402384853,-0.0181195873819496,-0.0354509915962116,-0.0376358241545845,0.0806842532066174,0.00255420123536803,-0.01416248292338
-0.0297110157156515,1.00840319071833,-0.0261181497454169,-0.0544269307190488,0.00279221339405202,0.0303633470321365,0.0727050746392241,-0.0567126742635159,0.0107016374099827,-0.0308549990174785
0.0101031119294182,-0.0261181497454169,1.05388328207445,0.0183782072413588,-0.0698271052928634,-0.0425757528513326,-0.0103787820383437,-0.0191967365817881,-0.0169706824683097,0.041833971027272
0.0281027402384853,-0.0544269307190488,0.0183782072413588,1.02845797156073,0.0296441053427164,0.0172474587914264,-0.0338517866910188,0.0900673504095002,-0.00599313403149011,-0.0192595699607906
-0.0181195873819496,0.00279221339405202,-0.0698271052928634,0.0296441053427164,1.0076271891792,-0.017399562885685,0.0768421065544993,-0.0552724862790325,-0.0371076889055335,0.010805019185939
-0.0354509915962116,0.0303633470321365,-0.0425757528513326,0.0172474587914264,-0.017399562885685,1.00634024395048,-0.00131110139465328,-0.0106448371986455,-0.0257695103423451,0.00427079099014174
-0.0376358241545845,0.0727050746392241,-0.0103787820383437,-0.0338517866910188,0.0768421065544993,-0.00131110139465328,0.999013790052489,-0.0238723129368179,-0.0330956051001631,0.01687386489192
0.0806842532066174,-0.0567126742635159,-0.0191967365817881,0.0900673504095002,-0.0552724862790325,-0.0106448371986455,-0.0238723129368179,0.93657888593034,-0.000169162907580221,-0.01803499667205
0.00255420123536803,0.0107016374099827,-0.0169706824683097,-0.00599313403149011,-0.0371076889055335,-0.0257695103423451,-0.0330956051001631,-0.000169162907580221,1.06180427518071,-0.012146799949428
-0.01416248292338,-0.0308549990174785,0.041833971027272,-0.0192595699607906,0.010805019185939,0.00427079099014174,0.01687386489192,-0.01803499667205,-0.012146799949428,0.869363975220121
