"V1","V2","V3","V4","V5","V6","V7","V8","V9","V10"
0.985623668310856,-0.00580241784342089,0.0136953838067132,-0.0362595889239734,0.00213024013569628,0.0771657022147138,0.0289855652189467,-0.0158026589339397,0.042542350740805,0.069368735379177
-0.00580241784342089,1.04396967010587,-0.00458214094673158,-0.0108540318049643,0.00564566511068985,-0.0207073636558367,-0.00154908575171543,-0.00168691595788859,-0.026318369789312,0.000449302103790669
0.0136953838067132,-0.00458214094673158,0.917570068460301,0.0321611702847431,-0.000704601929091831,0.0655218038890896,0.0177284255006189,0.0301894394752295,-0.0595598251618065,-0.0136013333091183
-0.0362595889239734,-0.0108540318049643,0.0321611702847431,1.00684042691066,0.0169685030018872,-0.0562508748824985,0.016909128618567,-0.0411337411113697,0.0168491092779194,0.0107101711119454
0.00213024013569628,0.00564566511068985,-0.000704601929091831,0.0169685030018872,0.954387844900138,0.0629339311945248,-0.0556300388190994,-0.0798055403705351,0.00445488370349211,-0.00989549267988587
0.0771657022147138,-0.0207073636558367,0.0655218038890896,-0.0562508748824985,0.0629339311945248,0.986579626284866,-0.00889104639789778,0.00625106391895799,0.023714241337708,0.00254285498959985
0.0289855652189467,-0.00154908575171543,0.0177284255006189,0.016909128618567,-0.0556300388190994,-0.00889104639789778,1.08166782057184,0.0339945566454339,0.0154878948976775,0.0246839386832849
-0.0158026589339397,-0.00168691595788859,0.0301894394752295,-0.0411337411113697,-0.0798055403705351,0.00625106391895799,0.0339945566454339,1.01474021387941,0.0642899258934653,0.0254805183531919
0.042542350740805,-0.026318369789312,-0.0595598251618065,0.0168491092779194,0.00445488370349211,0.023714241337708,0.0154878948976775,0.0642899258934653,0.991455863003351,0.0507117968556399
0.069368735379177,0.000449302103790669,-0.0136013333091183,0.0107101711119454,-0.00989549267988587,0.00254285498959985,0.0246839386832849,0.0254805183531919,0.0507117968556399,0.98862041835983
