"V1","V2","V3","V4","V5","V6","V7","V8","V9","V10"
0.961060734147929,-0.0151563943819688,0.0122054294292149,-0.0297602298320928,0.0182128868537833,-0.0177561587620094,0.00230410667017899,0.0300984879352558,0.028443738583615,0.0849025022762615
-0.0151563943819688,1.04604830534398,-0.00164058688610791,-0.000315310729761705,-0.00645305123201114,-0.0443391105215348,0.0533773933171085,0.0583429840233543,-0.0492139347034107,0.0356105916891276
0.0122054294292149,-0.00164058688610791,0.954192057120128,0.00591373058874451,0.0140767852279555,-0.00115601998629257,-0.0599626209816959,0.0129177006873293,-0.00540764747497285,0.0411915338429377
-0.0297602298320928,-0.000315310729761705,0.00591373058874451,1.03934538398469,0.0296037448283142,-0.040140187939738,0.0162826944325346,0.00435991695168514,-0.0116132745051249,-0.0186567184190745
0.0182128868537833,-0.00645305123201114,0.0140767852279555,0.0296037448283142,1.01994881458363,-0.0512169951888332,-0.0312621776638805,0.0596217356398987,-0.00517149852656268,0.0279348808117252
-0.0177561587620094,-0.0443391105215348,-0.00115601998629257,-0.040140187939738,-0.0512169951888332,1.02224211580377,-0.0474833391030167,-0.0267613773533117,-0.0162330079491906,-0.0145618320977567
0.00230410667017899,0.0533773933171085,-0.0599626209816959,0.0162826944325346,-0.0312621776638805,-0.0474833391030167,0.982283273671176,-0.0379101126130328,0.0361095133241832,-0.0192519851129188
0.0300984879352558,0.0583429840233543,0.0129177006873293,0.00435991695168514,0.0596217356398987,-0.0267613773533117,-0.0379101126130328,0.981570031535267,-0.0491688175198807,-0.0412004589332322
0.028443738583615,-0.0492139347034107,-0.00540764747497285,-0.0116132745051249,-0.00517149852656268,-0.0162330079491906,0.0361095133241832,-0.0491688175198807,0.967341859245588,0.0766206675387507
0.0849025022762615,0.0356105916891276,0.0411915338429377,-0.0186567184190745,0.0279348808117252,-0.0145618320977567,-0.0192519851129188,-0.0412004589332322,0.0766206675387507,0.897836719478859
