"V1","V2","V3","V4","V5","V6","V7","V8","V9","V10"
1.01519100881839,0.0330986413969953,0.0170631626109201,-0.0185267988185681,0.0118280295192943,-0.0215463367782348,-0.00853083555967193,0.0221180297330457,-0.00338543364401384,0.130614969685346
0.0330986413969953,1.02223702065939,0.0149392332404184,-0.0341416974008887,0.0389562265926636,-0.00789933626986104,0.0472746947514705,0.0462441099089679,0.0275794790922175,0.0471293929866136
0.0170631626109201,0.0149392332404184,0.984406076310332,-0.0254277534203619,-0.0125205859455946,0.0107497097227379,0.0297932427303935,0.00971153812453618,0.035397453829642,-0.0201759943556272
-0.0185267988185681,-0.0341416974008887,-0.0254277534203619,1.018159399062,-0.0413242663958054,-0.00410076620116996,0.00590899090293743,0.0249933268001631,-0.0545282923807577,-0.0148159491110201
0.0118280295192943,0.0389562265926636,-0.0125205859455946,-0.0413242663958054,0.949994918291751,-0.0153702180552467,0.00250609598197531,0.0261799910014513,0.014633545095988,0.0101980960581652
-0.0215463367782348,-0.00789933626986104,0.0107497097227379,-0.00410076620116996,-0.0153702180552467,1.00295091594949,-0.0165664372701405,0.0122736114688371,0.0505888586023024,-0.0201564622212309
-0.00853083555967193,0.0472746947514705,0.0297932427303935,0.00590899090293743,0.00250609598197531,-0.0165664372701405,0.99418258005586,-0.0330705766297366,-0.0196092415450761,-0.0310949435629298
0.0221180297330457,0.0462441099089679,0.00971153812453618,0.0249933268001631,0.0261799910014513,0.0122736114688371,-0.0330705766297366,1.09660500153181,-0.00811732083154854,0.0260475960483213
-0.00338543364401384,0.0275794790922175,0.035397453829642,-0.0545282923807577,0.014633545095988,0.0505888586023024,-0.0196092415450761,-0.00811732083154854,1.05593378539663,0.0584750062928205
0.130614969685346,0.0471293929866136,-0.0201759943556272,-0.0148159491110201,0.0101980960581652,-0.0201564622212309,-0.0310949435629298,0.0260475960483213,0.0584750062928205,1.0522143268629
