"V1","V2","V3","V4","V5","V6","V7","V8","V9","V10"
1.00664444182736,0.0211640659699525,-0.0127141831027462,0.0435939149958952,-0.0657368036216996,0.0305829499958593,-0.0212272347621928,-0.0642354438304917,-0.00877660529885635,0.00242993513513633
0.0211640659699525,1.06524117287173,0.00146190536792735,-0.0515299342571925,0.0209343064072379,-0.0559759593661575,-0.00527918245643644,0.00546415794243218,-0.0336410830643944,-0.026751199991571
-0.0127141831027462,0.00146190536792735,0.967501264535874,-0.0407851679155147,0.0330702020200517,0.022466747417421,0.0461329453413885,0.026342471841659,-0.050303284991816,0.0679608875392784
0.0435939149958952,-0.0515299342571925,-0.0407851679155147,1.07020403322232,-0.0391230325055583,0.0296609990484112,-0.0516032033273619,-0.00758513213815074,0.0138466730042768,-0.0111789876804685
-0.0657368036216996,0.0209343064072379,0.0330702020200517,-0.0391230325055583,0.979718553602816,-0.0728092917052941,0.00543850896816063,0.01676838669975,-0.00109498715109617,-0.0410609565594378
0.0305829499958593,-0.0559759593661575,0.022466747417421,0.0296609990484112,-0.0728092917052941,1.00153469272701,-0.0159177573012233,0.0107349446102529,0.0302673611084535,0.0155206677864956
-0.0212272347621928,-0.00527918245643644,0.0461329453413885,-0.0516032033273619,0.00543850896816063,-0.0159177573012233,1.03407117000206,-0.0241708504285948,0.00119203526862432,0.00454225382723618
-0.0642354438304917,0.00546415794243218,0.026342471841659,-0.00758513213815074,0.01676838669975,0.0107349446102529,-0.0241708504285948,0.913081278289762,0.0270879070615259,-0.049458445288477
-0.00877660529885635,-0.0336410830643944,-0.050303284991816,0.0138466730042768,-0.00109498715109617,0.0302673611084535,0.00119203526862432,0.0270879070615259,1.04597616247288,-0.00904746502632015
0.00242993513513633,-0.026751199991571,0.0679608875392784,-0.0111789876804685,-0.0410609565594378,0.0155206677864956,0.00454225382723618,-0.049458445288477,-0.00904746502632015,0.967400847422479
