"V1","V2","V3","V4","V5","V6","V7","V8","V9","V10"
1.06661178575193,-0.000370385761608676,0.0485120150596488,-0.0296567908898452,0.0759830058746657,-0.0585337718661161,0.0166307512430012,-0.0550900711080827,-0.0493996284702102,0.017008452293002
-0.000370385761608676,0.962610892328115,-0.0384727405229069,-0.0127701584727821,-0.0315673551848758,0.00631702286423271,0.0149838056056709,0.00793966627864514,0.0479635486037577,0.00682654030246861
0.0485120150596488,-0.0384727405229069,0.978935062835378,0.00785232481896707,0.0372802328512392,-0.0342448279862003,0.0413589542589718,-0.0484688051929236,-0.0280042311708932,-0.0429410541156298
-0.0296567908898452,-0.0127701584727821,0.00785232481896707,1.02620326312896,0.0337040094191132,-0.0982060324147183,0.0388692796659115,-0.000389867016943965,0.00529723813877975,-0.0433541541923809
0.0759830058746657,-0.0315673551848758,0.0372802328512392,0.0337040094191132,1.09877204594255,-0.0406113523159859,0.00134268162240377,-0.091555732152878,-0.0284049704968237,0.013459145949414
-0.0585337718661161,0.00631702286423271,-0.0342448279862003,-0.0982060324147183,-0.0406113523159859,0.972485611918936,-0.00263983565749557,0.014763379905638,0.00536537142948773,0.0332372782007348
0.0166307512430012,0.0149838056056709,0.0413589542589718,0.0388692796659115,0.00134268162240377,-0.00263983565749557,0.934769136338612,-0.0390772284570923,-0.0309767840022584,0.0140729606055256
-0.0550900711080827,0.00793966627864514,-0.0484688051929236,-0.000389867016943965,-0.091555732152878,0.014763379905638,-0.0390772284570923,0.980371378702735,0.0338846154439063,-0.0312930156171849
-0.0493996284702102,0.0479635486037577,-0.0280042311708932,0.00529723813877975,-0.0284049704968237,0.00536537142948773,-0.0309767840022584,0.0338846154439063,0.985584945825286,0.0671658032077794
0.017008452293002,0.00682654030246861,-0.0429410541156298,-0.0433541541923809,0.013459145949414,0.0332372782007348,0.0140729606055256,-0.0312930156171849,0.0671658032077794,1.05473645831734
