"V1","V2","V3","V4","V5","V6","V7","V8","V9","V10"
1.0791564160599,-0.0298517359893507,-0.0243853016787126,0.00844520880829972,-0.0439710155097502,0.000983342465034818,-0.0076146924590745,0.00864091112366599,-0.0118716653956461,0.0227932771844202
-0.0298517359893507,0.924069437540212,-0.00476307893443294,0.0258813584153547,-0.029336053389301,-0.037840486900039,-0.018300112913565,0.0272491413316608,0.00872961774364463,-0.0867075911868873
-0.0243853016787126,-0.00476307893443294,0.934924694819934,-0.0506734760818337,0.0202017976513691,-0.0206919062403677,-0.0146129304009138,0.029866732240344,-0.0294822163413874,-0.0476278880033922
0.00844520880829972,0.0258813584153547,-0.0506734760818337,0.911126282285046,-0.0096837943852357,-0.0273215331037412,-0.0544240860323165,-0.00991264131409499,-0.0576908258969196,-0.0385997809839086
-0.0439710155097502,-0.029336053389301,0.0202017976513691,-0.0096837943852357,0.995879354560854,-0.0173268302340325,0.074218155800727,-0.00395285756591112,0.00967709144658782,0.0182389008505238
0.000983342465034818,-0.037840486900039,-0.0206919062403677,-0.0273215331037412,-0.0173268302340325,1.0440288424227,-0.0103116259381467,0.00958673811321502,0.0323379535688841,-0.00254645720199082
-0.0076146924590745,-0.018300112913565,-0.0146129304009138,-0.0544240860323165,0.074218155800727,-0.0103116259381467,0.992755923321766,0.00212206654024913,0.0597486834299079,-0.0140585652126066
0.00864091112366599,0.0272491413316608,0.029866732240344,-0.00991264131409499,-0.00395285756591112,0.00958673811321502,0.00212206654024913,1.04750969302764,0.0591034425053285,0.0272402673206395
-0.0118716653956461,0.00872961774364463,-0.0294822163413874,-0.0576908258969196,0.00967709144658782,0.0323379535688841,0.0597486834299079,0.0591034425053285,1.06585383919223,0.0305513507247838
0.0227932771844202,-0.0867075911868873,-0.0476278880033922,-0.0385997809839086,0.0182389008505238,-0.00254645720199082,-0.0140585652126066,0.0272402673206395,0.0305513507247838,1.02462082340609
