"V1","V2","V3","V4","V5","V6","V7","V8","V9","V10"
1.04950320966912,0.0270206576462683,-0.0594458298901418,0.0579008574614586,-0.0198658518789012,-0.00980409000537601,0.041638787988098,0.02277090619414,-0.0335920939626122,0.00776433496090739
0.0270206576462683,0.976616776280172,0.0159259261285465,0.0274937292470516,0.0727570348515059,-0.0754129261941335,0.0417035747749739,0.0207734805863229,-0.00691206700012629,0.0362962778623812
-0.0594458298901418,0.0159259261285465,1.05888262560651,0.0486349626880303,-0.0710922195137776,-0.041437630856735,0.0238169038239438,0.000525825356199526,-0.0185766670290386,0.022836196818547
0.0579008574614586,0.0274937292470516,0.0486349626880303,0.959232500577343,0.0743843425758492,0.0338217304515924,0.0269722617985058,-0.0389806338028732,0.00779847779540109,-0.0348308040940186
-0.0198658518789012,0.0727570348515059,-0.0710922195137776,0.0743843425758492,0.961798530636949,-0.0553717986388421,0.021533872470547,0.013780316034782,-0.0144150159519511,-0.0616631899931259
-0.00980409000537601,-0.0754129261941335,-0.041437630856735,0.0338217304515924,-0.0553717986388421,0.991343104026005,-0.0104489623121193,-0.0268026996200534,-0.0357915416190589,0.00970102383868398
0.041638787988098,0.0417035747749739,0.0238169038239438,0.0269722617985058,0.021533872470547,-0.0104489623121193,0.966180819761446,-0.0106089897254364,-0.0249005029539217,0.00381823131470379
0.02277090619414,0.0207734805863229,0.000525825356199526,-0.0389806338028732,0.013780316034782,-0.0268026996200534,-0.0106089897254364,1.01983089111588,-0.000900207622643956,0.0269723447963254
-0.0335920939626122,-0.00691206700012629,-0.0185766670290386,0.00779847779540109,-0.0144150159519511,-0.0357915416190589,-0.0249005029539217,-0.000900207622643956,1.00802814616291,-0.0521186242426035
0.00776433496090739,0.0362962778623812,0.022836196818547,-0.0348308040940186,-0.0616631899931259,0.00970102383868398,0.00381823131470379,0.0269723447963254,-0.0521186242426035,0.92519205037684
