"V1","V2","V3","V4","V5","V6","V7","V8","V9","V10"
0.89194334783646,0.0271409154893362,0.00603563541099901,-0.0556783841515312,0.0244264587297265,0.0270736978561064,0.0375499752934133,0.0230719815183706,0.0380353552112907,0.0258909784028885
0.0271409154893362,1.05621367792219,0.00641260995005946,-0.0147849400258573,-0.0233992886784977,-0.0343132862911342,-0.046011402126021,-0.0132946096553659,-0.0188781091201406,-0.0330988901218816
0.00603563541099901,0.00641260995005946,1.02049975267326,0.0205308850403425,0.0415891094019606,-0.0395825324979062,0.00622113196140717,0.0026873397096728,-0.0917795250008228,-0.0136974176375857
-0.0556783841515312,-0.0147849400258573,0.0205308850403425,1.01688130324693,-0.069499539384183,0.0499473494067429,-0.0263548719603312,0.0179292643466693,0.044087170139776,0.0102775067865573
0.0244264587297265,-0.0233992886784977,0.0415891094019606,-0.069499539384183,0.953314597604138,0.0386145816786671,-0.0337516981808905,-0.0130728411105331,-0.0578686646432056,-0.0321202396347567
0.0270736978561064,-0.0343132862911342,-0.0395825324979062,0.0499473494067429,0.0386145816786671,0.971223649878337,-0.019504119615621,-0.0165782539463921,0.0138846991299594,-0.0314278035348499
0.0375499752934133,-0.046011402126021,0.00622113196140717,-0.0263548719603312,-0.0337516981808905,-0.019504119615621,1.05324660004856,0.0275261935551806,8.9187651377325e-05,-0.00590856967349874
0.0230719815183706,-0.0132946096553659,0.0026873397096728,0.0179292643466693,-0.0130728411105331,-0.0165782539463921,0.0275261935551806,1.01606558113676,-0.00561203719786132,-0.0304158352179213
0.0380353552112907,-0.0188781091201406,-0.0917795250008228,0.044087170139776,-0.0578686646432056,0.0138846991299594,8.9187651377325e-05,-0.00561203719786132,0.969587636834817,0.0340398781045933
0.0258909784028885,-0.0330988901218816,-0.0136974176375857,0.0102775067865573,-0.0321202396347567,-0.0314278035348499,-0.00590856967349874,-0.0304158352179213,0.0340398781045933,1.06503248062066
