"V1","V2","V3","V4","V5","V6","V7","V8","V9","V10"
1.02261075340893,0.0670792046086473,0.027236491305423,0.0133731347258672,0.0344177062740505,-0.00560557269327958,-0.0460830123673976,-0.00405581607306847,-0.0123276944539982,-0.0634013264505064
0.0670792046086473,0.974292323958561,0.0322356314796586,0.065833521245446,-0.0135155302002309,-0.00394895314517887,0.00344698910104373,0.00651752410719459,0.00686352184375414,-0.0285865880448455
0.027236491305423,0.0322356314796586,1.01475624275781,-0.0102939041029417,0.0303511500158761,0.00096153880671593,-0.060092289907012,0.0163078746442238,-0.0462798118138462,-0.0215390752336038
0.0133731347258672,0.065833521245446,-0.0102939041029417,0.995213827536316,0.0238814859495734,0.0180397429489117,0.00309184334765012,-0.0196516171210805,-0.048136080505333,0.0165280075653448
0.0344177062740505,-0.0135155302002309,0.0303511500158761,0.0238814859495734,1.00573988702036,-0.0547276614815182,0.0332451503130858,0.00297483844314527,0.00515822702699237,0.0408299853208272
-0.00560557269327958,-0.00394895314517887,0.00096153880671593,0.0180397429489117,-0.0547276614815182,1.02197511628137,-0.03255603497311,0.0183709067376068,-0.0205901208552311,0.0127549869235973
-0.0460830123673976,0.00344698910104373,-0.060092289907012,0.00309184334765012,0.0332451503130858,-0.03255603497311,0.935528325123546,-0.00909080956628408,-0.00677138876561939,0.0327069213059835
-0.00405581607306847,0.00651752410719459,0.0163078746442238,-0.0196516171210805,0.00297483844314527,0.0183709067376068,-0.00909080956628408,0.997771670819369,0.0325381695042438,-0.0423688473032885
-0.0123276944539982,0.00686352184375414,-0.0462798118138462,-0.048136080505333,0.00515822702699237,-0.0205901208552311,-0.00677138876561939,0.0325381695042438,0.930611520512681,-0.0397387797050905
-0.0634013264505064,-0.0285865880448455,-0.0215390752336038,0.0165280075653448,0.0408299853208272,0.0127549869235973,0.0327069213059835,-0.0423688473032885,-0.0397387797050905,0.986997326536733
