"V1","V2","V3","V4","V5","V6","V7","V8","V9","V10"
1.1187888379205,0.0567180039543932,0.00954873052272377,-0.00365878740563969,-0.0763417466767153,-0.0840254377012009,-0.0245503336541453,-0.0122048223359766,0.00128764488886846,0.0327851979108299
0.0567180039543932,1.0063281430883,-0.0248687935323041,-0.0301282812747777,0.0154337620508733,0.00680354097509968,-0.0115178611127154,-0.0132441938710858,-0.0459695361611226,0.0456424462821478
0.00954873052272377,-0.0248687935323041,0.938395956690169,-0.0012885799542326,-0.00908979773487047,-0.0273442788301731,0.0121051964240341,0.00752164661852495,0.0473468765544087,0.0121128152867966
-0.00365878740563969,-0.0301282812747777,-0.0012885799542326,1.07017178044822,-0.0183629255017906,0.0103738511827269,-0.00363605528035116,0.00566168842976365,0.0017441850571206,0.0506258987584531
-0.0763417466767153,0.0154337620508733,-0.00908979773487047,-0.0183629255017906,0.993684621005821,0.0246587327039188,-0.0119989284855088,-0.0270046672027699,-0.0102198440930554,-0.0462379742711408
-0.0840254377012009,0.00680354097509968,-0.0273442788301731,0.0103738511827269,0.0246587327039188,0.94246705252219,0.0405970243906858,-0.0276148260382417,0.0022902029825989,-0.0132596150313121
-0.0245503336541453,-0.0115178611127154,0.0121051964240341,-0.00363605528035116,-0.0119989284855088,0.0405970243906858,1.00136844700729,0.035231214757292,-0.0521079315089231,0.0682812869961357
-0.0122048223359766,-0.0132441938710858,0.00752164661852495,0.00566168842976365,-0.0270046672027699,-0.0276148260382417,0.035231214757292,1.09133500063775,-0.0426985847343443,0.0292645129717211
0.00128764488886846,-0.0459695361611226,0.0473468765544087,0.0017441850571206,-0.0102198440930554,0.0022902029825989,-0.0521079315089231,-0.0426985847343443,0.956839610386725,-0.0908518176725658
0.0327851979108299,0.0456424462821478,0.0121128152867966,0.0506258987584531,-0.0462379742711408,-0.0132596150313121,0.0682812869961357,0.0292645129717211,-0.0908518176725658,0.949238651925828
