"V1","V2","V3","V4","V5","V6","V7","V8","V9","V10"
0.964166360260495,-2.54666250617478e-05,-0.0256964228274148,0.00946471546136607,-0.02852470084284,-0.00683355088263932,0.00412137231354144,0.00318404164833791,-0.0178239094971288,-0.0259330272145851
-2.54666250617478e-05,0.9136905728674,0.0215011643656773,-0.0211390168066645,0.0247510131341443,-0.0241848634736855,-0.024891528888631,-0.047540801423995,0.0113410883859031,0.0299619769313992
-0.0256964228274148,0.0215011643656773,1.04283632960851,-0.0315966678727773,0.0938581226002848,-0.0294630260209125,-0.0220747219555498,-0.0367740096196287,-0.0508976065738252,0.00797511743214058
0.00946471546136607,-0.0211390168066645,-0.0315966678727773,0.972965108905291,0.00227440613115688,-0.0253508757190909,0.0169816045278204,-0.0266544918113376,-0.00313086396568439,-0.038839238212191
-0.02852470084284,0.0247510131341443,0.0938581226002848,0.00227440613115688,0.987593810372676,-0.00697491266514007,0.00411789692248047,-0.0239320200876728,-0.0260758903402727,0.03776427795261
-0.00683355088263932,-0.0241848634736855,-0.0294630260209125,-0.0253508757190909,-0.00697491266514007,1.03378818777994,0.0613751486751649,-0.0018903060236324,0.0145284263816414,-0.0360816797766517
0.00412137231354144,-0.024891528888631,-0.0220747219555498,0.0169816045278204,0.00411789692248047,0.0613751486751649,1.06184274133992,-0.048401720351342,0.00338912946937464,-0.0511106861628733
0.00318404164833791,-0.047540801423995,-0.0367740096196287,-0.0266544918113376,-0.0239320200876728,-0.0018903060236324,-0.048401720351342,0.999233949807172,-0.0208810905509147,-0.082795081587526
-0.0178239094971288,0.0113410883859031,-0.0508976065738252,-0.00313086396568439,-0.0260758903402727,0.0145284263816414,0.00338912946937464,-0.0208810905509147,1.03420718669114,0.00157230013600522
-0.0259330272145851,0.0299619769313992,0.00797511743214058,-0.038839238212191,0.03776427795261,-0.0360816797766517,-0.0511106861628733,-0.082795081587526,0.00157230013600522,0.942009004355598
