"V1","V2","V3","V4","V5","V6","V7","V8","V9","V10"
1.06330284597415,0.00390773701778015,-0.0301829967339291,-0.0517603738549705,-0.0172495433913944,-0.0255208100010074,0.0741046209287551,0.00033214066822812,-0.0532659785081713,0.00315764940868473
0.00390773701778015,0.96647665297483,-0.0285272310889593,-0.0211844895269686,-0.014183260841216,0.0191042791079565,0.0273380777408128,-0.049283685719648,0.0281153323540561,0.0972926497377558
-0.0301829967339291,-0.0285272310889593,1.03759129711,0.0177342623149316,-0.0101571521579283,-0.0546314865013589,-0.00841762068461529,0.023680217777878,0.0113316752658731,-0.013945113769098
-0.0517603738549705,-0.0211844895269686,0.0177342623149316,0.967398807689413,0.0326877830833941,-0.00847690265982423,0.0177442983087274,-0.0259144449697374,-0.0126616615171043,-0.0242833615921173
-0.0172495433913944,-0.014183260841216,-0.0101571521579283,0.0326877830833941,0.935991290666036,0.042491418167307,0.0432702891571867,0.0236106990347648,-0.000599145358505279,0.0310721100051436
-0.0255208100010074,0.0191042791079565,-0.0546314865013589,-0.00847690265982423,0.042491418167307,0.984510852992381,0.0664895352042242,-0.012899798201733,-0.0180973051176706,0.0352372328310744
0.0741046209287551,0.0273380777408128,-0.00841762068461529,0.0177442983087274,0.0432702891571867,0.0664895352042242,0.994663162522401,-0.00156632967248751,-0.0393480309055347,3.62797024372388e-05
0.00033214066822812,-0.049283685719648,0.023680217777878,-0.0259144449697374,0.0236106990347648,-0.012899798201733,-0.00156632967248751,1.02168939658672,-0.0212377890986221,0.028714492385449
-0.0532659785081713,0.0281153323540561,0.0113316752658731,-0.0126616615171043,-0.000599145358505279,-0.0180973051176706,-0.0393480309055347,-0.0212377890986221,1.09266215365927,0.0169472895030363
0.00315764940868473,0.0972926497377558,-0.013945113769098,-0.0242833615921173,0.0310721100051436,0.0352372328310744,3.62797024372388e-05,0.028714492385449,0.0169472895030363,0.970232183973242
