"V1","V2","V3","V4","V5","V6","V7","V8","V9","V10"
0.948779461302767,-0.00896479849135921,0.0197501730552732,-0.04199412804783,0.0252147883996304,-0.00625401507227872,-0.0596014614020562,-0.00848935664489425,0.011914384408853,0.0142393149466721
-0.00896479849135921,1.00171650818323,-0.0409482594735927,0.0156365568832118,0.0391531575164441,0.0260276105387359,-0.000775708772873641,-0.0499822909555759,-0.0160459221172818,-0.0258433845330326
0.0197501730552732,-0.0409482594735927,0.965708690493723,0.0797410282860361,-0.0397785505888422,0.0138944849099185,0.0726443053218301,0.0439334387516229,-0.0367480106178268,-0.0295945424297451
-0.04199412804783,0.0156365568832118,0.0797410282860361,0.942281496275871,-0.015798664162232,0.0409790867687926,0.0281351727282468,-0.0134338034923123,0.0329721069641231,0.0116441765235797
0.0252147883996304,0.0391531575164441,-0.0397785505888422,-0.015798664162232,1.02318583428554,0.000902240188579768,0.0157273437031951,-0.00998207354892981,0.0313760159257761,0.0611804132469364
-0.00625401507227872,0.0260276105387359,0.0138944849099185,0.0409790867687926,0.000902240188579768,0.95043081828235,0.035638444247415,0.0220956462759989,0.0538378422939498,0.0192278932499987
-0.0596014614020562,-0.000775708772873641,0.0726443053218301,0.0281351727282468,0.0157273437031951,0.035638444247415,0.938173899155136,-0.00929032124841532,-0.022104216374618,0.00358376352466805
-0.00848935664489425,-0.0499822909555759,0.0439334387516229,-0.0134338034923123,-0.00998207354892981,0.0220956462759989,-0.00929032124841532,1.0026170057579,-0.0245556511956035,-0.013074470314648
0.011914384408853,-0.0160459221172818,-0.0367480106178268,0.0329721069641231,0.0313760159257761,0.0538378422939498,-0.022104216374618,-0.0245556511956035,1.04295002402046,0.02276868911688
0.0142393149466721,-0.0258433845330326,-0.0295945424297451,0.0116441765235797,0.0611804132469364,0.0192278932499987,0.00358376352466805,-0.013074470314648,0.02276868911688,0.982358568660604
