"V1","V2","V3","V4","V5","V6","V7","V8","V9","V10"
0.934438481864155,0.0121361383772949,0.0134180681332933,0.0161998481988106,-0.000730615936697478,0.0461712133014923,-0.0262410735764711,-0.00939102578069108,0.00438790660666723,0.03819348690055
0.0121361383772949,1.01798568668153,0.00960057255175014,-0.0228994634830544,-0.0334918039356731,-0.0567267206699681,0.0140968066230171,0.0919288343114349,0.0163821442090044,-0.00280473410686851
0.0134180681332933,0.00960057255175014,1.06181829477449,-0.00842303196767015,-0.00896187417879005,-0.0360623634211716,0.0112314864852414,0.0569746575978592,0.00144526577120209,0.00569747572498131
0.0161998481988106,-0.0228994634830544,-0.00842303196767015,1.0360637189907,-0.0269979037816266,-0.0215972267102487,0.0258979290695446,-0.00133461543119491,-0.0065682376786741,0.0110444846696245
-0.000730615936697478,-0.0334918039356731,-0.00896187417879005,-0.0269979037816266,1.0327384908252,0.0595399085078699,0.0241497599705503,0.034001982262895,-0.00956310580817839,-0.000766122182991204
0.0461712133014923,-0.0567267206699681,-0.0360623634211716,-0.0215972267102487,0.0595399085078699,1.03844638751901,-0.00547506295517795,0.00758011284121383,0.0359187880062059,0.0255399310049175
-0.0262410735764711,0.0140968066230171,0.0112314864852414,0.0258979290695446,0.0241497599705503,-0.00547506295517795,1.0415546349247,-0.0131842457111924,0.00924928100535342,-0.0728640306248659
-0.00939102578069108,0.0919288343114349,0.0569746575978592,-0.00133461543119491,0.034001982262895,0.00758011284121383,-0.0131842457111924,1.07054734739086,0.016884087243322,0.0208221115467522
0.00438790660666723,0.0163821442090044,0.00144526577120209,-0.0065682376786741,-0.00956310580817839,0.0359187880062059,0.00924928100535342,0.016884087243322,0.943131993778215,0.0140379151995148
0.03819348690055,-0.00280473410686851,0.00569747572498131,0.0110444846696245,-0.000766122182991204,0.0255399310049175,-0.0728640306248659,0.0208221115467522,0.0140379151995148,0.922231498248843
