"V1","V2","V3","V4","V5","V6","V7","V8","V9","V10"
0.951525611841301,0.0411444422961159,-0.0132381108600759,-0.102801771653634,-0.0440143056251902,-0.0104764079392772,0.0230760725019905,-0.025256223212017,-0.0197222701163484,-0.0137426561395283
0.0411444422961159,0.97772099789106,-0.00101273911792935,0.029107793549768,0.0425645231896914,-0.000728577273613156,-0.0215812267467802,0.0141990165178667,-0.00585750028387676,0.0476428066732285
-0.0132381108600759,-0.00101273911792935,1.00964483080491,0.0321917352428978,-0.0386492243795154,0.0136124894991577,0.00764039377519932,-0.00468160246863085,-0.0193766108258822,-0.0601106581576594
-0.102801771653634,0.029107793549768,0.0321917352428978,1.01219963213724,0.0408309908914606,-0.0243742045482886,0.0104975729090179,0.0488160001672673,-0.0450283737499474,-0.00578685755798751
-0.0440143056251902,0.0425645231896914,-0.0386492243795154,0.0408309908914606,0.946018784650607,-0.0541158459655998,-0.0258689524448111,0.0913825333563826,0.00902075833440427,-0.0140113968722731
-0.0104764079392772,-0.000728577273613156,0.0136124894991577,-0.0243742045482886,-0.0541158459655998,0.964108241145244,0.0297385360882294,0.0086284985314274,0.00468636444428789,0.0411115786713255
0.0230760725019905,-0.0215812267467802,0.00764039377519932,0.0104975729090179,-0.0258689524448111,0.0297385360882294,0.993788744834525,-0.0218791036717952,0.00727468467708639,0.0144324638182594
-0.025256223212017,0.0141990165178667,-0.00468160246863085,0.0488160001672673,0.0913825333563826,0.0086284985314274,-0.0218791036717952,0.981818571651683,0.0291159953338915,-0.00686120692388271
-0.0197222701163484,-0.00585750028387676,-0.0193766108258822,-0.0450283737499474,0.00902075833440427,0.00468636444428789,0.00727468467708639,0.0291159953338915,0.931405954340013,0.0352420227437233
-0.0137426561395283,0.0476428066732285,-0.0601106581576594,-0.00578685755798751,-0.0140113968722731,0.0411115786713255,0.0144324638182594,-0.00686120692388271,0.0352420227437233,0.915743877302623
