"V1","V2","V3","V4","V5","V6","V7","V8","V9","V10"
0.987522022693974,0.0218091485211173,0.0184613870446427,0.0128300013950439,0.0110470087229134,-0.00571929323013714,-0.0312062382621883,0.0456789980113811,0.0175213270267637,0.0151270800601121
0.0218091485211173,1.0224107056354,0.017950524748229,0.00859492212273799,-0.000360613780449276,-0.0133879005488473,-0.0388211388966888,-0.0637918738763489,-0.00418095361183893,-0.062221623042166
0.0184613870446427,0.017950524748229,0.988899018265234,0.040505867814929,-0.0298280956619823,-0.0144255435864188,-0.025097488860145,0.0018046322735662,-0.0189665496530255,0.0305754744076266
0.0128300013950439,0.00859492212273799,0.040505867814929,1.04996965073087,-0.0222887673546771,-0.0828027803335413,-0.000719205643588936,-0.0241082331739162,0.00148355514217147,0.0353577856144835
0.0110470087229134,-0.000360613780449276,-0.0298280956619823,-0.0222887673546771,0.97128535636592,0.00422510113029136,0.00383114050447723,-0.0578880007195068,-0.0616331391372402,-0.00666640069644962
-0.00571929323013714,-0.0133879005488473,-0.0144255435864188,-0.0828027803335413,0.00422510113029136,1.00058889638157,-0.0202964611062528,0.0436704675567232,0.023571616731482,0.0181657526033563
-0.0312062382621883,-0.0388211388966888,-0.025097488860145,-0.000719205643588936,0.00383114050447723,-0.0202964611062528,1.03379011753007,0.0130729936483623,0.0284367631871533,-0.0131611165858801
0.0456789980113811,-0.0637918738763489,0.0018046322735662,-0.0241082331739162,-0.0578880007195068,0.0436704675567232,0.0130729936483623,1.03290852701709,0.000364683328220502,0.00892947467152082
0.0175213270267637,-0.00418095361183893,-0.0189665496530255,0.00148355514217147,-0.0616331391372402,0.023571616731482,0.0284367631871533,0.000364683328220502,1.1110453758285,0.0060123043414138
0.0151270800601121,-0.062221623042166,0.0305754744076266,0.0353577856144835,-0.00666640069644962,0.0181657526033563,-0.0131611165858801,0.00892947467152082,0.0060123043414138,0.991203297920799
