"V1","V2","V3","V4","V5","V6","V7","V8","V9","V10"
0.972982227834517,0.00640823759909642,0.0691021962885352,0.0200938348635346,0.0466192910159858,0.0211234144931233,0.00305949054830024,-0.0291309131809081,0.0275023023819793,-0.00956711162862196
0.00640823759909642,0.948093891788843,-0.0110813925990014,-0.0683856035432561,0.00243689648663395,0.0552762050030877,0.0469588716261646,0.0266868709718127,0.0118188992270998,-0.00671301134149536
0.0691021962885352,-0.0110813925990014,1.05567710596527,-0.00146579186030675,-0.0414418515198628,0.0406882265440367,-0.0213404354807315,-0.041171426855497,-0.0500955861259742,-0.000265689271663679
0.0200938348635346,-0.0683856035432561,-0.00146579186030675,1.03811050692473,-0.0100329060262701,0.0413912092839114,0.00956520161481367,-0.0186826429830206,0.076016752138379,-0.0027096932309429
0.0466192910159858,0.00243689648663395,-0.0414418515198628,-0.0100329060262701,0.966476819440338,0.0295699202634802,-0.0371216711598328,-0.0366349872904056,0.0471314886087216,-0.0806783613858041
0.0211234144931233,0.0552762050030877,0.0406882265440367,0.0413912092839114,0.0295699202634802,1.01649787196048,0.0308300260708767,-0.0346486442786497,0.0300649419006164,0.0200627949849631
0.00305949054830024,0.0469588716261646,-0.0213404354807315,0.00956520161481367,-0.0371216711598328,0.0308300260708767,1.00433530317565,-0.0134828844959645,0.00358852917358002,-0.00289558455654968
-0.0291309131809081,0.0266868709718127,-0.041171426855497,-0.0186826429830206,-0.0366349872904056,-0.0346486442786497,-0.0134828844959645,0.961339523345778,0.0262976937711873,0.0340430152743405
0.0275023023819793,0.0118188992270998,-0.0500955861259742,0.076016752138379,0.0471314886087216,0.0300649419006164,0.00358852917358002,0.0262976937711873,1.04934413249261,0.0344775561014064
-0.00956711162862196,-0.00671301134149536,-0.000265689271663679,-0.0027096932309429,-0.0806783613858041,0.0200627949849631,-0.00289558455654968,0.0340430152743405,0.0344775561014064,0.963096064777892
