"V1","V2","V3","V4","V5","V6","V7","V8","V9","V10"
1.05781579750564,0.0281000596078776,-0.0160633706915275,0.035688145757647,-0.0446210228723978,-0.00824115943766483,0.0048266226194349,0.0880966327327466,-0.0251301591935929,0.0186068812294614
0.0281000596078776,1.03415172475976,-0.0203909205942721,-0.0208822500628613,-0.0129678622278181,0.0183844390813799,0.0393240119010108,-0.017266411086894,0.00217794474558211,0.00276705765180341
-0.0160633706915275,-0.0203909205942721,0.979821999455869,-0.0198627057241089,-0.0453482828837377,-0.042994984000751,0.0103262837045318,-0.000962148957735846,0.0179223291552102,0.0147905108988746
0.035688145757647,-0.0208822500628613,-0.0198627057241089,1.04959113996025,-0.00865949927687703,-0.00190629168800398,0.0149463317774474,0.00527295834144374,0.0464400268773784,-0.0699910892600184
-0.0446210228723978,-0.0129678622278181,-0.0453482828837377,-0.00865949927687703,0.987332932213148,-0.00954430171915714,0.0475253763970252,-0.0168498195065474,0.015120712393753,-0.0213357293075279
-0.00824115943766483,0.0183844390813799,-0.042994984000751,-0.00190629168800398,-0.00954430171915714,0.935265139183734,-0.0532406813217375,-0.00435557508891678,-0.0242092420328322,-0.0120471390336851
0.0048266226194349,0.0393240119010108,0.0103262837045318,0.0149463317774474,0.0475253763970252,-0.0532406813217375,0.949012175445912,0.039400607294255,-0.0354920385774968,-0.0377700308059119
0.0880966327327466,-0.017266411086894,-0.000962148957735846,0.00527295834144374,-0.0168498195065474,-0.00435557508891678,0.039400607294255,1.06704752119919,-0.00485850454177519,0.00281735409922044
-0.0251301591935929,0.00217794474558211,0.0179223291552102,0.0464400268773784,0.015120712393753,-0.0242092420328322,-0.0354920385774968,-0.00485850454177519,0.978405901788264,0.0106153946434961
0.0186068812294614,0.00276705765180341,0.0147905108988746,-0.0699910892600184,-0.0213357293075279,-0.0120471390336851,-0.0377700308059119,0.00281735409922044,0.0106153946434961,0.936896518105869
