"V1","V2","V3","V4","V5","V6","V7","V8","V9","V10"
1.01458932497858,0.0220729297363725,-0.0152937449251039,0.00824551193291279,0.105768030328063,-0.0353233659400039,-0.00329835606156379,0.0310221010234981,-0.0375333096562263,-0.081250461182088
0.0220729297363725,0.969081958420936,-0.00393015582302709,-0.0208110504901059,0.0317922205906105,0.0130725744926657,-0.00933362812363612,0.0184072509723955,0.00165805980638966,-0.0122034851177442
-0.0152937449251039,-0.00393015582302709,0.999576565022478,-0.0481198907304424,-0.0320133351960273,0.0892327628529357,0.0466420894938464,0.0284411102263595,0.0357594361720066,-0.0723173259314402
0.00824551193291279,-0.0208110504901059,-0.0481198907304424,0.999335992388925,-0.0576751110224466,0.0304788773066893,0.0746144520564559,0.0104514195096155,0.0213894166926908,0.0327734840457078
0.105768030328063,0.0317922205906105,-0.0320133351960273,-0.0576751110224466,1.04822082086097,0.0273174136216583,0.052025691305249,-0.0139526450772774,0.0388009203882763,-5.71354310432278e-05
-0.0353233659400039,0.0130725744926657,0.0892327628529357,0.0304788773066893,0.0273174136216583,0.974752948219297,0.0722056538373165,-0.0646527259487993,0.0104166540259204,-0.0333077027000597
-0.00329835606156379,-0.00933362812363612,0.0466420894938464,0.0746144520564559,0.052025691305249,0.0722056538373165,0.986931606436849,-0.0199828722220932,0.0427142512449586,-0.0013695285381979
0.0310221010234981,0.0184072509723955,0.0284411102263595,0.0104514195096155,-0.0139526450772774,-0.0646527259487993,-0.0199828722220932,0.990172693738499,-0.0267466996644839,-0.0412348718744169
-0.0375333096562263,0.00165805980638966,0.0357594361720066,0.0213894166926908,0.0388009203882763,0.0104166540259204,0.0427142512449586,-0.0267466996644839,0.964240579750934,-0.0232374072713925
-0.081250461182088,-0.0122034851177442,-0.0723173259314402,0.0327734840457078,-5.71354310432278e-05,-0.0333077027000597,-0.0013695285381979,-0.0412348718744169,-0.0232374072713925,0.998678191090883
