"V1","V2","V3","V4","V5","V6","V7","V8","V9","V10"
1.07985916841936,0.0516305780147795,-0.0091943346108437,0.0123968331219531,0.0359583902283019,-0.0506538659721539,-0.0676830596431199,-0.0470267352345888,-0.0206562958304154,-0.0844899342064491
0.0516305780147795,1.03408307975789,-0.016407783628075,-0.0219563204788667,-0.0281776769834827,0.0430635008164077,-0.000769162409575709,0.00897924502266536,0.00581871618472721,0.063776952705861
-0.0091943346108437,-0.016407783628075,1.02997734107526,-0.107752041326277,-0.0287435258463048,-0.0138272840715537,0.0305816594648556,0.0720728100461825,0.0279663169608831,0.0370154730840146
0.0123968331219531,-0.0219563204788667,-0.107752041326277,1.01101937600926,0.0468955554911579,0.00216572670653711,0.0264627096374992,0.0126001694601075,0.00637400957867308,-0.0136815302761516
0.0359583902283019,-0.0281776769834827,-0.0287435258463048,0.0468955554911579,1.01216433253522,-0.0391218585412773,0.0232666614268513,-0.0496040667141026,0.0101235471053572,0.0469691344880238
-0.0506538659721539,0.0430635008164077,-0.0138272840715537,0.00216572670653711,-0.0391218585412773,0.990893944967272,-0.0421546056905502,-0.0128837214749321,-0.0248115130633467,0.011171235841433
-0.0676830596431199,-0.000769162409575709,0.0305816594648556,0.0264627096374992,0.0232666614268513,-0.0421546056905502,0.993470120922302,0.0246506600451206,-0.0220810063503451,-0.0251729114463908
-0.0470267352345888,0.00897924502266536,0.0720728100461825,0.0126001694601075,-0.0496040667141026,-0.0128837214749321,0.0246506600451206,1.03714420402179,-0.0274019286175374,0.0432502948909347
-0.0206562958304154,0.00581871618472721,0.0279663169608831,0.00637400957867308,0.0101235471053572,-0.0248115130633467,-0.0220810063503451,-0.0274019286175374,0.951342528938496,0.0364797677289779
-0.0844899342064491,0.063776952705861,0.0370154730840146,-0.0136815302761516,0.0469691344880238,0.011171235841433,-0.0251729114463908,0.0432502948909347,0.0364797677289779,1.01794385330456
