"V1","V2","V3","V4","V5","V6","V7","V8","V9","V10"
0.951072756277441,-0.0371809304688883,-0.00815660838225506,-0.00525798273912373,0.03592180789183,-0.0165162412112308,0.0194537768825632,-0.0200424049671998,0.00207230635904934,0.0464547098765943
-0.0371809304688883,0.914303538958652,-0.0243046084151013,-0.00142730171895078,0.0402742433066307,-0.00985661472773569,0.043725372061296,0.0310627647918102,-0.0457621964268485,0.0208188537671648
-0.00815660838225506,-0.0243046084151013,1.034532367427,-0.0403361947056223,-0.0130862241646131,-0.0161058403300538,-0.01766622151033,0.0342234684793948,0.0771772634177705,0.0431312463854744
-0.00525798273912373,-0.00142730171895078,-0.0403361947056223,0.893264047565148,-0.0230575658284834,-0.00445097308523986,0.0245637258298645,-0.032247388211269,0.0178664844829967,-0.0222025810918501
0.03592180789183,0.0402742433066307,-0.0130862241646131,-0.0230575658284834,1.06572298901757,-0.0311365378673139,-0.0535518490792518,0.045267057056914,0.033163760860942,0.0584948974887814
-0.0165162412112308,-0.00985661472773569,-0.0161058403300538,-0.00445097308523986,-0.0311365378673139,1.10646757366399,-0.00382557305927978,0.0100303083807239,-0.0254104744028008,-0.0448338397615122
0.0194537768825632,0.043725372061296,-0.01766622151033,0.0245637258298645,-0.0535518490792518,-0.00382557305927978,1.08346521214905,0.0129880701496143,0.026917493931659,0.0816075026364873
-0.0200424049671998,0.0310627647918102,0.0342234684793948,-0.032247388211269,0.045267057056914,0.0100303083807239,0.0129880701496143,1.01524173941062,0.0135962626441511,0.0988590701803891
0.00207230635904934,-0.0457621964268485,0.0771772634177705,0.0178664844829967,0.033163760860942,-0.0254104744028008,0.026917493931659,0.0135962626441511,0.993170714292916,0.0611996350346087
0.0464547098765943,0.0208188537671648,0.0431312463854744,-0.0222025810918501,0.0584948974887814,-0.0448338397615122,0.0816075026364873,0.0988590701803891,0.0611996350346087,0.947433850217944
