"V1","V2","V3","V4","V5","V6","V7","V8","V9","V10"
0.99513729823288,-0.00550007539815317,0.0365245772405205,-0.007800137567798,-0.0587339845405967,0.00427127095273627,-0.00851322593385126,0.00774955445947682,0.0138650393171659,-0.036828155254931
-0.00550007539815317,0.991216914845501,0.0110351607584561,-0.012028697426366,-0.0179408652484097,-0.0291203797956738,0.0723147347230749,-0.0615030296671032,0.0319904986941657,0.00146658144202921
0.0365245772405205,0.0110351607584561,0.873545939940524,-0.0265499692304934,0.0018789820796713,-0.0283228189987935,0.000793561364644349,-0.0176346577250025,-0.00294371335938086,0.0207142082375125
-0.007800137567798,-0.012028697426366,-0.0265499692304934,1.07889462972135,0.0434976411904919,0.0123418518363596,0.0471894977168251,-0.0192404913535858,-0.044695839660022,-0.00889680437998819
-0.0587339845405967,-0.0179408652484097,0.0018789820796713,0.0434976411904919,0.956275824385175,-0.00570168920387086,-0.0178035055806735,0.022808436610861,0.020392817440451,-0.0122377819568479
0.00427127095273627,-0.0291203797956738,-0.0283228189987935,0.0123418518363596,-0.00570168920387086,0.994951920642082,-0.0520144133071378,0.0308810333733606,0.00539249096782136,0.0821650853295934
-0.00851322593385126,0.0723147347230749,0.000793561364644349,0.0471894977168251,-0.0178035055806735,-0.0520144133071378,1.00335318366874,-0.0153389101070578,0.00212426211118294,0.00754493578820822
0.00774955445947682,-0.0615030296671032,-0.0176346577250025,-0.0192404913535858,0.022808436610861,0.0308810333733606,-0.0153389101070578,0.956778162079822,-0.0171953674044625,0.058523389823249
0.0138650393171659,0.0319904986941657,-0.00294371335938086,-0.044695839660022,0.020392817440451,0.00539249096782136,0.00212426211118294,-0.0171953674044625,1.05750575460344,0.00711732801512175
-0.036828155254931,0.00146658144202921,0.0207142082375125,-0.00889680437998819,-0.0122377819568479,0.0821650853295934,0.00754493578820822,0.058523389823249,0.00711732801512175,1.00938330401569
