"V1","V2","V3","V4","V5","V6","V7","V8","V9","V10"
1.03532452445497,0.0460203575860316,-0.0764070081514513,0.0345762990390563,0.0266858676307883,-0.0131214243581738,-0.0382613467591958,-0.03640842966978,0.0137735704907347,-0.0280033018747266
0.0460203575860316,1.0944812300733,0.00758436106337019,-0.000967766323388342,0.0509173567589778,0.0120435297349795,-0.0117303210741567,-0.0336163899863538,0.0185431198857951,0.0756379693733502
-0.0764070081514513,0.00758436106337019,1.01029489555257,-0.0483168456435911,0.0171036263251811,0.00307160879735267,-0.00681576860808118,0.0365985666425541,0.049962511679898,0.0155037169803919
0.0345762990390563,-0.000967766323388342,-0.0483168456435911,1.04107344834231,0.0274088360867381,0.0102423251310063,-0.0322629598015044,-0.0308079049639533,0.0318824125971429,0.0321183790083256
0.0266858676307883,0.0509173567589778,0.0171036263251811,0.0274088360867381,0.930483170084261,0.0243154597150472,-0.0211518886027147,-0.00925183177820748,0.0204961704162523,0.0330823991040155
-0.0131214243581738,0.0120435297349795,0.00307160879735267,0.0102423251310063,0.0243154597150472,1.0158316080628,0.00602924335808083,-0.00278603526959078,-0.0316333342874215,0.0546612795116862
-0.0382613467591958,-0.0117303210741567,-0.00681576860808118,-0.0322629598015044,-0.0211518886027147,0.00602924335808083,1.03844859368876,-0.0344475895418005,0.0240756800636945,0.00926380453420813
-0.03640842966978,-0.0336163899863538,0.0365985666425541,-0.0308079049639533,-0.00925183177820748,-0.00278603526959078,-0.0344475895418005,1.05911661523487,-0.00800034728934733,-0.0342146270353721
0.0137735704907347,0.0185431198857951,0.049962511679898,0.0318824125971429,0.0204961704162523,-0.0316333342874215,0.0240756800636945,-0.00800034728934733,1.0888721338421,0.032187833123271
-0.0280033018747266,0.0756379693733502,0.0155037169803919,0.0321183790083256,0.0330823991040155,0.0546612795116862,0.00926380453420813,-0.0342146270353721,0.032187833123271,0.951156331187571
