"V1","V2","V3","V4","V5","V6","V7","V8","V9","V10"
0.936380674014728,-0.0169044162473801,0.00610034277955052,-0.0760015439366543,0.0103532215624818,-0.0506826152201277,0.0246627738677317,0.0104846808262589,-0.0272542058073297,-0.0483097411312119
-0.0169044162473801,0.97170365054427,-0.0614774186292349,0.00707228599488692,-0.0260803509825204,0.0185147680104093,0.00616875475707108,-0.0382268843180911,0.00795778268618538,-0.0354143566797229
0.00610034277955052,-0.0614774186292349,0.984477814281638,0.0500254856627683,-0.0391615950492026,-0.0093603177439699,0.0497024534950634,0.0357358011209631,0.0430569488370038,0.00251695603905275
-0.0760015439366543,0.00707228599488692,0.0500254856627683,0.990359699745807,0.0282049733314843,0.0239570727988643,0.00184245949349961,-0.0128787091924336,-0.0129173350222527,0.0547996250597245
0.0103532215624818,-0.0260803509825204,-0.0391615950492026,0.0282049733314843,0.935644819331023,0.00635996767463894,-0.00122935198646894,0.0349324219881122,-0.0305474036326103,0.0266666607247759
-0.0506826152201277,0.0185147680104093,-0.0093603177439699,0.0239570727988643,0.00635996767463894,0.933972341301963,0.000239716516737337,0.0143970661520038,0.0536846847620368,0.0347783986514783
0.0246627738677317,0.00616875475707108,0.0497024534950634,0.00184245949349961,-0.00122935198646894,0.000239716516737337,0.996137596771676,-0.0811386291464383,0.0338373650636519,0.013642617274433
0.0104846808262589,-0.0382268843180911,0.0357358011209631,-0.0128787091924336,0.0349324219881122,0.0143970661520038,-0.0811386291464383,0.983525516098577,0.0418622391442609,0.0494116579924504
-0.0272542058073297,0.00795778268618538,0.0430569488370038,-0.0129173350222527,-0.0305474036326103,0.0536846847620368,0.0338373650636519,0.0418622391442609,0.892453245782087,0.0165891924914194
-0.0483097411312119,-0.0354143566797229,0.00251695603905275,0.0547996250597245,0.0266666607247759,0.0347783986514783,0.013642617274433,0.0494116579924504,0.0165891924914194,1.02269378150992
