"V1","V2","V3","V4","V5","V6","V7","V8","V9","V10"
1.05115331676417,-0.0144198172351631,-0.0366796695723991,0.0297860274654897,0.0410500879114975,0.00721585586965487,-0.0157386885720583,0.0293341370659818,-0.00365437444489681,-0.0664324041073387
-0.0144198172351631,0.9994496568157,0.0322714992061707,0.0248604629307719,-0.0273345530560893,-0.0125710332357729,0.0564445292568554,-0.00499908808975012,0.093664367777971,-0.0210311660859679
-0.0366796695723991,0.0322714992061707,0.961522957132314,0.00936724687679766,0.0298344822454359,-0.0127922113167595,-0.0054404830592467,-0.0305101313529603,0.0487951943627213,-0.0346222835924847
0.0297860274654897,0.0248604629307719,0.00936724687679766,0.888250583159415,-0.0243164136705585,0.00736969500495685,0.0122664613392444,0.000891987398000904,-0.00714098697028386,-0.0437301655045247
0.0410500879114975,-0.0273345530560893,0.0298344822454359,-0.0243164136705585,1.06645850833182,0.0287313677889586,-0.00915195637739866,-0.00947288577653742,-0.00244826723442262,-0.0404749960501359
0.00721585586965487,-0.0125710332357729,-0.0127922113167595,0.00736969500495685,0.0287313677889586,1.00313156673816,0.00642966289276008,-0.0315752078266922,0.0104900738659073,-0.00156812036451176
-0.0157386885720583,0.0564445292568554,-0.0054404830592467,0.0122664613392444,-0.00915195637739866,0.00642966289276008,1.11897461423947,-0.0857932215792077,0.0640437178445753,0.0301096583095022
0.0293341370659818,-0.00499908808975012,-0.0305101313529603,0.000891987398000904,-0.00947288577653742,-0.0315752078266922,-0.0857932215792077,0.915697347950725,-0.0227959265680665,-0.0169749612625687
-0.00365437444489681,0.093664367777971,0.0487951943627213,-0.00714098697028386,-0.00244826723442262,0.0104900738659073,0.0640437178445753,-0.0227959265680665,1.00288069177431,0.0092235458836582
-0.0664324041073387,-0.0210311660859679,-0.0346222835924847,-0.0437301655045247,-0.0404749960501359,-0.00156812036451176,0.0301096583095022,-0.0169749612625687,0.0092235458836582,0.945067627032794
