"V1","V2","V3","V4","V5","V6","V7","V8","V9","V10"
0.972225041843004,-0.00583817409662969,0.0123824509101274,0.0808808581945755,0.0727895047975643,-0.0822318769233798,-0.0131299634754876,-0.0406817783535657,0.00549551848952624,-0.0355701457977263
-0.00583817409662969,0.97881090113898,-0.0370760751105183,0.0120346550143233,-0.0379676699949674,-0.0315019730867453,-0.0212008281354787,-0.0141787014644961,-0.0135139656437905,-0.0271027785800936
0.0123824509101274,-0.0370760751105183,0.995210607200159,0.0366600700454678,0.0158505925507167,-0.0163008962998443,0.0487572916409546,0.00432619707051229,-0.0422576526341272,0.0101539625666541
0.0808808581945755,0.0120346550143233,0.0366600700454678,1.04391922354596,0.00626829770745884,-0.0552718599218927,-0.0512497552917076,-0.0145628580170739,-0.0254739998054125,-0.0594283760325922
0.0727895047975643,-0.0379676699949674,0.0158505925507167,0.00626829770745884,0.912193842057878,-0.0329112911571752,-0.0126683208552641,-0.00262569800463461,-0.0153295006157573,0.00791944717370755
-0.0822318769233798,-0.0315019730867453,-0.0163008962998443,-0.0552718599218927,-0.0329112911571752,1.02667822498183,0.124458843456271,0.0671319592841829,0.0579641200364676,-0.0329187498066467
-0.0131299634754876,-0.0212008281354787,0.0487572916409546,-0.0512497552917076,-0.0126683208552641,0.124458843456271,0.993940844841627,0.022097446500209,-0.0188750563691862,-0.0431328161340819
-0.0406817783535657,-0.0141787014644961,0.00432619707051229,-0.0145628580170739,-0.00262569800463461,0.0671319592841829,0.022097446500209,1.04039885953376,-0.0229447614465015,0.0244144582033888
0.00549551848952624,-0.0135139656437905,-0.0422576526341272,-0.0254739998054125,-0.0153295006157573,0.0579641200364676,-0.0188750563691862,-0.0229447614465015,1.07246304479895,-0.0128219024555024
-0.0355701457977263,-0.0271027785800936,0.0101539625666541,-0.0594283760325922,0.00791944717370755,-0.0329187498066467,-0.0431328161340819,0.0244144582033888,-0.0128219024555024,0.95167451253775
