"V1","V2","V3","V4","V5","V6","V7","V8","V9","V10"
1.06002674052789,0.0121607696738168,-0.00199952782737502,0.0263694396734776,0.00995114528744843,-0.02078973341946,-0.0309718534017555,-0.0094658617266589,0.0154799726383232,0.0415031810170332
0.0121607696738168,0.926091701355123,0.0170930206853042,-0.00510561098530955,-0.0111919613582043,-0.0296816294849497,0.0558726869736221,0.0135809962900164,-0.0167575993896339,-0.0308395686914075
-0.00199952782737502,0.0170930206853042,0.969374699186186,-0.061667854645376,0.0180725221975351,-0.0428097173397201,0.0393545112614254,0.00210334162615673,-0.0809496373212012,-0.0488463952277013
0.0263694396734776,-0.00510561098530955,-0.061667854645376,0.968468829751755,-0.0454704754493558,0.024138256225202,0.0162403664260562,-0.023956086413861,-0.00110767793519272,0.0452102354457143
0.00995114528744843,-0.0111919613582043,0.0180725221975351,-0.0454704754493558,0.93025099285669,0.0218535316537099,-0.0364201034801873,0.0589555642961969,-0.0559852971923075,-0.00610015933565068
-0.02078973341946,-0.0296816294849497,-0.0428097173397201,0.024138256225202,0.0218535316537099,1.08329128026688,0.00672013672648582,-0.0582609975508578,0.0122230565863493,-0.0133522631192569
-0.0309718534017555,0.0558726869736221,0.0393545112614254,0.0162403664260562,-0.0364201034801873,0.00672013672648582,1.01371302040073,0.0355958464336906,0.0241062724008234,-0.021212155173306
-0.0094658617266589,0.0135809962900164,0.00210334162615673,-0.023956086413861,0.0589555642961969,-0.0582609975508578,0.0355958464336906,1.03980645090174,-0.0536464010175049,0.00251716131508233
0.0154799726383232,-0.0167575993896339,-0.0809496373212012,-0.00110767793519272,-0.0559852971923075,0.0122230565863493,0.0241062724008234,-0.0536464010175049,0.914575613829193,-0.0264729940800294
0.0415031810170332,-0.0308395686914075,-0.0488463952277013,0.0452102354457143,-0.00610015933565068,-0.0133522631192569,-0.021212155173306,0.00251716131508233,-0.0264729940800294,0.914428221778991
