"V1","V2","V3","V4","V5","V6","V7","V8","V9","V10"
0.954454704614948,-0.035742996462433,0.0218765170912875,0.0956519624371091,0.0302917447945816,-0.0288241458991077,-0.0775221286687428,0.0420723238669293,0.109945322371348,0.000591098990079758
-0.035742996462433,0.949321867688512,0.0214622375985704,0.0437841518560011,0.0292424291839051,-0.0296104366550361,-0.00566394645545018,-0.0678929865306732,0.0122947520158384,0.0592769797437232
0.0218765170912875,0.0214622375985704,1.04098999182123,-0.0194904203406035,0.0199785774517961,-0.00999142301385903,0.0267101524724581,-0.0184713926958026,-0.0501763021718725,0.0406384316564067
0.0956519624371091,0.0437841518560011,-0.0194904203406035,0.968281727222701,-0.0277707007296437,0.0202879914592391,0.0374935035504853,0.0717209145984392,-0.0155727478290336,-0.0397131239629081
0.0302917447945816,0.0292424291839051,0.0199785774517961,-0.0277707007296437,0.897008343187622,-0.0263371939724262,0.0290578053029815,0.0263148224554782,0.0454566941836663,0.0329652829020781
-0.0288241458991077,-0.0296104366550361,-0.00999142301385903,0.0202879914592391,-0.0263371939724262,0.964305473684136,0.0388161744256616,0.0594036499043572,0.0278270296896808,-0.012226309634104
-0.0775221286687428,-0.00566394645545018,0.0267101524724581,0.0374935035504853,0.0290578053029815,0.0388161744256616,0.961936294242251,0.0325845776477647,-0.0298911485235485,-0.0192987647758076
0.0420723238669293,-0.0678929865306732,-0.0184713926958026,0.0717209145984392,0.0263148224554782,0.0594036499043572,0.0325845776477647,1.01157090300968,-0.00567310898708346,0.0210251650177216
0.109945322371348,0.0122947520158384,-0.0501763021718725,-0.0155727478290336,0.0454566941836663,0.0278270296896808,-0.0298911485235485,-0.00567310898708346,1.00663492170093,0.0693548874605279
0.000591098990079758,0.0592769797437232,0.0406384316564067,-0.0397131239629081,0.0329652829020781,-0.012226309634104,-0.0192987647758076,0.0210251650177216,0.0693548874605279,1.02515850256953
