"V1","V2","V3","V4","V5","V6","V7","V8","V9","V10"
1.00826438316597,0.0249961584401378,-0.0018010964748921,-0.0159909052790087,-0.0276706412821554,0.0189795223425024,0.0590244679850678,-0.0320318489594645,-0.00996765510469885,0.0818578252533945
0.0249961584401378,0.906555323338161,0.0593398008410555,0.0219108825442194,-0.0102354039348845,-0.0575369694750455,0.0377080463234362,0.0260326984215362,0.0204186439914986,0.0387929536564479
-0.0018010964748921,0.0593398008410555,1.0301964001161,0.0168953317823572,-0.0548848761411345,0.00872224883930298,0.00313088467545997,0.015399858227779,-0.0416667613084962,0.0522167468088149
-0.0159909052790087,0.0219108825442194,0.0168953317823572,1.01530875288402,-0.00738251819798527,0.0787301250863269,0.0504337597030117,-0.030568384305693,-0.00159824574612929,-0.0391835142327379
-0.0276706412821554,-0.0102354039348845,-0.0548848761411345,-0.00738251819798527,0.936079907010986,0.0441258272602207,0.0508239340342737,-0.0102516830201868,-0.00102284668639916,-0.0457588436135759
0.0189795223425024,-0.0575369694750455,0.00872224883930298,0.0787301250863269,0.0441258272602207,0.983318185349812,0.0227429992455259,0.0113878861976299,-0.0107937435927779,-0.0265479534129438
0.0590244679850678,0.0377080463234362,0.00313088467545997,0.0504337597030117,0.0508239340342737,0.0227429992455259,1.01544177096311,0.00194361985076289,-0.0192049531360482,-0.0491275878846723
-0.0320318489594645,0.0260326984215362,0.015399858227779,-0.030568384305693,-0.0102516830201868,0.0113878861976299,0.00194361985076289,0.975520202910232,-0.0038163839327768,0.0239576231504223
-0.00996765510469885,0.0204186439914986,-0.0416667613084962,-0.00159824574612929,-0.00102284668639916,-0.0107937435927779,-0.0192049531360482,-0.0038163839327768,1.05678938859944,-0.053300406352685
0.0818578252533945,0.0387929536564479,0.0522167468088149,-0.0391835142327379,-0.0457588436135759,-0.0265479534129438,-0.0491275878846723,0.0239576231504223,-0.053300406352685,0.972795711107116
