"V1","V2","V3","V4","V5","V6","V7","V8","V9","V10"
1.06686091850107,-0.0464455271851703,-0.0219990216427442,-0.00155777830911463,-0.0142153121976079,-0.0473043040868579,-0.0339131861520212,-0.0238027971331493,0.0373589218818074,-0.0118918632578182
-0.0464455271851703,0.939160508403153,0.0261077424884085,-0.069926352864299,0.0166813177903643,0.0693261550426148,0.0171743981256567,0.0335828165636718,0.0539047590945246,-0.025037171384827
-0.0219990216427442,0.0261077424884085,1.12400958864879,0.0528758754383044,0.00983395170827422,0.0173369018417606,0.0689105077464159,-0.0137804488624424,-0.0183617967705575,0.0505896077439062
-0.00155777830911463,-0.069926352864299,0.0528758754383044,1.0087728112522,-0.0117072556286308,-0.075826521807513,0.023563567422081,0.0293503741549344,-0.00507027538526578,0.00140614724117351
-0.0142153121976079,0.0166813177903643,0.00983395170827422,-0.0117072556286308,0.986308871452599,-0.00208841165735302,0.0369931910873065,0.0454633307148286,0.0188417973755997,0.0289813542724114
-0.0473043040868579,0.0693261550426148,0.0173369018417606,-0.075826521807513,-0.00208841165735302,1.03172885599904,0.042468290005009,-0.0146380020477843,0.0753755374474509,0.00589336927632449
-0.0339131861520212,0.0171743981256567,0.0689105077464159,0.023563567422081,0.0369931910873065,0.042468290005009,0.996021765235232,-0.0236028692787063,0.0537354043254286,-0.0310424562847129
-0.0238027971331493,0.0335828165636718,-0.0137804488624424,0.0293503741549344,0.0454633307148286,-0.0146380020477843,-0.0236028692787063,1.03702078300773,-0.0171880573176726,0.0324127311815776
0.0373589218818074,0.0539047590945246,-0.0183617967705575,-0.00507027538526578,0.0188417973755997,0.0753755374474509,0.0537354043254286,-0.0171880573176726,1.15228932920645,-0.0202702773475877
-0.0118918632578182,-0.025037171384827,0.0505896077439062,0.00140614724117351,0.0289813542724114,0.00589336927632449,-0.0310424562847129,0.0324127311815776,-0.0202702773475877,1.01936053624702
