"V1","V2","V3","V4","V5","V6","V7","V8","V9","V10"
1.07597724024438,-0.000879607403383665,-0.0186920900108319,-0.0186292141467598,0.0176292409727629,0.0665790028107877,-0.0722321217976581,0.0174108148824788,0.0342559859426804,0.0418971126291198
-0.000879607403383665,0.919772988235607,0.0611079767316652,0.0117984242020137,-0.0311261420728702,-0.00146483469317507,0.0347120283072745,-0.00222466613103152,0.0332568850450619,-0.0228739427757821
-0.0186920900108319,0.0611079767316652,1.02911014614069,-0.0164160913712266,0.00651949234254203,0.0340546904393417,-0.0484926673884008,-0.00585119849741445,-0.00484215241351148,-0.0181052967841554
-0.0186292141467598,0.0117984242020137,-0.0164160913712266,1.0055373238602,0.00250016281992645,0.0516696032126718,0.0327953596985222,-0.00147071180361677,0.0282968780882514,-0.0330724901066807
0.0176292409727629,-0.0311261420728702,0.00651949234254203,0.00250016281992645,1.06504855752383,0.0236962491507322,-0.0113548626963367,-0.0394677781017827,-0.0301354532578484,-0.00727727328337331
0.0665790028107877,-0.00146483469317507,0.0340546904393417,0.0516696032126718,0.0236962491507322,1.046007808564,-0.0610629818414646,-0.0244677875110295,0.0288375648238884,0.00693891787400478
-0.0722321217976581,0.0347120283072745,-0.0484926673884008,0.0327953596985222,-0.0113548626963367,-0.0610629818414646,1.05767707659772,0.0487388280568739,-0.000409776950023181,-0.0262096616922424
0.0174108148824788,-0.00222466613103152,-0.00585119849741445,-0.00147071180361677,-0.0394677781017827,-0.0244677875110295,0.0487388280568739,1.03625827015536,0.00138915497963553,-0.0309369917904027
0.0342559859426804,0.0332568850450619,-0.00484215241351148,0.0282968780882514,-0.0301354532578484,0.0288375648238884,-0.000409776950023181,0.00138915497963553,1.05510293202293,0.0661659949453317
0.0418971126291198,-0.0228739427757821,-0.0181052967841554,-0.0330724901066807,-0.00727727328337331,0.00693891787400478,-0.0262096616922424,-0.0309369917904027,0.0661659949453317,0.93696856535232
