"V1","V2","V3","V4","V5","V6","V7","V8","V9","V10"
0.965927679294569,0.0339166004650324,0.0360120074220146,-0.0374841902778932,0.0525413816853555,0.0433776765721827,0.0426088983163435,-0.0148536119829981,-0.0122539553897576,-0.0427094901593955
0.0339166004650324,0.943655327968014,-0.0515008408711484,0.0317125713960297,-0.00793057632473471,0.0577909437481005,-0.0401557179043591,-0.0144056926321976,-0.0435281876716289,0.0232996379352582
0.0360120074220146,-0.0515008408711484,1.02210786045195,0.00606415626229041,0.0913112631188257,0.00977914801039755,-0.0120158617998967,-0.0507267882556087,-0.0515165026496565,0.0309976335752402
-0.0374841902778932,0.0317125713960297,0.00606415626229041,0.978880028018443,0.00337229260506613,0.0210305937052427,0.00706830596083828,0.023981996703306,0.0450462363936445,-0.028123193422932
0.0525413816853555,-0.00793057632473471,0.0913112631188257,0.00337229260506613,1.04579308248674,0.0138925898886347,-0.00607861327240121,0.0189873443108282,0.00926692210867074,-0.00856067339211681
0.0433776765721827,0.0577909437481005,0.00977914801039755,0.0210305937052427,0.0138925898886347,1.04798478472679,-0.0414425879858392,0.0465189269178674,0.0247135523512223,0.00854107330572534
0.0426088983163435,-0.0401557179043591,-0.0120158617998967,0.00706830596083828,-0.00607861327240121,-0.0414425879858392,0.972523615940312,-0.028850163717501,0.00678844948434274,-0.0114516893129463
-0.0148536119829981,-0.0144056926321976,-0.0507267882556087,0.023981996703306,0.0189873443108282,0.0465189269178674,-0.028850163717501,1.11263080940779,-0.00897419130959711,-0.0451933779210837
-0.0122539553897576,-0.0435281876716289,-0.0515165026496565,0.0450462363936445,0.00926692210867074,0.0247135523512223,0.00678844948434274,-0.00897419130959711,1.03566229506733,-0.0390188330780029
-0.0427094901593955,0.0232996379352582,0.0309976335752402,-0.028123193422932,-0.00856067339211681,0.00854107330572534,-0.0114516893129463,-0.0451933779210837,-0.0390188330780029,1.08822954569508
