"V1","V2","V3","V4","V5","V6","V7","V8","V9","V10"
1.07514783973257,-0.0291597717851402,-0.0316962756179541,-0.0293721935198535,-0.0390503859883578,-0.00518520366846325,0.0222568861783736,-0.00360335375582814,-0.0283310379596342,-0.047621725302603
-0.0291597717851402,0.989436716374814,-0.043318924391164,0.00947157876776474,-0.0166955653534038,-0.0018930719736785,-0.00923921549399344,-0.042012583536814,-0.0326365247112144,-0.0404200500620623
-0.0316962756179541,-0.043318924391164,1.08251174976923,-0.00545800279370541,0.120171283617737,0.0322891921997867,0.00484289492901531,0.0993191888080675,-0.0377002020125251,-0.0126800466809227
-0.0293721935198535,0.00947157876776474,-0.00545800279370541,1.04103645948368,-0.0409784410916016,-0.052782019523498,0.00627332298746537,0.0941801342626954,0.00851109012172229,-0.0166931256603614
-0.0390503859883578,-0.0166955653534038,0.120171283617737,-0.0409784410916016,1.01967607609895,-0.0188041677763935,0.030827367340724,-0.042708669539467,0.00530549475601353,0.0463284537324319
-0.00518520366846325,-0.0018930719736785,0.0322891921997867,-0.052782019523498,-0.0188041677763935,1.06582426862861,-0.00573469808628649,-0.0407076546627623,0.0392982609074383,0.0236483507614958
0.0222568861783736,-0.00923921549399344,0.00484289492901531,0.00627332298746537,0.030827367340724,-0.00573469808628649,1.00842096842102,0.00973504062446169,0.0242087389797304,0.0314569529677166
-0.00360335375582814,-0.042012583536814,0.0993191888080675,0.0941801342626954,-0.042708669539467,-0.0407076546627623,0.00973504062446169,0.977596061985123,-0.0505176467508181,-0.0182298570110572
-0.0283310379596342,-0.0326365247112144,-0.0377002020125251,0.00851109012172229,0.00530549475601353,0.0392982609074383,0.0242087389797304,-0.0505176467508181,0.945610467124786,0.00595593017024017
-0.047621725302603,-0.0404200500620623,-0.0126800466809227,-0.0166931256603614,0.0463284537324319,0.0236483507614958,0.0314569529677166,-0.0182298570110572,0.00595593017024017,0.956444277600927
