"V1","V2","V3","V4","V5","V6","V7","V8","V9","V10"
1.07354250513559,-0.0550341940140863,-0.0313931526015569,0.0533781418355755,-0.0315771015475333,-0.0329690953840132,0.00193485744593823,0.0627136985137478,-0.00303557106212315,-0.0211457910013893
-0.0550341940140863,0.895903729971153,0.00123899447881059,-0.025217786193537,0.00839192157668775,-0.00912665512863287,0.0110069530060376,0.0394980291739835,0.00694668609562643,-0.015799563776714
-0.0313931526015569,0.00123899447881059,1.03579515900393,-0.0232805983267926,0.0546607308711136,0.103279350941343,-0.00821577333033143,-0.0168441684123859,0.0211025522196222,-0.00542427423092225
0.0533781418355755,-0.025217786193537,-0.0232805983267926,0.962544016546213,0.0460499208777356,0.0201121710746786,0.00996309573367361,-0.0214721499887224,0.00341398503280701,0.0531863668963204
-0.0315771015475333,0.00839192157668775,0.0546607308711136,0.0460499208777356,0.999443725514116,-0.0208072107075285,-0.0048183156342213,0.0102006243276861,-0.00929824276414861,-0.0374753182314928
-0.0329690953840132,-0.00912665512863287,0.103279350941343,0.0201121710746786,-0.0208072107075285,0.994359605971759,0.0838443038873137,0.0197790898821811,0.0652413094234882,-0.0360932507099154
0.00193485744593823,0.0110069530060376,-0.00821577333033143,0.00996309573367361,-0.0048183156342213,0.0838443038873137,0.990524989582088,-0.0195330313739889,-0.0372119684128962,0.0128327394443329
0.0627136985137478,0.0394980291739835,-0.0168441684123859,-0.0214721499887224,0.0102006243276861,0.0197790898821811,-0.0195330313739889,0.943444737052052,0.0743903967354888,-0.0112616088010276
-0.00303557106212315,0.00694668609562643,0.0211025522196222,0.00341398503280701,-0.00929824276414861,0.0652413094234882,-0.0372119684128962,0.0743903967354888,1.08826399199856,0.0467469149886211
-0.0211457910013893,-0.015799563776714,-0.00542427423092225,0.0531863668963204,-0.0374753182314928,-0.0360932507099154,0.0128327394443329,-0.0112616088010276,0.0467469149886211,1.01869000263266
