"V1","V2","V3","V4","V5","V6","V7","V8","V9","V10"
1.024107750951,-0.0114519415941019,0.0181040425768586,-0.0294607635232328,-0.020206157641028,0.0393318141373705,0.0387130754643186,-0.0189022767069517,-0.00163490433918199,0.00910898897050676
-0.0114519415941019,0.978367330965312,-0.014514179878568,-0.0453163765659415,0.0924477300345835,-0.0296339039224665,-0.028980891129865,0.00537234948029096,0.0422231509483131,0.0455639041396403
0.0181040425768586,-0.014514179878568,1.01307542195623,0.0416639407029724,-0.0313736165389237,-0.0196013673674936,0.0157456183256761,-0.00569547527240583,0.0148668199835607,0.0243345074106396
-0.0294607635232328,-0.0453163765659415,0.0416639407029724,1.03814213650872,0.0120738644815245,-0.0421052961389321,0.0209506849769234,-0.0197662591940277,0.0523906392825693,0.0369621099478096
-0.020206157641028,0.0924477300345835,-0.0313736165389237,0.0120738644815245,0.944745515092072,-0.0142990347259255,0.0143894821942428,0.00764643183417776,0.0151951782055283,-0.00192437559827019
0.0393318141373705,-0.0296339039224665,-0.0196013673674936,-0.0421052961389321,-0.0142990347259255,1.02321969820282,0.0965330893703616,-0.0187031908108218,-0.0361667813208165,-0.0366282726202717
0.0387130754643186,-0.028980891129865,0.0157456183256761,0.0209506849769234,0.0143894821942428,0.0965330893703616,0.91409238438315,-0.00663977406517704,-0.0212084092127634,0.00237899811530246
-0.0189022767069517,0.00537234948029096,-0.00569547527240583,-0.0197662591940277,0.00764643183417776,-0.0187031908108218,-0.00663977406517704,0.966938491124322,-0.0212764746643821,-0.0655837294750266
-0.00163490433918199,0.0422231509483131,0.0148668199835607,0.0523906392825693,0.0151951782055283,-0.0361667813208165,-0.0212084092127634,-0.0212764746643821,1.0103522158531,0.0637021447044545
0.00910898897050676,0.0455639041396403,0.0243345074106396,0.0369621099478096,-0.00192437559827019,-0.0366282726202717,0.00237899811530246,-0.0655837294750266,0.0637021447044545,0.961476710303272
