"V1","V2","V3","V4","V5","V6","V7","V8","V9","V10"
0.980908516033171,0.00632721312089549,0.0444051336254578,-0.0310460495875555,-0.033297058729149,0.0198201901344764,0.0706112167243988,0.0495023767111225,-0.0161478251184592,-0.00581303440619404
0.00632721312089549,1.01405386651835,-0.0591306359462277,-0.0199126892451139,-0.0316763741067011,-0.0102413155314853,0.0167300842803129,-0.0265928685783432,0.0371742065192797,-0.0610234496220595
0.0444051336254578,-0.0591306359462277,0.953387737032246,-0.0206263345956339,-0.0401133730285488,0.0479520163087794,0.00924890179736435,0.0180501914761252,-0.0184016871455036,0.00565739222485281
-0.0310460495875555,-0.0199126892451139,-0.0206263345956339,1.01182228682386,0.0221488860777794,0.102391966709275,-0.0467240223242666,-0.0139442360514836,0.00419695514700818,-0.0118556986327098
-0.033297058729149,-0.0316763741067011,-0.0401133730285488,0.0221488860777794,0.979048181402475,-0.00561651017739268,0.0409989145671575,-0.0268772262063893,0.0074535553994779,-0.0313679890750279
0.0198201901344764,-0.0102413155314853,0.0479520163087794,0.102391966709275,-0.00561651017739268,1.04623532890233,-0.0407153372500008,-0.0151643880125122,-0.0306669698631715,-0.000182290969678146
0.0706112167243988,0.0167300842803129,0.00924890179736435,-0.0467240223242666,0.0409989145671575,-0.0407153372500008,0.931733311981501,-0.00111484104850321,0.0234684838662271,-0.0231296979692319
0.0495023767111225,-0.0265928685783432,0.0180501914761252,-0.0139442360514836,-0.0268772262063893,-0.0151643880125122,-0.00111484104850321,1.06428691312759,0.00546168853939753,0.00260476397547433
-0.0161478251184592,0.0371742065192797,-0.0184016871455036,0.00419695514700818,0.0074535553994779,-0.0306669698631715,0.0234684838662271,0.00546168853939753,0.991786781727279,-0.00273739365658501
-0.00581303440619404,-0.0610234496220595,0.00565739222485281,-0.0118556986327098,-0.0313679890750279,-0.000182290969678146,-0.0231296979692319,0.00260476397547433,-0.00273739365658501,1.04522280780369
