"V1","V2","V3","V4","V5","V6","V7","V8","V9","V10"
0.993917776175713,0.00234306333993314,-0.00930092917675974,-0.00649100337482974,-0.00699956518161825,0.0547242231379297,0.0123673041274396,0.0155438166375407,-0.00865552791204867,0.0343947333457855
0.00234306333993314,1.07667966601344,0.0280952522222765,-0.012698274980838,-0.0364898693710742,-0.00136026588378032,0.056702293720984,0.0530375824632903,0.0142747753925888,-0.00519522361335006
-0.00930092917675974,0.0280952522222765,1.08567602105684,-0.0072074545038413,0.00943317523994146,0.00523781281875366,-0.0529104777292015,-0.0329695743321021,-0.0306160934751307,0.0513458642841382
-0.00649100337482974,-0.012698274980838,-0.0072074545038413,1.00485259370167,-0.0225121889395424,-0.0464687148714609,0.0126211052121853,0.0469230043616292,0.00711992731217875,0.0568109219923791
-0.00699956518161825,-0.0364898693710742,0.00943317523994146,-0.0225121889395424,1.01536045430818,-0.0138768319967991,-0.0360647855437901,-0.024206462970221,-0.0859063599187811,0.0525929161739432
0.0547242231379297,-0.00136026588378032,0.00523781281875366,-0.0464687148714609,-0.0138768319967991,1.03223829931506,0.0746919565626219,0.0592647963364875,-0.0327366714710236,-0.0398377042009853
0.0123673041274396,0.056702293720984,-0.0529104777292015,0.0126211052121853,-0.0360647855437901,0.0746919565626219,0.900518806319834,0.0197618761569745,-0.049641847839173,-0.00980666867377322
0.0155438166375407,0.0530375824632903,-0.0329695743321021,0.0469230043616292,-0.024206462970221,0.0592647963364875,0.0197618761569745,1.04921331221075,0.0115645053428363,0.0558270281202923
-0.00865552791204867,0.0142747753925888,-0.0306160934751307,0.00711992731217875,-0.0859063599187811,-0.0327366714710236,-0.049641847839173,0.0115645053428363,1.0638889538826,0.000896784251205195
0.0343947333457855,-0.00519522361335006,0.0513458642841382,0.0568109219923791,0.0525929161739432,-0.0398377042009853,-0.00980666867377322,0.0558270281202923,0.000896784251205195,0.978462520808441
