"V1","V2","V3","V4","V5","V6","V7","V8","V9","V10"
0.997260736156257,-0.0525618024561903,-0.00162935161162046,-0.0134749604466693,-0.030478244354897,0.0517316500922428,-0.0173552255418639,-0.022459014855839,0.00601219970269093,-0.00653248613680544
-0.0525618024561903,0.965634861499937,0.0210421118801565,-0.0267294686795454,0.00637811911566069,-0.00862473812648447,-0.0436893744804472,-0.0166780271505393,-0.0412160847549856,0.0595497372892722
-0.00162935161162046,0.0210421118801565,0.970074840509818,-0.0382638069805816,-0.0247834080332217,0.0444787526960045,-0.0577244450007788,-0.0522843152337901,0.0306069039070361,-0.0305755687521075
-0.0134749604466693,-0.0267294686795454,-0.0382638069805816,1.10808846392593,0.0270028101121619,0.00126367521954411,-0.0115848974228723,-0.0221554809782581,0.0417533767436905,-0.0388092065870854
-0.030478244354897,0.00637811911566069,-0.0247834080332217,0.0270028101121619,0.972786971950818,-0.0364951586761112,-0.0210895793484256,-0.0166501857504128,0.020489393815833,-0.0557758665990149
0.0517316500922428,-0.00862473812648447,0.0444787526960045,0.00126367521954411,-0.0364951586761112,1.07995688322708,-0.0197443095378624,-0.0125587870339829,-0.123200328745078,0.00997609212290611
-0.0173552255418639,-0.0436893744804472,-0.0577244450007788,-0.0115848974228723,-0.0210895793484256,-0.0197443095378624,1.02849237973358,0.0364981101566907,0.00290498487944754,0.0491459794869892
-0.022459014855839,-0.0166780271505393,-0.0522843152337901,-0.0221554809782581,-0.0166501857504128,-0.0125587870339829,0.0364981101566907,1.06991703815417,0.0573916871057052,-0.00789150525048795
0.00601219970269093,-0.0412160847549856,0.0306069039070361,0.0417533767436905,0.020489393815833,-0.123200328745078,0.00290498487944754,0.0573916871057052,0.99368939213423,-0.0629741744032798
-0.00653248613680544,0.0595497372892722,-0.0305755687521075,-0.0388092065870854,-0.0557758665990149,0.00997609212290611,0.0491459794869892,-0.00789150525048795,-0.0629741744032798,0.948207917444717
