"V1","V2","V3","V4","V5","V6","V7","V8","V9","V10"
1.02104246394801,-0.0235554438589448,-0.00590287874026612,-0.0383634002615112,0.0142494069136498,-0.00522060936004423,0.0173735543323121,-0.0041881507171944,-0.0152944517709235,0.00287872674175096
-0.0235554438589448,1.05563721454973,0.0179267243559168,-0.0291888578551703,-0.0566338341527618,-0.00296196344690809,0.0237172937635885,-0.0278635769836198,-0.00349802645438451,-0.0224207435735374
-0.00590287874026612,0.0179267243559168,0.961865593221974,-0.0726236079745613,0.0497594569501764,0.0313983586564719,-0.00685348447727622,-0.0182433891890155,0.017127772058778,-0.00365847960288627
-0.0383634002615112,-0.0291888578551703,-0.0726236079745613,1.0315015424668,-0.00471194582041109,-0.0030285984850392,0.0716130071726764,-0.0117061757659584,0.0265340357460817,0.0062870510364883
0.0142494069136498,-0.0566338341527618,0.0497594569501764,-0.00471194582041109,0.956737977323581,0.104519907395595,-0.00261356012460889,-0.0257213390271352,0.028222436210112,0.0256995103450922
-0.00522060936004423,-0.00296196344690809,0.0313983586564719,-0.0030285984850392,0.104519907395595,0.943082217151544,-0.0103348974361979,0.00895095202353384,0.0423402414613165,0.0344519758407857
0.0173735543323121,0.0237172937635885,-0.00685348447727622,0.0716130071726764,-0.00261356012460889,-0.0103348974361979,0.960343083754788,-0.00489278383901323,0.0207330245658194,0.0237331166003829
-0.0041881507171944,-0.0278635769836198,-0.0182433891890155,-0.0117061757659584,-0.0257213390271352,0.00895095202353384,-0.00489278383901323,0.999302834665987,0.00989721554154264,-0.0337675728888357
-0.0152944517709235,-0.00349802645438451,0.017127772058778,0.0265340357460817,0.028222436210112,0.0423402414613165,0.0207330245658194,0.00989721554154264,0.975675710341748,-0.0590363550890292
0.00287872674175096,-0.0224207435735374,-0.00365847960288627,0.0062870510364883,0.0256995103450922,0.0344519758407857,0.0237331166003829,-0.0337675728888357,-0.0590363550890292,0.957499702524946
