"V1","V2","V3","V4","V5","V6","V7","V8","V9","V10"
0.947782460526628,0.0204160149434028,-0.000654031650612299,0.0220369160387902,0.00496750961513322,0.0144134950295931,-0.0282578005613856,0.0168249094221188,0.0570702529933733,-0.0159293875125462
0.0204160149434028,0.933043933084043,-0.00724891993372996,-0.038834352027781,-0.0321039206740443,-0.0365011660629016,-0.0561766842156487,-0.0295146076833089,0.066907450596679,-0.0827447972423222
-0.000654031650612299,-0.00724891993372996,0.965698228941492,0.00491924312467878,-0.0051065068202424,0.0588119743731635,0.00776445938839297,-0.00277380428576006,-0.00625319038898339,0.0349146698099984
0.0220369160387902,-0.038834352027781,0.00491924312467878,1.01551504116782,0.0213424768992014,-0.017231395559889,-0.0252318282979732,-0.0287103101599412,-0.0510565195686195,-0.0390925428160688
0.00496750961513322,-0.0321039206740443,-0.0051065068202424,0.0213424768992014,1.0276206793698,-0.000995904062029271,-0.00707257062902488,-0.0306637006513511,0.00123435050632877,-0.0429859675729036
0.0144134950295931,-0.0365011660629016,0.0588119743731635,-0.017231395559889,-0.000995904062029271,0.921622912301998,-0.0380493885736928,0.01053527688384,-0.0117314485404423,0.014754907778983
-0.0282578005613856,-0.0561766842156487,0.00776445938839297,-0.0252318282979732,-0.00707257062902488,-0.0380493885736928,1.02020303457093,-0.0192680362668986,-0.00416490092430366,-0.0317033288413401
0.0168249094221188,-0.0295146076833089,-0.00277380428576006,-0.0287103101599412,-0.0306637006513511,0.01053527688384,-0.0192680362668986,0.971280193881152,-0.0275332257471215,-0.0154301855312822
0.0570702529933733,0.066907450596679,-0.00625319038898339,-0.0510565195686195,0.00123435050632877,-0.0117314485404423,-0.00416490092430366,-0.0275332257471215,0.97818958673149,-0.0216691638233086
-0.0159293875125462,-0.0827447972423222,0.0349146698099984,-0.0390925428160688,-0.0429859675729036,0.014754907778983,-0.0317033288413401,-0.0154301855312822,-0.0216691638233086,0.989881008082188
