"V1","V2","V3","V4","V5","V6","V7","V8","V9","V10"
0.948964385432741,0.0181221161913834,0.0436979845615314,0.0340803426306418,0.0308774421791343,0.00953220471693707,-0.0272400524067739,0.0287514576873012,-0.010071674869915,0.0492440775304063
0.0181221161913834,0.979470435206479,0.0327666802164352,-0.0109547355919928,-0.0188814456217376,-0.0462233766055836,-0.00245816437951416,-0.00856192142942503,0.0105711412719788,-0.0120159870239585
0.0436979845615314,0.0327666802164352,1.01503415843506,0.0202248192570639,0.0307028356025203,-0.0246685123233979,0.0049114227198175,-0.0352029358799525,-0.0443064723384884,-0.0311977899607323
0.0340803426306418,-0.0109547355919928,0.0202248192570639,1.01766415004187,0.106374098145639,-0.0768362896891598,-0.0144433658796323,-0.0531761960550135,0.0628733919108093,0.0531095651835526
0.0308774421791343,-0.0188814456217376,0.0307028356025203,0.106374098145639,1.01348093252216,0.0275587002607759,0.036566518991648,0.0291020685240041,-0.0594939299573308,-0.0420796557413079
0.00953220471693707,-0.0462233766055836,-0.0246685123233979,-0.0768362896891598,0.0275587002607759,0.918362683193216,0.0299913775523023,0.0286108199405704,0.0622941325585123,0.0403072349246102
-0.0272400524067739,-0.00245816437951416,0.0049114227198175,-0.0144433658796323,0.036566518991648,0.0299913775523023,0.951313693928939,0.0374789048626708,-0.0293326212882499,0.000710381434945386
0.0287514576873012,-0.00856192142942503,-0.0352029358799525,-0.0531761960550135,0.0291020685240041,0.0286108199405704,0.0374789048626708,1.00891459042983,-0.0399623400904455,-0.018194384267261
-0.010071674869915,0.0105711412719788,-0.0443064723384884,0.0628733919108093,-0.0594939299573308,0.0622941325585123,-0.0293326212882499,-0.0399623400904455,1.12093434097414,-0.107358312424272
0.0492440775304063,-0.0120159870239585,-0.0311977899607323,0.0531095651835526,-0.0420796557413079,0.0403072349246102,0.000710381434945386,-0.018194384267261,-0.107358312424272,1.08100254339622
