"V1","V2","V3","V4","V5","V6","V7","V8","V9","V10"
1.02981902690008,0.000273896219814628,-0.0403514222405771,0.00136537017564934,0.0114365706515701,-0.0111615416779727,-0.00435989716639237,-0.0323479003866841,-0.00223801267097098,0.062885522552622
0.000273896219814628,1.0977781759047,-0.00234126058719358,-0.0403022420200032,-0.0266484821934152,-0.0106862789284187,-0.0118138009423024,0.00176436023494989,0.0292156651951199,-0.0424614172404864
-0.0403514222405771,-0.00234126058719358,1.02809466677825,-0.0167514454263443,-0.0330945885406429,-0.00997263616555332,-0.0251399885908917,0.0185758332755957,-0.0347393331457602,-0.0034051425370515
0.00136537017564934,-0.0403022420200032,-0.0167514454263443,1.02851254968269,-0.0562728195342718,-0.0163264353965899,-0.00999688969998309,-0.0266608929564476,-0.0605084752738704,-0.00307312049437694
0.0114365706515701,-0.0266484821934152,-0.0330945885406429,-0.0562728195342718,1.08429306985983,0.0500771859736821,-0.0113345898945078,-0.0633911156956147,-0.0265157939705146,0.0343940540088054
-0.0111615416779727,-0.0106862789284187,-0.00997263616555332,-0.0163264353965899,0.0500771859736821,0.916700071624844,0.00577983264853397,-0.0370862841244285,-0.0451596155048787,-0.0322278310644654
-0.00435989716639237,-0.0118138009423024,-0.0251399885908917,-0.00999688969998309,-0.0113345898945078,0.00577983264853397,0.979474863423807,-0.0457284505635014,0.0305615866486021,-0.0410742359352632
-0.0323479003866841,0.00176436023494989,0.0185758332755957,-0.0266608929564476,-0.0633911156956147,-0.0370862841244285,-0.0457284505635014,1.04471615477347,0.0517206061998871,0.0181068996944522
-0.00223801267097098,0.0292156651951199,-0.0347393331457602,-0.0605084752738704,-0.0265157939705146,-0.0451596155048787,0.0305615866486021,0.0517206061998871,0.971079839069705,-0.0201060131927739
0.062885522552622,-0.0424614172404864,-0.0034051425370515,-0.00307312049437694,0.0343940540088054,-0.0322278310644654,-0.0410742359352632,0.0181068996944522,-0.0201060131927739,0.966194563896299
