"V1","V2","V3","V4","V5","V6","V7","V8","V9","V10"
0.985235288775462,-0.0458800301070633,0.0174016683556504,0.000791499709297398,0.0728612608607024,-0.0107084975850799,0.0735199964358163,-0.0272746047331898,0.0167928119373977,0.0303890987473542
-0.0458800301070633,0.898607804307486,-0.00732831455085224,0.0346475075982703,-0.0157346039734685,-0.00732220109470326,-0.0123507323117917,0.0357585456790946,-0.0110631897077721,-0.00788626680602581
0.0174016683556504,-0.00732831455085224,1.04210819831425,0.0195177643005274,-0.0267289094958118,-0.0198093306175309,-0.0238650954195365,-0.00753476863487473,0.0365092857272993,0.0102065281060111
0.000791499709297398,0.0346475075982703,0.0195177643005274,0.961111999731361,-0.0400160463457999,0.0246287051241878,-0.00676540564916065,0.0263233514645469,0.00167502439296589,0.0129222745805567
0.0728612608607024,-0.0157346039734685,-0.0267289094958118,-0.0400160463457999,0.905053751061202,0.0433505514731875,0.0363335358399866,0.0194671709173744,0.0626685931307134,-0.0407529296114964
-0.0107084975850799,-0.00732220109470326,-0.0198093306175309,0.0246287051241878,0.0433505514731875,1.05832576844444,0.0315304778480598,-0.0614945477870081,0.0230996495614407,0.0767893712251214
0.0735199964358163,-0.0123507323117917,-0.0238650954195365,-0.00676540564916065,0.0363335358399866,0.0315304778480598,0.993846570983665,0.00738006204551487,-0.00253642053876126,0.00749895620524833
-0.0272746047331898,0.0357585456790946,-0.00753476863487473,0.0263233514645469,0.0194671709173744,-0.0614945477870081,0.00738006204551487,1.07775142877307,0.0176359696689133,-0.0207608308124057
0.0167928119373977,-0.0110631897077721,0.0365092857272993,0.00167502439296589,0.0626685931307134,0.0230996495614407,-0.00253642053876126,0.0176359696689133,0.997337219038849,0.00936689749216082
0.0303890987473542,-0.00788626680602581,0.0102065281060111,0.0129222745805567,-0.0407529296114964,0.0767893712251214,0.00749895620524833,-0.0207608308124057,0.00936689749216082,1.00014483700861
