"V1","V2","V3","V4","V5","V6","V7","V8","V9","V10"
1.02359879154646,-0.054914668890998,0.0400706598355588,-0.0603827458958494,-0.0255758784685393,-0.0207956657737346,0.0164027228956156,0.0297419577841944,0.00186855706584432,0.0592211268489512
-0.054914668890998,1.13322959269552,-0.00871125057044986,-0.0372322608070401,-0.0170861836557453,0.0457941563900866,0.00913139621833304,-0.0119435983551731,0.00705835613546474,0.0128140524606528
0.0400706598355588,-0.00871125057044986,0.954567479816713,0.0128899292149867,0.0371844133547153,0.00212022667512135,-0.00886429686522295,0.00815523598265277,0.0615931282084143,-0.0165118648771253
-0.0603827458958494,-0.0372322608070401,0.0128899292149867,0.992517731586797,0.000467656440156898,0.0256571831756295,0.025086962907279,0.0397541413639873,-0.00136869576960178,-0.0492626449654771
-0.0255758784685393,-0.0170861836557453,0.0371844133547153,0.000467656440156898,1.03743347528421,0.0577686654935931,0.0167975423066257,-0.0390928517839016,0.0216872934630362,-0.0678256390566669
-0.0207956657737346,0.0457941563900866,0.00212022667512135,0.0256571831756295,0.0577686654935931,0.997123640029875,0.0165705758395361,0.0339038961851596,0.0243723018149498,-0.0489489970867854
0.0164027228956156,0.00913139621833304,-0.00886429686522295,0.025086962907279,0.0167975423066257,0.0165705758395361,0.916177836263011,-0.004799441656046,-0.0222108109987167,-0.0203880184872142
0.0297419577841944,-0.0119435983551731,0.00815523598265277,0.0397541413639873,-0.0390928517839016,0.0339038961851596,-0.004799441656046,1.02185698522274,-0.00353171974670006,-0.0233671647046717
0.00186855706584432,0.00705835613546474,0.0615931282084143,-0.00136869576960178,0.0216872934630362,0.0243723018149498,-0.0222108109987167,-0.00353171974670006,1.03589104341527,0.0576772656410586
0.0592211268489512,0.0128140524606528,-0.0165118648771253,-0.0492626449654771,-0.0678256390566669,-0.0489489970867854,-0.0203880184872142,-0.0233671647046717,0.0576772656410586,1.0184355562122
