"V1","V2","V3","V4","V5","V6","V7","V8","V9","V10"
0.957675422161795,0.00211067259437623,-0.0234385583610766,-0.0350961522028455,0.0208855605049526,-0.0185820259312021,-0.0140501518636047,0.0238320078949732,0.00912445176375163,0.0248659290377004
0.00211067259437623,0.937104383516284,0.040645713313671,0.00722463142599642,0.0189665522510139,0.00919694861029713,-0.00487889659026104,-0.00202297884369159,-0.0422061350066888,0.0137989648289505
-0.0234385583610766,0.040645713313671,1.02324817668307,-0.0129382855710888,-0.0072780689026442,-0.0506857660184062,0.0363093071325018,-0.0103341442259001,0.0554910586877581,0.000577081000558122
-0.0350961522028455,0.00722463142599642,-0.0129382855710888,1.03108453761993,0.0358304737502142,0.0726993441908775,-0.019133162469529,-0.000996857752660237,0.0290227148559936,0.0710245880256945
0.0208855605049526,0.0189665522510139,-0.0072780689026442,0.0358304737502142,0.940361100719962,-0.0590603446070234,-0.016318013960939,-0.0695742607829835,0.00582169377594929,0.021695829831935
-0.0185820259312021,0.00919694861029713,-0.0506857660184062,0.0726993441908775,-0.0590603446070234,0.947674408629677,0.010700195037301,0.0424118342196565,0.0131322977219943,0.0130909687339673
-0.0140501518636047,-0.00487889659026104,0.0363093071325018,-0.019133162469529,-0.016318013960939,0.010700195037301,1.0031361885182,0.0547778575482169,0.0282878000968323,-0.0135058370293349
0.0238320078949732,-0.00202297884369159,-0.0103341442259001,-0.000996857752660237,-0.0695742607829835,0.0424118342196565,0.0547778575482169,0.899779068877222,-0.0239289938748405,0.0065427792757064
0.00912445176375163,-0.0422061350066888,0.0554910586877581,0.0290227148559936,0.00582169377594929,0.0131322977219943,0.0282878000968323,-0.0239289938748405,1.08369652234688,-0.0478242921416732
0.0248659290377004,0.0137989648289505,0.000577081000558122,0.0710245880256945,0.021695829831935,0.0130909687339673,-0.0135058370293349,0.0065427792757064,-0.0478242921416732,0.98033065048837
