"V1","V2","V3","V4","V5","V6","V7","V8","V9","V10"
0.96295612801602,0.0299903691901879,0.0486095890609616,-0.0538153879407836,-0.0187332310040114,-0.0130639625716537,0.0517225580375104,-0.0426430394995719,0.0348548750900785,0.0104926722567817
0.0299903691901879,1.03382330613645,-0.0528405791109529,-0.0611525268089047,-0.0648169769840419,-0.0359261714971215,0.0436478942649422,0.0194621012544271,0.012044538725748,-0.0134599118740351
0.0486095890609616,-0.0528405791109529,0.906387548606826,-0.0421649935705372,-0.0167772115237418,0.07295474703289,0.0363527377383512,-0.00284374714472342,0.0404191678926667,0.00945531367045644
-0.0538153879407836,-0.0611525268089047,-0.0421649935705372,0.993319775110272,-0.0309709272876022,-0.0133309378790556,-0.083301492233335,-0.0151626423724381,-0.0243131725497775,-0.0151945865158447
-0.0187332310040114,-0.0648169769840419,-0.0167772115237418,-0.0309709272876022,0.972960400327919,-0.0200630766614614,0.0374796894390894,-0.0190988361594349,0.049254490206073,0.0425450995502189
-0.0130639625716537,-0.0359261714971215,0.07295474703289,-0.0133309378790556,-0.0200630766614614,0.936894419078947,-0.00233976762501587,0.0170488274850475,0.0706912364149422,0.0425246527323323
0.0517225580375104,0.0436478942649422,0.0363527377383512,-0.083301492233335,0.0374796894390894,-0.00233976762501587,1.00536210730329,0.0982634480306175,0.0321849589648094,0.0168949397825146
-0.0426430394995719,0.0194621012544271,-0.00284374714472342,-0.0151626423724381,-0.0190988361594349,0.0170488274850475,0.0982634480306175,1.01072938095657,-0.00663400147819455,-0.00949690359646287
0.0348548750900785,0.012044538725748,0.0404191678926667,-0.0243131725497775,0.049254490206073,0.0706912364149422,0.0321849589648094,-0.00663400147819455,0.947369170448387,0.00839267094791131
0.0104926722567817,-0.0134599118740351,0.00945531367045644,-0.0151945865158447,0.0425450995502189,0.0425246527323323,0.0168949397825146,-0.00949690359646287,0.00839267094791131,1.01940634236339
