"V1","V2","V3","V4","V5","V6","V7","V8","V9","V10"
0.897120641723105,0.0176882008193645,-0.0311323542186255,-0.0501244716969302,0.0661200993263172,-0.0287758128844134,-0.027207167627072,-0.0787271589903383,0.0138642583585544,0.0566691827777471
0.0176882008193645,1.00116436949387,-0.0127344736823194,0.00841133950353451,-0.0455956087219164,0.0107219718616309,-0.0306510219503931,0.00276636043517779,-0.0221610232401173,0.00676597832295843
-0.0311323542186255,-0.0127344736823194,0.931630916744125,-0.0426226886031998,-0.00575028727790487,-0.103118159659696,0.00706075437102594,0.0080797419797447,0.0504440440459578,0.0484506498400945
-0.0501244716969302,0.00841133950353451,-0.0426226886031998,1.00555951372192,0.045844959356456,0.0449584942367768,-0.0680450590128816,0.030181377834904,-0.0108302906010473,0.000282784174498182
0.0661200993263172,-0.0455956087219164,-0.00575028727790487,0.045844959356456,1.01830271246795,-0.003969235161446,-0.0349963412081426,-0.00820346861859425,-0.0600132448330677,0.000490675745180969
-0.0287758128844134,0.0107219718616309,-0.103118159659696,0.0449584942367768,-0.003969235161446,0.968641784563013,0.0187642482704027,-0.00115603996821651,-0.0105756982212689,-0.0114106801609775
-0.027207167627072,-0.0306510219503931,0.00706075437102594,-0.0680450590128816,-0.0349963412081426,0.0187642482704027,0.998058738131714,-0.023821735694337,0.00557649798047528,-0.02703047129938
-0.0787271589903383,0.00276636043517779,0.0080797419797447,0.030181377834904,-0.00820346861859425,-0.00115603996821651,-0.023821735694337,0.971405733237966,0.0165909043279253,-0.0333983312816707
0.0138642583585544,-0.0221610232401173,0.0504440440459578,-0.0108302906010473,-0.0600132448330677,-0.0105756982212689,0.00557649798047528,0.0165909043279253,0.961034388160253,0.0264141625832143
0.0566691827777471,0.00676597832295843,0.0484506498400945,0.000282784174498182,0.000490675745180969,-0.0114106801609775,-0.02703047129938,-0.0333983312816707,0.0264141625832143,1.07738238573039
