"V1","V2","V3","V4","V5","V6","V7","V8","V9","V10"
0.944386007015451,-0.0450414409482327,-0.0176876221366703,0.0194037340359713,-0.00772572395416724,0.00770513437561869,-0.0531744698183664,-0.00472305573543793,0.0218438151908651,0.0172500749389889
-0.0450414409482327,0.991222183665664,-0.0114695400262071,-0.0266328496292881,-0.039088897898562,-0.00543164812749363,-0.0170661802334759,-0.040563742385068,0.0248126084272947,0.0278157695207163
-0.0176876221366703,-0.0114695400262071,0.946358366555683,-0.0131411562642956,0.0702750714290932,0.058976081151953,-0.0101133473159393,0.00557907466151124,0.073491262986021,-0.0117382655695797
0.0194037340359713,-0.0266328496292881,-0.0131411562642956,1.01725588461146,-0.0189879067822113,0.00834997900234338,-0.0168563887562943,0.0250263942664308,0.0808439168634088,-0.0117493586867792
-0.00772572395416724,-0.039088897898562,0.0702750714290932,-0.0189879067822113,0.994872348636834,0.012721610240737,0.0647651280978266,0.0704200591678317,0.00978109399308054,-0.0326584315692794
0.00770513437561869,-0.00543164812749363,0.058976081151953,0.00834997900234338,0.012721610240737,1.02758325000779,-0.0446178991608869,0.0450969955379536,0.0346158862593316,0.0625918746881968
-0.0531744698183664,-0.0170661802334759,-0.0101133473159393,-0.0168563887562943,0.0647651280978266,-0.0446178991608869,0.971767799823658,0.0645815730741428,0.0453534387215822,0.0160178300387776
-0.00472305573543793,-0.040563742385068,0.00557907466151124,0.0250263942664308,0.0704200591678317,0.0450969955379536,0.0645815730741428,0.933254101388583,0.0105606718659006,0.0480409566704538
0.0218438151908651,0.0248126084272947,0.073491262986021,0.0808439168634088,0.00978109399308054,0.0346158862593316,0.0453534387215822,0.0105606718659006,1.00339129761466,-0.010070370776867
0.0172500749389889,0.0278157695207163,-0.0117382655695797,-0.0117493586867792,-0.0326584315692794,0.0625918746881968,0.0160178300387776,0.0480409566704538,-0.010070370776867,0.945684355123802
