"V1","V2","V3","V4","V5","V6","V7","V8","V9","V10"
0.973982892363532,-0.0219351766816231,0.0147223569855768,0.00110413085288638,0.00108027498414273,0.0135097704029261,0.00999521448626928,-0.0199681390638455,0.0265413410387248,-0.0213332435006251
-0.0219351766816231,0.972320903674806,-0.0157234662547618,0.0217651393443057,-0.0387946596012228,0.0371875863980737,-0.00388943097994639,-0.0178580345773157,-0.00520021517790567,-0.00438264262665914
0.0147223569855768,-0.0157234662547618,0.989619449099145,-0.0331598104350213,-0.0222546278278993,0.0115254838321388,0.0365798530219646,-0.0153234629681354,-0.0275206839740026,0.00191281180893817
0.00110413085288638,0.0217651393443057,-0.0331598104350213,1.02177326436686,0.0554605597609653,-0.0187255515560185,0.0186168727908697,-0.0358742324683868,0.0339718655897847,-0.00900337920699648
0.00108027498414273,-0.0387946596012228,-0.0222546278278993,0.0554605597609653,0.947444991703505,-0.0273427421243125,-0.0939124314260068,0.0578857059452426,-0.0424704201829067,0.0206369228075662
0.0135097704029261,0.0371875863980737,0.0115254838321388,-0.0187255515560185,-0.0273427421243125,1.02399686621636,-0.0209761782525253,-0.0123571694474785,0.00418878629738122,-0.00899154874217741
0.00999521448626928,-0.00388943097994639,0.0365798530219646,0.0186168727908697,-0.0939124314260068,-0.0209761782525253,1.01401782503448,-0.0927699000872374,0.00372311783867216,-0.0323301256440739
-0.0199681390638455,-0.0178580345773157,-0.0153234629681354,-0.0358742324683868,0.0578857059452426,-0.0123571694474785,-0.0927699000872374,1.05863530768418,0.0240566042442959,0.0178196735873794
0.0265413410387248,-0.00520021517790567,-0.0275206839740026,0.0339718655897847,-0.0424704201829067,0.00418878629738122,0.00372311783867216,0.0240566042442959,0.988517428121886,-0.0152435190677319
-0.0213332435006251,-0.00438264262665914,0.00191281180893817,-0.00900337920699648,0.0206369228075662,-0.00899154874217741,-0.0323301256440739,0.0178196735873794,-0.0152435190677319,0.971758430268074
