"V1","V2","V3","V4","V5","V6","V7","V8","V9","V10"
1.02705041541882,0.0155783871612459,0.0150793952164721,-0.0278632362062981,0.0484418537681621,-0.0365471681974933,-0.0256696127372256,0.0101708659954244,-0.0115423025034493,-0.0683855722252392
0.0155783871612459,1.02576003327305,-0.0387854252699391,0.00653940754856842,-0.0515519840927257,0.00855533954845245,0.0271964030875673,-0.0165964935777764,-0.00278208891349989,-0.0254630599906902
0.0150793952164721,-0.0387854252699391,0.960630798704076,0.0346327494060302,0.0456726393674329,-0.0219929284541187,0.022519811518078,0.00861864730030737,0.0100645826249696,0.00162403482971507
-0.0278632362062981,0.00653940754856842,0.0346327494060302,0.977482208200501,0.0092301454422083,0.00793578548845081,0.0243759091966035,0.00199498839245562,0.0888106816513538,0.0345122441545056
0.0484418537681621,-0.0515519840927257,0.0456726393674329,0.0092301454422083,0.95217618923162,0.00533762004380461,0.00200940584532911,-0.0361537135268586,0.00512583150860751,-0.0444375119737921
-0.0365471681974933,0.00855533954845245,-0.0219929284541187,0.00793578548845081,0.00533762004380461,1.00348252408529,0.0225447107063683,-0.0551818611962722,0.0379821978179196,-0.0261247327818795
-0.0256696127372256,0.0271964030875673,0.022519811518078,0.0243759091966035,0.00200940584532911,0.0225447107063683,1.05536922075275,-0.0195982954938551,-0.0278891004445194,0.00724920327623324
0.0101708659954244,-0.0165964935777764,0.00861864730030737,0.00199498839245562,-0.0361537135268586,-0.0551818611962722,-0.0195982954938551,0.995993963945743,0.0211526096485239,0.023330451916622
-0.0115423025034493,-0.00278208891349989,0.0100645826249696,0.0888106816513538,0.00512583150860751,0.0379821978179196,-0.0278891004445194,0.0211526096485239,1.04305040784383,0.0165586816903719
-0.0683855722252392,-0.0254630599906902,0.00162403482971507,0.0345122441545056,-0.0444375119737921,-0.0261247327818795,0.00724920327623324,0.023330451916622,0.0165586816903719,0.997685110773843
