"V1","V2","V3","V4","V5","V6","V7","V8","V9","V10"
0.964810649295578,-0.00736916916244328,-0.0284682671812571,0.0418044196399971,0.00350214178658462,0.00721184361495531,0.0147775742631209,0.0220332992787235,-0.00882561943956309,-0.0461705813986515
-0.00736916916244328,1.04738143962415,-0.00610256255120818,0.0572906489255001,-0.0267063742246691,-0.0257865371006544,0.00691059019697596,-0.0212532142682888,0.0328974322833438,0.040257010597882
-0.0284682671812571,-0.00610256255120818,1.13717410102083,-0.0120298717998534,0.0137187253168925,0.000875733658821192,-0.0201258788417943,-0.0516437090643376,-0.0145605636402214,-0.0190709383694784
0.0418044196399971,0.0572906489255001,-0.0120298717998534,0.990373972232558,0.015796694525833,-0.0143541706435586,-0.032523464862231,-0.0386806076567194,-0.0313897773891661,-0.0237039465194982
0.00350214178658462,-0.0267063742246691,0.0137187253168925,0.015796694525833,0.978103211696833,-0.0252995583210478,-0.00789405307265587,0.0318986016269132,-0.00611170124014768,-0.0135575671392751
0.00721184361495531,-0.0257865371006544,0.000875733658821192,-0.0143541706435586,-0.0252995583210478,1.01222363602763,0.00268811311217088,0.0236538155398967,-0.0192259194157851,-0.0201261960614364
0.0147775742631209,0.00691059019697596,-0.0201258788417943,-0.032523464862231,-0.00789405307265587,0.00268811311217088,1.00067748733405,0.0155233672464746,0.0542814306243312,0.00586536650236998
0.0220332992787235,-0.0212532142682888,-0.0516437090643376,-0.0386806076567194,0.0318986016269132,0.0236538155398967,0.0155233672464746,0.979835722883838,0.0247394366622516,-0.0216241947841099
-0.00882561943956309,0.0328974322833438,-0.0145605636402214,-0.0313897773891661,-0.00611170124014768,-0.0192259194157851,0.0542814306243312,0.0247394366622516,0.922298240566633,0.0367652738323032
-0.0461705813986515,0.040257010597882,-0.0190709383694784,-0.0237039465194982,-0.0135575671392751,-0.0201261960614364,0.00586536650236998,-0.0216241947841099,0.0367652738323032,0.918762046634174
