"V1","V2","V3","V4","V5","V6","V7","V8","V9","V10"
1.02126342239983,0.00855725351059183,0.0131474904270313,0.0267893739522185,0.0133965934290392,-0.031525196053978,-0.00323908002757256,-0.0125765070434464,-0.00759228967492653,-0.0331426263049199
0.00855725351059183,1.10627600857741,0.0296337725706955,0.0110467213855965,-0.0262002875970562,-0.0214763881302521,0.0378356718129853,0.042354092005197,0.0109311454050033,-0.0137431575836493
0.0131474904270313,0.0296337725706955,0.998906430326125,-0.00842473264680911,0.0375098659072086,-0.0308291607911612,0.00195089514244645,-0.0174292232672943,0.0113375392883795,0.0373956666906751
0.0267893739522185,0.0110467213855965,-0.00842473264680911,0.967702816021992,0.0386717560135739,-0.0594747266983554,0.0228386951681204,0.0302837715917182,-0.0127358727729868,0.0359702201351663
0.0133965934290392,-0.0262002875970562,0.0375098659072086,0.0386717560135739,1.01932236957433,-0.0109851767169937,0.0156767585741281,-0.0125439863561782,0.00834488650122328,0.0335629423390425
-0.031525196053978,-0.0214763881302521,-0.0308291607911612,-0.0594747266983554,-0.0109851767169937,1.00300533212004,-0.0336205374915771,0.0294775224847494,-0.0158571226726644,-0.013001712065333
-0.00323908002757256,0.0378356718129853,0.00195089514244645,0.0228386951681204,0.0156767585741281,-0.0336205374915771,1.03444163095836,-0.0633963100072052,0.0209988455783818,0.00265439963854161
-0.0125765070434464,0.042354092005197,-0.0174292232672943,0.0302837715917182,-0.0125439863561782,0.0294775224847494,-0.0633963100072052,0.954391665852129,-0.0252787294864211,0.0128292982179378
-0.00759228967492653,0.0109311454050033,0.0113375392883795,-0.0127358727729868,0.00834488650122328,-0.0158571226726644,0.0209988455783818,-0.0252787294864211,1.06461370103217,-0.0383314684755023
-0.0331426263049199,-0.0137431575836493,0.0373956666906751,0.0359702201351663,0.0335629423390425,-0.013001712065333,0.00265439963854161,0.0128292982179378,-0.0383314684755023,1.04175020292438
