"V1","V2","V3","V4","V5","V6","V7","V8","V9","V10"
0.999056003266459,0.0185214465021058,-0.0331891147752381,-0.0500073833730331,-0.0175232061256558,0.0122901662010606,-0.0694466257787501,-0.0268126312122846,-0.0276115605970739,-0.0398970288100162
0.0185214465021058,0.879084265841611,-0.0160001987706575,0.0158344712199744,-0.00912542361745318,0.0576567139778945,0.038993427609663,-0.0169541404434731,-0.00562060717332496,0.00713644149846642
-0.0331891147752381,-0.0160001987706575,1.07686142284832,0.027158847739627,-0.0505124749194417,-0.0336717718179097,0.0375576458434757,0.0293547506024373,-0.011690440388781,0.0185985832395181
-0.0500073833730331,0.0158344712199744,0.027158847739627,1.03345972587084,-0.0192527899274966,0.0258610761476658,-0.00932638789795677,0.033752556720502,0.0394927086754342,0.0145076772946859
-0.0175232061256558,-0.00912542361745318,-0.0505124749194417,-0.0192527899274966,0.940561190821282,-0.0200242629111662,0.0027152264255808,-0.010592673300376,-0.0138220452956176,-0.0168118491008269
0.0122901662010606,0.0576567139778945,-0.0336717718179097,0.0258610761476658,-0.0200242629111662,1.05683488920454,0.00960584110071949,-0.0327827300819442,-0.021899420556067,-0.0329598274576699
-0.0694466257787501,0.038993427609663,0.0375576458434757,-0.00932638789795677,0.0027152264255808,0.00960584110071949,0.97764589831979,-0.0322816806396677,-0.0099717460522944,-0.015406062485135
-0.0268126312122846,-0.0169541404434731,0.0293547506024373,0.033752556720502,-0.010592673300376,-0.0327827300819442,-0.0322816806396677,0.983496288153092,-0.0437870124087031,-0.0437997762500758
-0.0276115605970739,-0.00562060717332496,-0.011690440388781,0.0394927086754342,-0.0138220452956176,-0.021899420556067,-0.0099717460522944,-0.0437870124087031,1.0330760527031,-0.019708989278602
-0.0398970288100162,0.00713644149846642,0.0185985832395181,0.0145076772946859,-0.0168118491008269,-0.0329598274576699,-0.015406062485135,-0.0437997762500758,-0.019708989278602,0.978085042035482
