"V1","V2","V3","V4","V5","V6","V7","V8","V9","V10"
1.04007857611949,-0.00460169544638168,-0.0277994680998617,0.0180987823436494,0.0785358108438531,-0.019308797812697,-0.000973629796382773,0.0263365794433035,0.00727326961634432,-0.012475001744723
-0.00460169544638168,0.96709526779168,0.00842213823528409,-0.0467781612297772,-0.0164097839801606,-0.0236052229313657,0.00955059632100974,-0.0256513406593461,-0.0280156345388219,-0.0365597792551654
-0.0277994680998617,0.00842213823528409,1.08056854966638,-0.0330010996339862,0.0056310226072292,-0.0142193424227706,-0.0114930496071465,0.0744015809269351,-0.031555015417805,-0.0175600741058923
0.0180987823436494,-0.0467781612297772,-0.0330010996339862,0.996885291947981,-0.0425726902727467,-0.0103355214157539,0.0372547205745231,-0.0589625734187495,0.046149708684902,-0.0230989686259421
0.0785358108438531,-0.0164097839801606,0.0056310226072292,-0.0425726902727467,0.957646916655087,0.0267957606724875,0.0172591508128411,0.0576206678352266,-0.0375038993636758,0.000998393809878956
-0.019308797812697,-0.0236052229313657,-0.0142193424227706,-0.0103355214157539,0.0267957606724875,0.976725504334202,-0.0266358007404125,-0.00638464447769762,0.0411331076715769,0.0446437074724004
-0.000973629796382773,0.00955059632100974,-0.0114930496071465,0.0372547205745231,0.0172591508128411,-0.0266358007404125,0.985485750523783,-0.0602465577880229,0.0323902403233466,0.0241509214639656
0.0263365794433035,-0.0256513406593461,0.0744015809269351,-0.0589625734187495,0.0576206678352266,-0.00638464447769762,-0.0602465577880229,0.967270070218964,-0.0305082606493162,-0.0167092172683336
0.00727326961634432,-0.0280156345388219,-0.031555015417805,0.046149708684902,-0.0375038993636758,0.0411331076715769,0.0323902403233466,-0.0305082606493162,0.973095426060964,-0.0319417277758236
-0.012475001744723,-0.0365597792551654,-0.0175600741058923,-0.0230989686259421,0.000998393809878956,0.0446437074724004,0.0241509214639656,-0.0167092172683336,-0.0319417277758236,0.920973350388777
