"V1","V2","V3","V4","V5","V6","V7","V8","V9","V10"
1.05999517866962,-0.0192931176789101,0.0311894626850798,-0.00193838372590087,0.00951809530624359,-0.063689968282298,-0.0173782958310989,-0.0085557298336452,0.00305796369742135,0.00594242833300594
-0.0192931176789101,0.951397643550277,0.00440392931177769,-0.0300008124460162,0.026917001471354,0.00215882058418634,0.0205297592910047,0.0144071940050604,-0.0167118017112742,-0.027206813364708
0.0311894626850798,0.00440392931177769,0.967992147637993,-0.0133122143307925,0.0425967930458451,0.00173191706769284,0.0576288253310692,0.0390407447044777,-0.0147996334053645,0.00545934213925682
-0.00193838372590087,-0.0300008124460162,-0.0133122143307925,1.04489878917757,0.0271303171661009,0.0126610447046478,-0.0686061079914312,0.0565136622552245,0.00736654401372102,0.00721259705427431
0.00951809530624359,0.026917001471354,0.0425967930458451,0.0271303171661009,1.03404823899935,0.00919659797101884,-0.00844264217438521,0.0559080306399453,-0.0206188566006528,0.086457596298572
-0.063689968282298,0.00215882058418634,0.00173191706769284,0.0126610447046478,0.00919659797101884,1.04063985096476,0.00738294648353473,0.00222094329877692,-0.0731029909192538,0.0445449425170649
-0.0173782958310989,0.0205297592910047,0.0576288253310692,-0.0686061079914312,-0.00844264217438521,0.00738294648353473,0.974995837114169,0.0309474827725156,0.0398263464398865,0.00359195447826597
-0.0085557298336452,0.0144071940050604,0.0390407447044777,0.0565136622552245,0.0559080306399453,0.00222094329877692,0.0309474827725156,0.991029793730967,0.00966470617066229,0.0451695899857923
0.00305796369742135,-0.0167118017112742,-0.0147996334053645,0.00736654401372102,-0.0206188566006528,-0.0731029909192538,0.0398263464398865,0.00966470617066229,1.00131572504858,-0.00636553411955394
0.00594242833300594,-0.027206813364708,0.00545934213925682,0.00721259705427431,0.086457596298572,0.0445449425170649,0.00359195447826597,0.0451695899857923,-0.00636553411955394,1.10913997236119
