"V1","V2","V3","V4","V5","V6","V7","V8","V9","V10"
0.993127972274015,0.069195716928156,0.00368236648972885,-0.017861850656029,-0.0509604490398124,0.0757574278405771,-0.00211109280919802,0.0132358014888789,0.014831409523829,0.0571089608325472
0.069195716928156,1.00297666546818,0.0263615257238016,-0.0484060185364053,0.000385082149883509,0.037433665310785,-0.00105195861529774,-0.0100973992761298,-0.0460252909004042,0.0402458473637675
0.00368236648972885,0.0263615257238016,0.969916920413961,0.0150013373646189,-0.00545488280724342,0.0314265416255036,0.00436923563597762,-0.0177438832349609,0.100914636636236,0.0194246701349686
-0.017861850656029,-0.0484060185364053,0.0150013373646189,1.02335051827203,-0.0440676073176935,-0.0193773347404372,-0.0252940547281466,-0.0277572925858522,-0.0199657838586182,-0.0328710417838208
-0.0509604490398124,0.000385082149883509,-0.00545488280724342,-0.0440676073176935,1.02156475579264,-0.0386482491110681,0.00938774571587836,-0.0171251897598463,-0.0344836107853589,0.000113525645563266
0.0757574278405771,0.037433665310785,0.0314265416255036,-0.0193773347404372,-0.0386482491110681,0.972014524159173,0.0357737475304238,-0.0108487007386147,-0.0581930701454214,0.0753215491789593
-0.00211109280919802,-0.00105195861529774,0.00436923563597762,-0.0252940547281466,0.00938774571587836,0.0357737475304238,1.02600272966958,0.0147161823819828,-0.0183240568830242,0.0155468908760475
0.0132358014888789,-0.0100973992761298,-0.0177438832349609,-0.0277572925858522,-0.0171251897598463,-0.0108487007386147,0.0147161823819828,0.927266988317474,-0.00505968849328744,-0.0130629019392007
0.014831409523829,-0.0460252909004042,0.100914636636236,-0.0199657838586182,-0.0344836107853589,-0.0581930701454214,-0.0183240568830242,-0.00505968849328744,0.955982107737691,0.00250802124146817
0.0571089608325472,0.0402458473637675,0.0194246701349686,-0.0328710417838208,0.000113525645563266,0.0753215491789593,0.0155468908760475,-0.0130629019392007,0.00250802124146817,0.967019813363239
