"V1","V2","V3","V4","V5","V6","V7","V8","V9","V10"
0.989825684445348,-0.0421098872982048,-0.0154419518762512,0.0489974193782721,0.0460818286341652,0.0627815843561352,0.00685326646896513,-0.0205257443471133,0.0060192790670823,0.0123808150333029
-0.0421098872982048,1.04918652010975,-0.0464901170307353,0.0203279217600989,-0.00280382612075594,-0.0650088965040011,0.070156719019381,-0.010707796877483,0.0128583927977967,0.00949761419344925
-0.0154419518762512,-0.0464901170307353,0.97348590346866,0.0354879428621988,0.0674103070329502,-0.00658903207942708,-0.0261113096887335,0.00641550039716905,-3.63434077920218e-06,-0.052769340071226
0.0489974193782721,0.0203279217600989,0.0354879428621988,0.973867499091543,-0.0239600303467398,0.0213372226070852,0.0142819646363136,-0.0181769172317321,-0.0185603699528122,0.00323069874549395
0.0460818286341652,-0.00280382612075594,0.0674103070329502,-0.0239600303467398,1.0349721906547,0.0504461080746024,0.0214460560081297,-0.0243039518654086,0.0514292292362827,-0.0198072426592631
0.0627815843561352,-0.0650088965040011,-0.00658903207942708,0.0213372226070852,0.0504461080746024,1.13034520956791,-0.0212925298719335,-0.0360907022981435,0.0494979750130438,0.00962942023243201
0.00685326646896513,0.070156719019381,-0.0261113096887335,0.0142819646363136,0.0214460560081297,-0.0212925298719335,0.980453574745006,-0.0153350722947263,0.0451001309447078,-0.0198561882473849
-0.0205257443471133,-0.010707796877483,0.00641550039716905,-0.0181769172317321,-0.0243039518654086,-0.0360907022981435,-0.0153350722947263,1.05067669996005,-0.00905548696481398,0.0578149366676324
0.0060192790670823,0.0128583927977967,-3.63434077920218e-06,-0.0185603699528122,0.0514292292362827,0.0494979750130438,0.0451001309447078,-0.00905548696481398,0.948999385040123,0.00758152590074647
0.0123808150333029,0.00949761419344925,-0.052769340071226,0.00323069874549395,-0.0198072426592631,0.00962942023243201,-0.0198561882473849,0.0578149366676324,0.00758152590074647,1.00160185595413
