"V1","V2","V3","V4","V5","V6","V7","V8","V9","V10"
0.953060052119239,-0.0400928868077938,0.00882385075794499,-0.00961149913155081,-0.00915942013452014,0.00129842530201536,-0.0130721514060617,-0.0033060796629396,0.0828547828856834,-0.0162624952724472
-0.0400928868077938,1.00239034913454,0.00178911139084276,-0.00664330711444202,-0.0287531720290337,-0.000298159599104642,-0.0417183860354049,0.0361202753194762,-0.0710482825583595,-0.0104055451792022
0.00882385075794499,0.00178911139084276,0.994485847139284,-0.0385127446705711,-0.119365176152208,0.0272058497172554,-0.0303997638441439,0.0191433174085871,-0.0441028212301811,-0.0260439066208415
-0.00961149913155081,-0.00664330711444202,-0.0385127446705711,0.954348369902159,0.035129241025735,0.00528997459221186,-0.0480618689580701,-0.0218423972621862,0.0205712317864773,-0.041368376237574
-0.00915942013452014,-0.0287531720290337,-0.119365176152208,0.035129241025735,1.03704600068505,0.0364861224449881,0.049899636303554,-0.06432371563584,0.0050276622782076,-0.0175597928575314
0.00129842530201536,-0.000298159599104642,0.0272058497172554,0.00528997459221186,0.0364861224449881,0.983322162526604,-0.00393340386661902,-0.0195417992912386,0.010151646108484,0.017782720501934
-0.0130721514060617,-0.0417183860354049,-0.0303997638441439,-0.0480618689580701,0.049899636303554,-0.00393340386661902,0.998863302232734,-0.0202600010401229,0.00982356733829538,0.0129215748818601
-0.0033060796629396,0.0361202753194762,0.0191433174085871,-0.0218423972621862,-0.06432371563584,-0.0195417992912386,-0.0202600010401229,1.10857223993307,0.0259128831604006,-0.0106829861303185
0.0828547828856834,-0.0710482825583595,-0.0441028212301811,0.0205712317864773,0.0050276622782076,0.010151646108484,0.00982356733829538,0.0259128831604006,1.16790097712439,0.0565731266021145
-0.0162624952724472,-0.0104055451792022,-0.0260439066208415,-0.041368376237574,-0.0175597928575314,0.017782720501934,0.0129215748818601,-0.0106829861303185,0.0565731266021145,0.953133566400545
