"V1","V2","V3","V4","V5","V6","V7","V8","V9","V10"
0.957978369994211,-0.0453460976933737,0.00981113759347453,-0.0282259362954473,-0.00529127493699391,-0.0473079169819698,-0.062996027904463,0.0250897208967314,0.00048124300180259,0.0350987685350852
-0.0453460976933737,0.96545445782819,0.00623459691349525,0.0154818180517219,-0.0477363536376811,0.0285050207621231,-0.033333341891771,-0.0695137234162077,0.0855235849508125,0.0428494153932495
0.00981113759347453,0.00623459691349525,0.918133766238143,-0.0431314184584241,-0.000977099222857567,0.0478510047193682,0.0187158565617456,0.0420458512367095,0.0254508721206464,0.0443655481032466
-0.0282259362954473,0.0154818180517219,-0.0431314184584241,1.05784847343527,0.0037520435567603,0.0286585630313605,-0.059066561704775,-0.0958942203036122,-0.0200673679109908,-0.018985006382992
-0.00529127493699391,-0.0477363536376811,-0.000977099222857567,0.0037520435567603,0.995363684551246,0.00630950491546051,0.0223162987950881,-0.0228865852461549,0.0110952518038501,0.0361595716261702
-0.0473079169819698,0.0285050207621231,0.0478510047193682,0.0286585630313605,0.00630950491546051,0.897909643531641,-0.045830957604158,-0.0161347233319333,0.00106987634144116,-0.0147848298362415
-0.062996027904463,-0.033333341891771,0.0187158565617456,-0.059066561704775,0.0223162987950881,-0.045830957604158,0.99758593353214,-0.0043241233048462,0.0153210637603417,-0.0268020078465641
0.0250897208967314,-0.0695137234162077,0.0420458512367095,-0.0958942203036122,-0.0228865852461549,-0.0161347233319333,-0.0043241233048462,0.997504678264545,0.0195434021574127,0.0299705000027846
0.00048124300180259,0.0855235849508125,0.0254508721206464,-0.0200673679109908,0.0110952518038501,0.00106987634144116,0.0153210637603417,0.0195434021574127,1.00467604876778,0.0288362642584147
0.0350987685350852,0.0428494153932495,0.0443655481032466,-0.018985006382992,0.0361595716261702,-0.0147848298362415,-0.0268020078465641,0.0299705000027846,0.0288362642584147,0.977362056813353
