"V1","V2","V3","V4","V5","V6","V7","V8","V9","V10"
1.0019666529103,0.0361314822384426,0.027196326687255,0.0291987783254488,0.0509380683348318,-0.0154077046552172,-0.000912583979917018,-0.0659783291830518,0.00526928779726932,-0.00288583309790367
0.0361314822384426,0.926404537216358,0.028462724181989,-0.014851827302124,0.0197108831120813,-0.0255377370367554,0.00973124179539641,0.0784396446754001,-0.0424581638058562,-0.0477147474385022
0.027196326687255,0.028462724181989,1.02123398311975,-0.000272277454449828,0.0536156742977082,0.0134817430035512,0.016005125773186,0.0499065867329157,0.0269840910064733,-0.0803534359198277
0.0291987783254488,-0.014851827302124,-0.000272277454449828,1.06158673628495,0.0706118353569307,0.0559139377124688,0.0233850145371088,-0.0383246560183383,-0.0154206939684945,0.0133409393306376
0.0509380683348318,0.0197108831120813,0.0536156742977082,0.0706118353569307,1.05677899117934,-0.0793769707357383,-0.00268927003381485,-0.0659126672050121,0.0298723650434904,-0.0138612039430048
-0.0154077046552172,-0.0255377370367554,0.0134817430035512,0.0559139377124688,-0.0793769707357383,0.961686397705105,0.0295639795117623,-0.0427938606597179,0.00653885998919598,0.00655867749394257
-0.000912583979917018,0.00973124179539641,0.016005125773186,0.0233850145371088,-0.00268927003381485,0.0295639795117623,0.959744360656582,0.000104044177676755,0.0752138947309337,-0.00989626884539815
-0.0659783291830518,0.0784396446754001,0.0499065867329157,-0.0383246560183383,-0.0659126672050121,-0.0427938606597179,0.000104044177676755,1.06245321287872,-0.0485735051244924,0.00626500669568975
0.00526928779726932,-0.0424581638058562,0.0269840910064733,-0.0154206939684945,0.0298723650434904,0.00653885998919598,0.0752138947309337,-0.0485735051244924,0.971169373984839,0.0610465562756305
-0.00288583309790367,-0.0477147474385022,-0.0803534359198277,0.0133409393306376,-0.0138612039430048,0.00655867749394257,-0.00989626884539815,0.00626500669568975,0.0610465562756305,0.976693444388227
