"V1","V2","V3","V4","V5","V6","V7","V8","V9","V10"
0.895662827520474,0.0305724218810937,0.00394741764957797,-0.0170229009954263,0.0235403186038775,-0.0169114045366824,-0.0383089143575735,-0.018749985291439,-0.0140805655021352,-0.0059276853424134
0.0305724218810937,1.0056441117114,-0.058390257717509,-0.0323921998670728,-0.00227536154523936,-0.0410206852923187,0.00318360643122411,-0.0127457127225427,-0.00842154007990119,-0.0727850981772253
0.00394741764957797,-0.058390257717509,0.997865648336157,0.00224560265812659,0.00091779920257936,0.0166680718785373,0.0200795274971305,-0.0127659829706011,0.0210637063714281,-0.00400022184635823
-0.0170229009954263,-0.0323921998670728,0.00224560265812659,1.00490876119123,-0.00928640020179003,-0.0159583587819626,0.0617577539437315,-0.00094419528525677,-0.0502035725928695,0.00571550504131324
0.0235403186038775,-0.00227536154523936,0.00091779920257936,-0.00928640020179003,1.0110291768233,0.0160121427648015,0.0186320397379317,-0.00555550022013211,0.0495634543051684,-0.0249352291522936
-0.0169114045366824,-0.0410206852923187,0.0166680718785373,-0.0159583587819626,0.0160121427648015,0.962057538021648,0.0612578775929361,-0.0023327927922242,0.0421750269283176,-0.06273971775765
-0.0383089143575735,0.00318360643122411,0.0200795274971305,0.0617577539437315,0.0186320397379317,0.0612578775929361,0.945901221711406,0.0208396457675067,0.0400220130872678,-0.0196273430062696
-0.018749985291439,-0.0127457127225427,-0.0127659829706011,-0.00094419528525677,-0.00555550022013211,-0.0023327927922242,0.0208396457675067,0.992806866217978,-0.0397698532755969,-0.0359369469353943
-0.0140805655021352,-0.00842154007990119,0.0210637063714281,-0.0502035725928695,0.0495634543051684,0.0421750269283176,0.0400220130872678,-0.0397698532755969,0.992433576296484,-0.0926354518005904
-0.0059276853424134,-0.0727850981772253,-0.00400022184635823,0.00571550504131324,-0.0249352291522936,-0.06273971775765,-0.0196273430062696,-0.0359369469353943,-0.0926354518005904,0.933393811519719
