"V1","V2","V3","V4","V5","V6","V7","V8","V9","V10"
0.998928287289675,0.0239909234787127,-0.011016133708922,0.0442375276433056,0.0513454132457528,0.0332738209309261,0.0070573223623235,0.0458817446082347,-0.0469542166842547,0.0054729334340133
0.0239909234787127,1.02136246666523,0.0504517087564291,0.0348225505313695,0.0165649762635094,-0.0321981942360917,-0.0032673783377445,0.0371933790891379,-0.0135687403657257,0.0990080523768496
-0.011016133708922,0.0504517087564291,0.952939156002166,-0.0491204091593594,-0.0632147987223681,-0.00801521239742477,0.00171072552215957,-0.0345281943403122,-0.0257591620823973,-0.0555451932705179
0.0442375276433056,0.0348225505313695,-0.0491204091593594,1.07381502296659,0.0215209737149151,0.00390100112110202,-0.0315745706141772,0.0251615874253433,0.01456851045899,-0.0418542335046902
0.0513454132457528,0.0165649762635094,-0.0632147987223681,0.0215209737149151,1.01887408352355,-0.00110868974448608,-0.0326898439802875,0.0388273801087891,-0.0201222639007024,-0.021578273979711
0.0332738209309261,-0.0321981942360917,-0.00801521239742477,0.00390100112110202,-0.00110868974448608,1.00628743916905,0.0455160234798665,0.0361558710978867,-0.0706953782257669,0.0529157018077553
0.0070573223623235,-0.0032673783377445,0.00171072552215957,-0.0315745706141772,-0.0326898439802875,0.0455160234798665,0.988836928501418,-0.00300423024613312,-0.0329979185244018,-0.0350977418036698
0.0458817446082347,0.0371933790891379,-0.0345281943403122,0.0251615874253433,0.0388273801087891,0.0361558710978867,-0.00300423024613312,1.04466644809277,-0.069109446480124,0.0169929499824486
-0.0469542166842547,-0.0135687403657257,-0.0257591620823973,0.01456851045899,-0.0201222639007024,-0.0706953782257669,-0.0329979185244018,-0.069109446480124,0.969208939884201,-0.00223058405238825
0.0054729334340133,0.0990080523768496,-0.0555451932705179,-0.0418542335046902,-0.021578273979711,0.0529157018077553,-0.0350977418036698,0.0169929499824486,-0.00223058405238825,1.03264642538031
