"V1","V2","V3","V4","V5","V6","V7","V8","V9","V10"
1.08032075217366,-0.0172737804365251,0.011963523535867,0.0454780603884928,-0.00325911691157304,-0.0283271075224399,-0.00706225489863758,0.0158556097665825,0.0115375260158852,0.0872629977855297
-0.0172737804365251,1.02701604511392,-0.0358522067706233,0.00916058953259423,0.053394507331186,0.020219733099983,-0.00241810566777437,0.00853560275466268,0.0078132222518968,-0.0665951708313045
0.011963523535867,-0.0358522067706233,0.959529044588663,0.0684360457446558,0.0101751104332024,-0.0360724064103077,0.0389997208684396,-0.0700851682176431,-0.0518111536628846,-0.00147309254532333
0.0454780603884928,0.00916058953259423,0.0684360457446558,0.967334600192964,-0.0141770249624483,-0.0097222520319354,0.0591144933226196,-0.00698751181240878,-0.0541403561863182,-0.0163894886976326
-0.00325911691157304,0.053394507331186,0.0101751104332024,-0.0141770249624483,0.928747361975566,-0.00464849581490481,0.0381733925478725,-0.0360567478604914,-0.0482024496490975,-0.0192613090407348
-0.0283271075224399,0.020219733099983,-0.0360724064103077,-0.0097222520319354,-0.00464849581490481,1.04098254926908,0.0707857861514254,0.00716318570697335,0.0444709736096779,-0.0179942108425123
-0.00706225489863758,-0.00241810566777437,0.0389997208684396,0.0591144933226196,0.0381733925478725,0.0707857861514254,1.01366929165286,-0.0257656019453062,-0.0655232128454619,-0.0150088454560029
0.0158556097665825,0.00853560275466268,-0.0700851682176431,-0.00698751181240878,-0.0360567478604914,0.00716318570697335,-0.0257656019453062,0.984891222861176,0.0171516918026619,0.00984563751727669
0.0115375260158852,0.0078132222518968,-0.0518111536628846,-0.0541403561863182,-0.0482024496490975,0.0444709736096779,-0.0655232128454619,0.0171516918026619,0.968450636055182,0.0238302515377668
0.0872629977855297,-0.0665951708313045,-0.00147309254532333,-0.0163894886976326,-0.0192613090407348,-0.0179942108425123,-0.0150088454560029,0.00984563751727669,0.0238302515377668,1.04012527115418
