"V1","V2","V3","V4","V5","V6","V7","V8","V9","V10"
1.03015681940779,0.0102222981746969,-0.0159249613353883,0.00663548174447261,-0.0631554580606108,0.0126689905190387,-0.049966185194016,-0.0215175002684444,0.0100221605273951,-0.00974847456985785
0.0102222981746969,0.966882953952351,-0.0117287347275582,0.0136440924560921,-0.0236772250213731,0.039043646120693,-0.00503407539293342,0.0554929908395443,0.00633990657117937,0.040428587045818
-0.0159249613353883,-0.0117287347275582,0.994259380102833,0.0649552845972792,-0.0165300139694122,-0.0236902479166551,0.0346685225024253,0.00287738102459604,0.0199723552471653,-0.0132822693003977
0.00663548174447261,0.0136440924560921,0.0649552845972792,0.984269265734955,0.0139189053094184,0.0545709894674113,-0.00915835345531083,0.0263220336252487,0.0419588382649084,-0.0209561239533285
-0.0631554580606108,-0.0236772250213731,-0.0165300139694122,0.0139189053094184,0.911840343617917,-0.000128679398845317,-0.00784293399545141,0.00228841204375603,0.0272653951644643,0.0311079956810448
0.0126689905190387,0.039043646120693,-0.0236902479166551,0.0545709894674113,-0.000128679398845317,1.01859980641719,-0.0446586849529314,-0.0585197923774777,-0.0102271424524707,0.0863758749316261
-0.049966185194016,-0.00503407539293342,0.0346685225024253,-0.00915835345531083,-0.00784293399545141,-0.0446586849529314,0.928540769617138,-0.00112732950545654,-0.0189390499903635,-0.019717365061113
-0.0215175002684444,0.0554929908395443,0.00287738102459604,0.0263220336252487,0.00228841204375603,-0.0585197923774777,-0.00112732950545654,1.03148192300473,-0.00983109542062248,0.0235879385086754
0.0100221605273951,0.00633990657117937,0.0199723552471653,0.0419588382649084,0.0272653951644643,-0.0102271424524707,-0.0189390499903635,-0.00983109542062248,0.966172777791788,0.00284426530289112
-0.00974847456985785,0.040428587045818,-0.0132822693003977,-0.0209561239533285,0.0311079956810448,0.0863758749316261,-0.019717365061113,0.0235879385086754,0.00284426530289112,1.08339907857851
