"V1","V2","V3","V4","V5","V6","V7","V8","V9","V10"
0.965991348416078,-0.0179252587265035,0.0196348241803574,-0.0342142842746,0.00189893510869471,0.013094678065529,-0.0285883464377929,0.00101145211671356,0.0152026794601165,-0.0207837358474426
-0.0179252587265035,1.05330921396051,-0.050520537203964,0.0199576773125004,0.0166647577726708,0.0475293148001465,0.0441101531449967,-0.0190523896763382,0.025122215776089,0.0165905343151944
0.0196348241803574,-0.050520537203964,1.04290333365008,0.0452714210113794,-0.0129566890169699,0.0221111006118095,-0.0313550439021772,0.00541708246736544,0.0227398786202076,-0.0262194351935133
-0.0342142842746,0.0199576773125004,0.0452714210113794,1.03808972957037,-0.0152443027456304,0.00221504068949866,-0.0282578814068863,-0.0685543443782465,0.0168608067566725,0.00476937223731741
0.00189893510869471,0.0166647577726708,-0.0129566890169699,-0.0152443027456304,1.04791719147362,0.0461655095547775,0.0548603890915533,0.0194982758808669,-0.0291198052732867,0.033542303069755
0.013094678065529,0.0475293148001465,0.0221111006118095,0.00221504068949866,0.0461655095547775,0.958938134411588,-0.00557399764104072,-0.0267947121634302,-0.0154383247116202,0.0283840584758246
-0.0285883464377929,0.0441101531449967,-0.0313550439021772,-0.0282578814068863,0.0548603890915533,-0.00557399764104072,1.00625120285395,0.00584309024020867,-0.0437370117656481,-0.0241152550218764
0.00101145211671356,-0.0190523896763382,0.00541708246736544,-0.0685543443782465,0.0194982758808669,-0.0267947121634302,0.00584309024020867,0.955853279483938,0.0591855763369,-0.0141192070944283
0.0152026794601165,0.025122215776089,0.0227398786202076,0.0168608067566725,-0.0291198052732867,-0.0154383247116202,-0.0437370117656481,0.0591855763369,1.00306285791768,-0.0446504594342449
-0.0207837358474426,0.0165905343151944,-0.0262194351935133,0.00476937223731741,0.033542303069755,0.0283840584758246,-0.0241152550218764,-0.0141192070944283,-0.0446504594342449,1.01154696013061
