"V1","V2","V3","V4","V5","V6","V7","V8","V9","V10"
0.955458954217258,-0.0170307291467063,-0.0544943270493081,0.00602619779264278,0.000131493103448681,-0.0397476539871596,-0.0141915392775262,0.0151683400171784,0.0201559262865563,-0.0378665711023463
-0.0170307291467063,0.947671406982709,-0.0438399283033307,0.0341726482131263,0.0245021624756948,0.0321287333628254,0.0381588537460992,-0.0348756228348431,-0.0285269587779843,-0.00805322310037844
-0.0544943270493081,-0.0438399283033307,1.00739412035587,-0.00102024463720234,-0.0153276791483017,-0.0128753798508336,0.0410946219705965,-0.00958232691747634,0.00753342723564907,-0.0263209777260008
0.00602619779264278,0.0341726482131263,-0.00102024463720234,0.981609735958531,0.0196509147348288,0.00590114930408409,-0.0347356224111327,0.0314257643997577,0.0212278339094372,0.0596305800251879
0.000131493103448681,0.0245021624756948,-0.0153276791483017,0.0196509147348288,0.983475900084474,0.029664705429432,0.0102836165934535,0.018577489048709,0.0499929190315636,-0.0446208900776867
-0.0397476539871596,0.0321287333628254,-0.0128753798508336,0.00590114930408409,0.029664705429432,1.03834044792591,-0.0115487658060868,-0.0250542347993482,0.0123723562514461,0.0369399796590275
-0.0141915392775262,0.0381588537460992,0.0410946219705965,-0.0347356224111327,0.0102836165934535,-0.0115487658060868,0.984833498401226,0.00125034956739847,0.015679567394297,0.0243518056378149
0.0151683400171784,-0.0348756228348431,-0.00958232691747634,0.0314257643997577,0.018577489048709,-0.0250542347993482,0.00125034956739847,1.01659173550945,-0.0781027062975621,-0.00805752318041001
0.0201559262865563,-0.0285269587779843,0.00753342723564907,0.0212278339094372,0.0499929190315636,0.0123723562514461,0.015679567394297,-0.0781027062975621,1.01900003252523,-0.0241537024047306
-0.0378665711023463,-0.00805322310037844,-0.0263209777260008,0.0596305800251879,-0.0446208900776867,0.0369399796590275,0.0243518056378149,-0.00805752318041001,-0.0241537024047306,0.969598482228424
