"V1","V2","V3","V4","V5","V6","V7","V8","V9","V10"
1.02757527875734,-0.0115776230020429,-0.0333637904560925,-0.0643002557083313,0.0334792764807711,0.0356514389448057,-0.037090103746936,0.0205779748421394,0.00680694950526147,0.00235424259594305
-0.0115776230020429,1.08507757351953,-0.044704311342889,-0.0308018906763437,-0.0223974560219037,0.0455215289616038,-0.00202239815820461,0.0215820604885459,-0.0640595676235907,0.00264951505579329
-0.0333637904560925,-0.044704311342889,0.977761987178383,-0.000759352601121701,0.0208821203415404,0.000385682954334696,0.0492741274000668,0.0469747986188239,-0.0203566421223316,0.0114242135514612
-0.0643002557083313,-0.0308018906763437,-0.000759352601121701,1.01363832003831,0.00161315926578634,0.0745227239845523,0.00513740106921656,0.0391696675869248,0.0446769612789637,-0.0396272408119782
0.0334792764807711,-0.0223974560219037,0.0208821203415404,0.00161315926578634,0.974932236842331,0.00904467222748222,0.0147262368783393,0.0146235857032428,-0.00223698667108806,-0.0409686412623576
0.0356514389448057,0.0455215289616038,0.000385682954334696,0.0745227239845523,0.00904467222748222,1.0831402741139,-0.0347714476287234,0.0284019910023163,0.0055249521261731,-0.0773700083110093
-0.037090103746936,-0.00202239815820461,0.0492741274000668,0.00513740106921656,0.0147262368783393,-0.0347714476287234,1.03828609471838,0.0124527286276548,0.0371631267404376,-0.0153641930252952
0.0205779748421394,0.0215820604885459,0.0469747986188239,0.0391696675869248,0.0146235857032428,0.0284019910023163,0.0124527286276548,0.982293026497702,-0.0175172235637101,0.0447139897429148
0.00680694950526147,-0.0640595676235907,-0.0203566421223316,0.0446769612789637,-0.00223698667108806,0.0055249521261731,0.0371631267404376,-0.0175172235637101,0.990547079940981,-0.0305375994811496
0.00235424259594305,0.00264951505579329,0.0114242135514612,-0.0396272408119782,-0.0409686412623576,-0.0773700083110093,-0.0153641930252952,0.0447139897429148,-0.0305375994811496,0.983815066810835
