"V1","V2","V3","V4","V5","V6","V7","V8","V9","V10"
0.994797012162647,-0.0269814524577998,-0.0196285675448773,-0.0301314403418848,0.0435588189281353,-0.0229191854791133,0.0192091083691494,-0.0312849554160331,-0.036947815134194,0.0340010186904849
-0.0269814524577998,0.933436532553662,-0.0511057779737873,-0.0508465220248865,0.0152851590923272,0.00511109873730365,-0.00558400804908187,3.51436085673726e-05,0.0582345393214525,0.0098218809984739
-0.0196285675448773,-0.0511057779737873,1.04032886055986,-0.050464068076352,0.0221902783085665,0.0263497135457699,-0.0175349811964742,-0.0547766801903771,-0.0246908973217708,-0.0415371613639754
-0.0301314403418848,-0.0508465220248865,-0.050464068076352,0.986189623820055,-0.0582205716779527,-0.0199787520327051,0.0169445649167196,-0.0382294447624777,0.0377228999147426,0.0349424979992377
0.0435588189281353,0.0152851590923272,0.0221902783085665,-0.0582205716779527,0.967782727946012,0.0704346555898745,0.00775734953961648,0.0388734462800993,-0.0236871116492046,0.0501808787704796
-0.0229191854791133,0.00511109873730365,0.0263497135457699,-0.0199787520327051,0.0704346555898745,0.976713326378681,0.017384131749003,0.01145343566825,-0.00904475391752871,0.0289151099954463
0.0192091083691494,-0.00558400804908187,-0.0175349811964742,0.0169445649167196,0.00775734953961648,0.017384131749003,0.955821859207447,-0.034624613841797,0.0602273014068222,0.0270415340132911
-0.0312849554160331,3.51436085673726e-05,-0.0547766801903771,-0.0382294447624777,0.0388734462800993,0.01145343566825,-0.034624613841797,0.948538394132688,-0.0533376864271015,0.0513233562440946
-0.036947815134194,0.0582345393214525,-0.0246908973217708,0.0377228999147426,-0.0236871116492046,-0.00904475391752871,0.0602273014068222,-0.0533376864271015,1.03874606098485,-0.0359249776069286
0.0340010186904849,0.0098218809984739,-0.0415371613639754,0.0349424979992377,0.0501808787704796,0.0289151099954463,0.0270415340132911,0.0513233562440946,-0.0359249776069286,1.00630511711385
