"V1","V2","V3","V4","V5","V6","V7","V8","V9","V10"
1.03693952048385,0.0212494276679757,0.0499721765835902,0.0528868927366895,-0.0429797535387772,-0.0124478912055146,0.0233568050162037,-0.00178181144318031,0.00856270537582307,-0.0107723153224552
0.0212494276679757,1.04575661959568,-0.0226145000964721,-0.00630002925167833,0.0602034138095096,0.0373567791197225,0.00586847696293628,-0.0168709248681968,-0.00984714764651377,0.0656849951774245
0.0499721765835902,-0.0226145000964721,1.00331573344553,0.0475137430805693,0.0281764935129925,0.0224975659289763,-0.00187791806948335,-0.0177579695213681,0.0388186981827471,-0.0361670917652548
0.0528868927366895,-0.00630002925167833,0.0475137430805693,1.01026994395606,-0.01604113206631,-0.0177408642330376,-0.0488552899504324,-0.0221181724427902,0.00930295775903119,0.0153290742725086
-0.0429797535387772,0.0602034138095096,0.0281764935129925,-0.01604113206631,0.996865480360046,0.0353252336762787,-0.00601835280830361,0.0706275264201687,-0.0645257344563933,-0.0156456183941725
-0.0124478912055146,0.0373567791197225,0.0224975659289763,-0.0177408642330376,0.0353252336762787,0.987609373656346,-0.0159622426186509,-0.0146761267390839,-0.0152668855932303,-0.0222239337169615
0.0233568050162037,0.00586847696293628,-0.00187791806948335,-0.0488552899504324,-0.00601835280830361,-0.0159622426186509,0.924686387193329,0.00347501969861744,0.00999914352097541,-0.0541943019940045
-0.00178181144318031,-0.0168709248681968,-0.0177579695213681,-0.0221181724427902,0.0706275264201687,-0.0146761267390839,0.00347501969861744,0.956540253853921,-0.0359301731234514,-0.0437285178447696
0.00856270537582307,-0.00984714764651377,0.0388186981827471,0.00930295775903119,-0.0645257344563933,-0.0152668855932303,0.00999914352097541,-0.0359301731234514,1.03410518330278,0.0119917619893274
-0.0107723153224552,0.0656849951774245,-0.0361670917652548,0.0153290742725086,-0.0156456183941725,-0.0222239337169615,-0.0541943019940045,-0.0437285178447696,0.0119917619893274,1.01595080123656
