"V1","V2","V3","V4","V5","V6","V7","V8","V9","V10"
0.985048735109081,0.0670429633681862,0.0274186095383176,-0.0620400172789232,-0.0243989945978052,0.0136390438513118,-0.0360458235240207,-0.0209101737865542,0.0420457505618662,-0.004487835991686
0.0670429633681862,0.989790283268654,0.0291325380092029,-0.00273883539976503,-0.075795645070353,0.0393148981334686,-0.0425886149158017,-0.0305366171758887,-0.0125993497688719,0.0396500325608586
0.0274186095383176,0.0291325380092029,1.01484786491165,-0.0157453317266753,-0.0289248499697127,0.0134948852651557,-0.0517458165515552,0.027305459379702,0.0133221621499178,-0.0135657500999906
-0.0620400172789232,-0.00273883539976503,-0.0157453317266753,0.993510150063507,0.0291280470357332,0.0273648064745419,0.0202460860163102,0.0196560611592855,0.0826855296990922,-0.00368179737716596
-0.0243989945978052,-0.075795645070353,-0.0289248499697127,0.0291280470357332,0.936943283391708,-0.0237353608286383,-0.0556838041887401,0.00306659939587399,0.0128876799029774,0.0552874689226098
0.0136390438513118,0.0393148981334686,0.0134948852651557,0.0273648064745419,-0.0237353608286383,0.984696260104776,0.00163483506798385,-0.00131640204117701,0.0268532547722221,-0.0416497615647798
-0.0360458235240207,-0.0425886149158017,-0.0517458165515552,0.0202460860163102,-0.0556838041887401,0.00163483506798385,1.04763208421951,0.0203365760014918,-0.0370955186438031,-0.0429346773246867
-0.0209101737865542,-0.0305366171758887,0.027305459379702,0.0196560611592855,0.00306659939587399,-0.00131640204117701,0.0203365760014918,1.01232039460471,0.00501048704369897,-0.00806442801432061
0.0420457505618662,-0.0125993497688719,0.0133221621499178,0.0826855296990922,0.0128876799029774,0.0268532547722221,-0.0370955186438031,0.00501048704369897,1.11994063607487,-0.00629893113437204
-0.004487835991686,0.0396500325608586,-0.0135657500999906,-0.00368179737716596,0.0552874689226098,-0.0416497615647798,-0.0429346773246867,-0.00806442801432061,-0.00629893113437204,1.03605844394471
