"V1","V2","V3","V4","V5","V6","V7","V8","V9","V10"
1.02911315532838,0.0223827922167323,0.0578501818478113,-0.00847885423879372,-0.0214317595988675,0.0156745993739015,0.0203363737811256,0.0321452122677613,0.0038401434221951,-0.0304018163104783
0.0223827922167323,0.979537477655525,-0.0097676365326907,0.0185507797389183,0.0629164546930429,0.0467641150998614,0.0140255203980236,0.0542460345579474,-0.0240011862782869,-0.0416931181909494
0.0578501818478113,-0.0097676365326907,0.976827676139333,0.0089734840471701,0.0168158738750175,-0.0651590895252023,-0.0294489130808126,-0.00234110157314512,-0.00945195848311392,-0.0454913673125475
-0.00847885423879372,0.0185507797389183,0.0089734840471701,0.901478086238482,-0.0305733090591779,-0.0408684822786424,-0.0342671079237049,0.0317270205043675,0.0323441427923091,0.0478038177348621
-0.0214317595988675,0.0629164546930429,0.0168158738750175,-0.0305733090591779,0.928188917747189,-0.0332467250662335,-0.0251589166273829,0.0387512931048259,-0.0506977729929735,-0.0501387796275228
0.0156745993739015,0.0467641150998614,-0.0651590895252023,-0.0408684822786424,-0.0332467250662335,1.04552602270628,-0.0281230830191514,0.0222974613424282,-0.0189133748456672,0.0778810282247604
0.0203363737811256,0.0140255203980236,-0.0294489130808126,-0.0342671079237049,-0.0251589166273829,-0.0281230830191514,0.911300650883028,-0.0528408162082823,0.010824211192789,-0.00205285314175459
0.0321452122677613,0.0542460345579474,-0.00234110157314512,0.0317270205043675,0.0387512931048259,0.0222974613424282,-0.0528408162082823,0.919504426520949,0.0305601956484247,0.0246623993668037
0.0038401434221951,-0.0240011862782869,-0.00945195848311392,0.0323441427923091,-0.0506977729929735,-0.0189133748456672,0.010824211192789,0.0305601956484247,1.01498123773731,0.0369081048619684
-0.0304018163104783,-0.0416931181909494,-0.0454913673125475,0.0478038177348621,-0.0501387796275228,0.0778810282247604,-0.00205285314175459,0.0246623993668037,0.0369081048619684,0.930728576163742
