"V1","V2","V3","V4","V5","V6","V7","V8","V9","V10"
0.983837635520663,0.0679887388348111,-0.0268080200988597,-0.0145739759281373,0.0145565320859615,0.0282031427402928,0.000563895254523634,0.0130267156216818,-0.0335982714101748,0.0571214504037238
0.0679887388348111,1.0320991672003,-0.016914246238565,0.00750083813308115,0.00066459247943097,0.025159908834559,0.0205222891558702,0.00629839227750828,0.0564920061927808,-0.0426931450036413
-0.0268080200988597,-0.016914246238565,1.01043482388352,-0.041205863037431,0.0426593190085158,-0.0271355199829549,-0.0559027541145828,-0.02285594603781,-0.0592497293274865,-0.00482245530164891
-0.0145739759281373,0.00750083813308115,-0.041205863037431,1.0566266084913,0.0209839130406899,0.00996871073739502,-0.0470508158070316,0.0536334188245876,-0.0131758950658882,0.0663651002677839
0.0145565320859615,0.00066459247943097,0.0426593190085158,0.0209839130406899,0.955693261726085,-0.00894966399074689,0.016826233613355,0.0161143511066157,-0.0194989541326201,0.0597551342282611
0.0282031427402928,0.025159908834559,-0.0271355199829549,0.00996871073739502,-0.00894966399074689,1.0093802361881,-0.0116524651842461,-0.0578392203770003,-0.0216797832650002,-0.0406751346364888
0.000563895254523634,0.0205222891558702,-0.0559027541145828,-0.0470508158070316,0.016826233613355,-0.0116524651842461,0.91313647257209,-0.0858509847731195,0.0131614387729053,0.01831318333373
0.0130267156216818,0.00629839227750828,-0.02285594603781,0.0536334188245876,0.0161143511066157,-0.0578392203770003,-0.0858509847731195,1.05649496936164,0.0171480194432393,0.0264200524263732
-0.0335982714101748,0.0564920061927808,-0.0592497293274865,-0.0131758950658882,-0.0194989541326201,-0.0216797832650002,0.0131614387729053,0.0171480194432393,0.962546892623748,-0.0247555857516894
0.0571214504037238,-0.0426931450036413,-0.00482245530164891,0.0663651002677839,0.0597551342282611,-0.0406751346364888,0.01831318333373,0.0264200524263732,-0.0247555857516894,1.07009025264669
