"V1","V2","V3","V4","V5","V6","V7","V8","V9","V10"
0.947303236866121,-0.00135745595293217,-0.00119209318209551,0.0347807378264817,-0.00283770330217579,0.0463847686509658,-0.0132520933249438,-0.0216843944910392,0.0121403981418715,-0.00810404464914524
-0.00135745595293217,1.05320711507177,-0.0318930191989784,-0.00219452989080342,0.032891317932118,-0.0489288387873811,-0.0327147157873082,0.0028808563654561,0.0433238089331406,-0.0529956845126161
-0.00119209318209551,-0.0318930191989784,0.998077485902553,1.95139862758721e-05,-0.0196203948045438,-0.0150909681798541,0.0548437100222281,0.0268147340428136,0.0197080027594053,0.0152756622518227
0.0347807378264817,-0.00219452989080342,1.95139862758721e-05,0.993229027599664,-0.00536560521953547,0.0319055665145585,0.000777428252452192,0.0271515513601728,-0.0536997900697076,0.0899546227035473
-0.00283770330217579,0.032891317932118,-0.0196203948045438,-0.00536560521953547,0.970002326618983,0.0738501302273736,0.00375836920661712,0.0146683409806761,0.0530956415893816,0.00749148847911183
0.0463847686509658,-0.0489288387873811,-0.0150909681798541,0.0319055665145585,0.0738501302273736,1.02034774299986,-0.0480052631946633,-0.0347468043526241,-0.0153927117567024,0.0465613658018205
-0.0132520933249438,-0.0327147157873082,0.0548437100222281,0.000777428252452192,0.00375836920661712,-0.0480052631946633,1.07947745778023,-0.0188958809350851,-0.0113032105087918,0.0221208067681441
-0.0216843944910392,0.0028808563654561,0.0268147340428136,0.0271515513601728,0.0146683409806761,-0.0347468043526241,-0.0188958809350851,0.982033783362605,0.0439646138555541,-0.0813760657884703
0.0121403981418715,0.0433238089331406,0.0197080027594053,-0.0536997900697076,0.0530956415893816,-0.0153927117567024,-0.0113032105087918,0.0439646138555541,1.01818045117356,-0.0376043407267326
-0.00810404464914524,-0.0529956845126161,0.0152756622518227,0.0899546227035473,0.00749148847911183,0.0465613658018205,0.0221208067681441,-0.0813760657884703,-0.0376043407267326,0.977904515649667
