"V1","V2","V3","V4","V5","V6","V7","V8","V9","V10"
0.970531207603072,-0.050731861419429,0.0360717667627807,0.0190845403030385,-0.0460220041639543,-0.0313069921918561,0.0360636475508409,-0.00218119266892837,0.0177523320138245,0.0174805979053311
-0.050731861419429,0.992521965257935,0.0778108692540436,-0.00170192801623575,-0.00644481314741719,0.0250675519524219,0.000551069694191821,-0.0289470630268469,0.0464218566778427,-0.016525564603112
0.0360717667627807,0.0778108692540436,0.979934285477066,0.0288794684904319,-0.00482477273442823,0.0147273461343809,0.000116058315792185,-0.00882384847616428,0.00583652004141645,0.0274307553316119
0.0190845403030385,-0.00170192801623575,0.0288794684904319,1.0681605896006,0.0759714586345493,-0.0357168341141,-0.0322387069031927,-0.034207543049832,-0.0340838229683391,-0.028217068341761
-0.0460220041639543,-0.00644481314741719,-0.00482477273442823,0.0759714586345493,1.01321738175619,0.0450349112753396,0.0317996499658764,-0.0257726828658045,0.0206185459886143,-0.0306580309285145
-0.0313069921918561,0.0250675519524219,0.0147273461343809,-0.0357168341141,0.0450349112753396,1.04587058943255,-0.0149096279345483,0.00442445432546904,-0.0285700947663862,-0.0124942440870998
0.0360636475508409,0.000551069694191821,0.000116058315792185,-0.0322387069031927,0.0317996499658764,-0.0149096279345483,0.969158924462283,-0.075753257825205,0.0639948055962573,0.0347105330629302
-0.00218119266892837,-0.0289470630268469,-0.00882384847616428,-0.034207543049832,-0.0257726828658045,0.00442445432546904,-0.075753257825205,1.03928330658747,-0.0203811066814473,-0.00774295952617652
0.0177523320138245,0.0464218566778427,0.00583652004141645,-0.0340838229683391,0.0206185459886143,-0.0285700947663862,0.0639948055962573,-0.0203811066814473,0.901523785566958,0.0422791245987626
0.0174805979053311,-0.016525564603112,0.0274307553316119,-0.028217068341761,-0.0306580309285145,-0.0124942440870998,0.0347105330629302,-0.00774295952617652,0.0422791245987626,0.981482520419315
