"V1","V2","V3","V4","V5","V6","V7","V8","V9","V10"
1.03765487094398,0.0189371818060472,0.0349592602920304,-0.00192985411511953,-0.0423407043383743,-0.02558487929173,-0.0379482655313169,0.0458990922915484,-0.0615388418378516,0.0148607253713891
0.0189371818060472,1.01444524751915,0.0187777527362615,-0.0275585768865026,-0.034010217357985,-0.00670964679598462,-0.00686978319280324,0.0118994045877199,-0.0828150734040931,0.0182604930993121
0.0349592602920304,0.0187777527362615,0.977153940869887,-0.00842832799754469,-0.00541531988190576,0.0585222353198759,-0.00427083798096131,-0.0521308651723654,0.00197944747641695,-0.074095745533746
-0.00192985411511953,-0.0275585768865026,-0.00842832799754469,1.06981470035908,-0.0136226727465221,0.0477999725399364,-0.0395922389378834,0.0108493586734784,0.00908522997673865,-0.0286376937671845
-0.0423407043383743,-0.034010217357985,-0.00541531988190576,-0.0136226727465221,1.10653375382623,0.00351662136422281,0.00437263563111374,-0.0776854302763754,0.00941878909630958,-0.089242924474413
-0.02558487929173,-0.00670964679598462,0.0585222353198759,0.0477999725399364,0.00351662136422281,0.97618731861109,0.0330495988742746,-0.0536229497508555,0.0494412217629564,-0.0847743448199249
-0.0379482655313169,-0.00686978319280324,-0.00427083798096131,-0.0395922389378834,0.00437263563111374,0.0330495988742746,0.995455935078655,-0.0340172232920888,0.026805248671901,0.0271175866088128
0.0458990922915484,0.0118994045877199,-0.0521308651723654,0.0108493586734784,-0.0776854302763754,-0.0536229497508555,-0.0340172232920888,0.937305534976994,-0.0261570408557289,0.0664101122719237
-0.0615388418378516,-0.0828150734040931,0.00197944747641695,0.00908522997673865,0.00941878909630958,0.0494412217629564,0.026805248671901,-0.0261570408557289,1.03572437085727,-0.0647588141885049
0.0148607253713891,0.0182604930993121,-0.074095745533746,-0.0286376937671845,-0.089242924474413,-0.0847743448199249,0.0271175866088128,0.0664101122719237,-0.0647588141885049,1.03957153296499
