"V1","V2","V3","V4","V5","V6","V7","V8","V9","V10"
0.936447790857785,0.0413047792636846,-0.0207553120515204,0.0630519588128884,-0.00254489775718167,-0.0143699361801528,-0.00963887851290295,-0.00360305373741925,0.0272710370645268,0.0630730159982239
0.0413047792636846,0.971443088079209,-0.0308273309546452,0.00302973481995526,0.0149129045191327,-0.033765218445083,-0.034750005488725,-0.0475441272280924,-0.0249327315660955,0.0269460372732842
-0.0207553120515204,-0.0308273309546452,1.02934893306491,-0.0365854624182005,0.0047147624085917,0.0519360899635393,0.000453096950336965,-0.0154640263310416,-0.0340372792186982,-0.0169065452705465
0.0630519588128884,0.00302973481995526,-0.0365854624182005,1.02419292812362,-0.0234055271441029,-0.081787549738569,-0.0054465903506144,-0.0136524001396504,0.00908100919922722,-0.025827824882194
-0.00254489775718167,0.0149129045191327,0.0047147624085917,-0.0234055271441029,0.984042952351277,0.0517999144637397,-0.0352033387851375,-0.0346483457986104,0.0238130614786538,0.0176371024294948
-0.0143699361801528,-0.033765218445083,0.0519360899635393,-0.081787549738569,0.0517999144637397,0.992535701919749,0.0168321848799784,0.0344898502936909,0.0239829897855469,-0.0133717057797891
-0.00963887851290295,-0.034750005488725,0.000453096950336965,-0.0054465903506144,-0.0352033387851375,0.0168321848799784,0.938941727578036,-0.0248586259566979,0.00722066516664325,-0.0302310945236848
-0.00360305373741925,-0.0475441272280924,-0.0154640263310416,-0.0136524001396504,-0.0346483457986104,0.0344898502936909,-0.0248586259566979,1.03375584702767,-0.0346028402850838,-0.0404223347862041
0.0272710370645268,-0.0249327315660955,-0.0340372792186982,0.00908100919922722,0.0238130614786538,0.0239829897855469,0.00722066516664325,-0.0346028402850838,1.02785215227577,-0.00982827112275797
0.0630730159982239,0.0269460372732842,-0.0169065452705465,-0.025827824882194,0.0176371024294948,-0.0133717057797891,-0.0302310945236848,-0.0404223347862041,-0.00982827112275797,1.08154112336364
