"V1","V2","V3","V4","V5","V6","V7","V8","V9","V10"
1.00345858642708,0.0739802458353928,-0.029579923466604,0.0541179820245063,-0.00856383099444804,-0.0194564662180167,-0.0377345458399443,0.00693038205914751,-0.0582240888030141,0.0208867273066255
0.0739802458353928,1.02237753608412,-0.0176817268437406,-0.00893187917985177,-0.0611768624814214,-0.00534914800311405,-0.00192960126952502,0.0448913223628811,-0.0281631021801131,-0.0212536864551849
-0.029579923466604,-0.0176817268437406,0.975387575461878,0.0169259375696197,0.0272280515854254,-0.00784444811200529,0.0351562785683608,-0.0412147403718552,-0.0379023026656391,-0.0339041915247924
0.0541179820245063,-0.00893187917985177,0.0169259375696197,1.01133311825557,-0.0494411844086737,-0.00248388282545237,0.0178870298383451,-0.0128685142673261,0.0762917378269121,-0.0372474800975066
-0.00856383099444804,-0.0611768624814214,0.0272280515854254,-0.0494411844086737,1.00536689555548,0.0484456892505591,0.0193584518076116,-0.0197067975492037,-0.0390660178179786,-0.0465115754553815
-0.0194564662180167,-0.00534914800311405,-0.00784444811200529,-0.00248388282545237,0.0484456892505591,0.941535173820702,0.0264558560074868,0.0121954760465789,-0.0129282704939826,0.00542167732224942
-0.0377345458399443,-0.00192960126952502,0.0351562785683608,0.0178870298383451,0.0193584518076116,0.0264558560074868,1.00512014237446,0.0228686548980132,-0.0116767393818266,0.0359073885406443
0.00693038205914751,0.0448913223628811,-0.0412147403718552,-0.0128685142673261,-0.0197067975492037,0.0121954760465789,0.0228686548980132,1.01377839264733,0.0508638752197577,-0.0289668125478376
-0.0582240888030141,-0.0281631021801131,-0.0379023026656391,0.0762917378269121,-0.0390660178179786,-0.0129282704939826,-0.0116767393818266,0.0508638752197577,0.970888315119377,0.0142219240008227
0.0208867273066255,-0.0212536864551849,-0.0339041915247924,-0.0372474800975066,-0.0465115754553815,0.00542167732224942,0.0359073885406443,-0.0289668125478376,0.0142219240008227,0.9900951093505
