"V1","V2","V3","V4","V5","V6","V7","V8","V9","V10"
0.99406925648951,-0.000908505134787723,-0.0373911704387375,-0.019638446456102,-0.0175251557679146,-0.0637927168438105,0.0442461067408103,0.0115538553750872,0.00331303731921788,-0.0152148581212134
-0.000908505134787723,0.95784534752542,0.0110668867299212,0.0622251599388809,0.0708560330914215,0.00308308640902397,0.00331825069420752,-0.0283209843430365,-0.0463583843016921,-0.00728897387024201
-0.0373911704387375,0.0110668867299212,1.03250016375364,-0.0189521168666025,-0.00758076497120525,0.0710322429819108,-0.0465137641000067,0.0637351074954135,-0.00473559331801529,0.00876806450390052
-0.019638446456102,0.0622251599388809,-0.0189521168666025,1.00499608284157,-0.0440503835489303,0.00481659385273602,-0.0181542347705497,-0.0156194318699497,-0.00342801322398617,0.0746863894395957
-0.0175251557679146,0.0708560330914215,-0.00758076497120525,-0.0440503835489303,1.02715236466383,0.0222039156768486,0.00860237478938184,0.0509059204476799,-0.0201153231835804,-0.0213598705693381
-0.0637927168438105,0.00308308640902397,0.0710322429819108,0.00481659385273602,0.0222039156768486,1.05175456645415,0.0305657109823914,0.059543166189152,-0.0228996474223589,0.00305969952612964
0.0442461067408103,0.00331825069420752,-0.0465137641000067,-0.0181542347705497,0.00860237478938184,0.0305657109823914,1.05670681795798,-0.0232852005118793,0.0540997878587484,-0.0265432056616044
0.0115538553750872,-0.0283209843430365,0.0637351074954135,-0.0156194318699497,0.0509059204476799,0.059543166189152,-0.0232852005118793,1.05471878245607,0.013076020227336,-0.0155307903181266
0.00331303731921788,-0.0463583843016921,-0.00473559331801529,-0.00342801322398617,-0.0201153231835804,-0.0228996474223589,0.0540997878587484,0.013076020227336,0.997777015538271,-0.0166177329935105
-0.0152148581212134,-0.00728897387024201,0.00876806450390052,0.0746863894395957,-0.0213598705693381,0.00305969952612964,-0.0265432056616044,-0.0155307903181266,-0.0166177329935105,1.0248463619554
