"V1","V2","V3","V4","V5","V6","V7","V8","V9","V10"
1.00383655157986,-0.00381090177469754,-0.0117036292849751,0.00261777591307832,-0.0158940356989182,-0.0059281352967722,-0.00849617037990918,-0.0346586043835144,-0.00773890315655521,0.0143705270445507
-0.00381090177469754,0.986299910687423,0.0206285504320348,0.00672906147137145,0.00400621654556013,-0.0128287726609083,-0.032807182100099,-0.0405666352556551,0.0326026639337196,0.0129544240084916
-0.0117036292849751,0.0206285504320348,0.950024250472351,-0.00104204737330548,0.0322193101018087,0.0018955421763925,0.0489040060383321,-0.00993508798467574,0.0423599294835091,-0.055584381793636
0.00261777591307832,0.00672906147137145,-0.00104204737330548,0.987575883626818,-0.000786417867265103,-0.0637352886037296,-0.00296270882985333,0.0208928448789081,0.00692147871896312,-0.0166739699732743
-0.0158940356989182,0.00400621654556013,0.0322193101018087,-0.000786417867265103,0.998839320889067,-0.00355211542349547,0.0591829270606442,-0.0231364508471547,0.0615138929538917,0.0183471044397789
-0.0059281352967722,-0.0128287726609083,0.0018955421763925,-0.0637352886037296,-0.00355211542349547,0.899558278705588,0.0590184022763888,0.0222859769955831,0.0427019406417104,-0.0413975009390092
-0.00849617037990918,-0.032807182100099,0.0489040060383321,-0.00296270882985333,0.0591829270606442,0.0590184022763888,0.986730164091887,-0.000942322155864196,0.00377101846307471,-0.0336398392860825
-0.0346586043835144,-0.0405666352556551,-0.00993508798467574,0.0208928448789081,-0.0231364508471547,0.0222859769955831,-0.000942322155864196,1.00438883507108,-0.0107242645080025,-0.00489037963359366
-0.00773890315655521,0.0326026639337196,0.0423599294835091,0.00692147871896312,0.0615138929538917,0.0427019406417104,0.00377101846307471,-0.0107242645080025,0.894322879860727,0.0322956225065085
0.0143705270445507,0.0129544240084916,-0.055584381793636,-0.0166739699732743,0.0183471044397789,-0.0413975009390092,-0.0336398392860825,-0.00489037963359366,0.0322956225065085,1.06371998010875
