"V1","V2","V3","V4","V5","V6","V7","V8","V9","V10"
0.895747543008049,-0.0589141905128248,0.0475574602512654,-0.0223887561701145,0.0468318187954182,-0.00151936590279497,-0.0365441136398791,-0.0055000951890272,0.0278123795324903,0.0401900710094947
-0.0589141905128248,0.985254361172522,0.0474060513685429,0.0781965374916605,0.018241066171064,0.00468790325479511,0.032435363644508,0.0324447532012038,0.0789172828399465,-0.0307721651464472
0.0475574602512654,0.0474060513685429,0.886994954032799,-0.0427653696160811,0.0250936680836478,-0.0105677431666392,-0.0173970788699246,-0.0254346886653525,-0.0322262816417177,-0.0145143475892654
-0.0223887561701145,0.0781965374916605,-0.0427653696160811,0.988916894176752,0.0483288386589886,0.0491064910604398,-0.0123174488868488,0.015903931923011,-0.00275555426796409,-0.0388537016823353
0.0468318187954182,0.018241066171064,0.0250936680836478,0.0483288386589886,0.975601280962339,-0.0180410027779246,0.0322061554900152,-0.0370284718083313,0.00538466827614808,-0.00997426447075682
-0.00151936590279497,0.00468790325479511,-0.0105677431666392,0.0491064910604398,-0.0180410027779246,0.942601877499684,-0.00577076904199654,0.0290279877326658,-0.0383228713837278,0.00476563272999245
-0.0365441136398791,0.032435363644508,-0.0173970788699246,-0.0123174488868488,0.0322061554900152,-0.00577076904199654,1.07272356714066,0.0484574345613013,0.0184985645676121,0.0185823195852679
-0.0055000951890272,0.0324447532012038,-0.0254346886653525,0.015903931923011,-0.0370284718083313,0.0290279877326658,0.0484574345613013,1.01543903029889,0.043541318578701,-0.0171940016393207
0.0278123795324903,0.0789172828399465,-0.0322262816417177,-0.00275555426796409,0.00538466827614808,-0.0383228713837278,0.0184985645676121,0.043541318578701,1.00854827395936,0.0678904964253839
0.0401900710094947,-0.0307721651464472,-0.0145143475892654,-0.0388537016823353,-0.00997426447075682,0.00476563272999245,0.0185823195852679,-0.0171940016393207,0.0678904964253839,0.985316313028694
