"V1","V2","V3","V4","V5","V6","V7","V8","V9","V10"
0.977353817856426,0.0336226100239936,0.00165920501633243,0.0137290031824242,0.0284872972985297,-0.0345379631852988,-0.00194156577236669,0.0331194244242257,0.00364143126899027,-0.0229786695657015
0.0336226100239936,0.990271583018324,-0.016657357621257,-0.0324052983766428,0.0775498337555858,-0.0456868651587868,0.0199551489480843,-0.0526949933550879,-0.00202564195425377,-0.0207089738536378
0.00165920501633243,-0.016657357621257,1.02751161891588,-0.00837879854330135,0.0865275149206972,-0.0049204464225369,0.0111328491118158,-0.0455782828864291,0.00891178439132577,-0.0200342641521552
0.0137290031824242,-0.0324052983766428,-0.00837879854330135,0.973786278535047,-0.0425228427550829,0.0485535174849003,0.0505181066804821,-0.0210566141293044,0.00585541633026237,0.0254991381684351
0.0284872972985297,0.0775498337555858,0.0865275149206972,-0.0425228427550829,0.906220061995129,-0.0117711319110815,-0.0642396705414902,0.000286946922160453,-0.0228588326596199,-0.045154144778692
-0.0345379631852988,-0.0456868651587868,-0.0049204464225369,0.0485535174849003,-0.0117711319110815,1.01896752963935,0.0240088311437619,0.0625242658128277,-0.0171713726065465,-0.00959857520343971
-0.00194156577236669,0.0199551489480843,0.0111328491118158,0.0505181066804821,-0.0642396705414902,0.0240088311437619,0.972978589362252,0.00998591246947587,0.023429022284746,0.0228885859442898
0.0331194244242257,-0.0526949933550879,-0.0455782828864291,-0.0210566141293044,0.000286946922160453,0.0625242658128277,0.00998591246947587,0.915484377852393,-0.00788798739724753,-4.58042001502038e-05
0.00364143126899027,-0.00202564195425377,0.00891178439132577,0.00585541633026237,-0.0228588326596199,-0.0171713726065465,0.023429022284746,-0.00788798739724753,0.952618995078463,-0.030474716572277
-0.0229786695657015,-0.0207089738536378,-0.0200342641521552,0.0254991381684351,-0.045154144778692,-0.00959857520343971,0.0228885859442898,-4.58042001502038e-05,-0.030474716572277,1.06283539841033
