"V1","V2","V3","V4","V5","V6","V7","V8","V9","V10"
1.05168948676052,-0.0011426374981664,0.0294879727509484,-0.0402838345472318,0.0248137867429513,-0.0125511476350266,-0.0868054074254081,-0.0573193068117562,-0.0594658823221236,0.0199969713618661
-0.0011426374981664,0.995052998091814,0.000101068334795596,-0.00955702364703366,0.0391709972131578,-0.0125338632830101,0.000782347799476194,0.00553783984721464,0.00338428290492945,0.00593722182196469
0.0294879727509484,0.000101068334795596,1.06255000020318,0.0175702054451847,0.083790894230676,0.00724498137533186,0.0128153134132429,0.021267867690889,0.0234062691618072,0.00995873826266655
-0.0402838345472318,-0.00955702364703366,0.0175702054451847,1.05914352582889,-0.0359188669946224,-0.0417509923015279,0.0485183107592265,0.015142696495377,-0.0155860640659533,0.0437053513858875
0.0248137867429513,0.0391709972131578,0.083790894230676,-0.0359188669946224,0.978562120143147,0.0736099013897248,0.0474853688300973,-0.00831775489419481,0.0315526968572376,0.0211088786989664
-0.0125511476350266,-0.0125338632830101,0.00724498137533186,-0.0417509923015279,0.0736099013897248,0.928459959894781,0.019735639436719,-0.0340461129476733,0.0211630273647667,-0.00903996122206563
-0.0868054074254081,0.000782347799476194,0.0128153134132429,0.0485183107592265,0.0474853688300973,0.019735639436719,1.03342728736453,-0.010344103423229,0.0461086473875015,-0.000250041444646623
-0.0573193068117562,0.00553783984721464,0.021267867690889,0.015142696495377,-0.00831775489419481,-0.0340461129476733,-0.010344103423229,0.918870368882771,-0.0261051106064794,-0.0402084608283137
-0.0594658823221236,0.00338428290492945,0.0234062691618072,-0.0155860640659533,0.0315526968572376,0.0211630273647667,0.0461086473875015,-0.0261051106064794,1.00635108159724,-0.0230574721071287
0.0199969713618661,0.00593722182196469,0.00995873826266655,0.0437053513858875,0.0211088786989664,-0.00903996122206563,-0.000250041444646623,-0.0402084608283137,-0.0230574721071287,1.01856175159811
