"V1","V2","V3","V4","V5","V6","V7","V8","V9","V10"
0.983659173256198,-0.0363139941448826,-0.0544215666355297,0.0156637286179847,0.0428576164488145,0.0274018647575799,-0.0160025670514496,0.0521085173692396,0.0362774852604832,0.0574676493274319
-0.0363139941448826,1.01887507655821,0.0308008450339873,0.0498894781665207,-0.0167603763288132,-0.0338819014847086,0.0737209655659145,0.035139310814158,0.0247247252024116,-0.0569655627977403
-0.0544215666355297,0.0308008450339873,1.0931977942939,-0.0112562727701033,-0.0564452305682753,0.0306265089386129,0.019067758537489,0.017628443379376,-0.0265053305086977,-0.0353063215784105
0.0156637286179847,0.0498894781665207,-0.0112562727701033,0.980790738987805,-0.0275195410250765,0.0263065761594359,0.0497724306677441,0.0203346255419373,-0.0669848418500555,0.0811650630558869
0.0428576164488145,-0.0167603763288132,-0.0564452305682753,-0.0275195410250765,1.02303166800667,0.0251688740870721,0.0485572003336271,0.0416894339551061,0.0149484095641906,0.00231864745759639
0.0274018647575799,-0.0338819014847086,0.0306265089386129,0.0263065761594359,0.0251688740870721,1.05626940634951,0.00774986380497595,0.0242050708707154,0.00250729460630909,-0.000775309682436497
-0.0160025670514496,0.0737209655659145,0.019067758537489,0.0497724306677441,0.0485572003336271,0.00774986380497595,1.03051646355351,0.0318713605766651,-0.0471618731811842,0.0283986684735662
0.0521085173692396,0.035139310814158,0.017628443379376,0.0203346255419373,0.0416894339551061,0.0242050708707154,0.0318713605766651,0.982550532330256,0.00735119154420907,0.0133097759216772
0.0362774852604832,0.0247247252024116,-0.0265053305086977,-0.0669848418500555,0.0149484095641906,0.00250729460630909,-0.0471618731811842,0.00735119154420907,0.999119548093341,-0.0287198018667805
0.0574676493274319,-0.0569655627977403,-0.0353063215784105,0.0811650630558869,0.00231864745759639,-0.000775309682436497,0.0283986684735662,0.0133097759216772,-0.0287198018667805,0.978795138379355
