"V1","V2","V3","V4","V5","V6","V7","V8","V9","V10"
1.01746204917856,0.0429864175356231,-0.0463988912959234,-0.0395185161629673,-0.0212113499589748,-0.00818458649690069,0.0169632307116543,0.0073284820925476,-0.0600479811765298,-0.00626392437203973
0.0429864175356231,0.958023450759426,0.0144986793509321,-0.00177297615649931,0.00800787965236787,-0.0654710437790276,-0.00195957300936744,-0.0303372229489958,0.0783198783328805,0.0235002783297788
-0.0463988912959234,0.0144986793509321,1.03365787290191,-0.118176230349288,-0.0665979288109275,-0.0108798957401835,-0.0174323821603597,0.0423506953203148,-0.0160849561302223,0.05123304273607
-0.0395185161629673,-0.00177297615649931,-0.118176230349288,0.968472402513919,0.000274961389029684,-0.00941026162273025,-0.00864840167847356,-0.0212984568739735,0.0347160161549286,0.00580146718001973
-0.0212113499589748,0.00800787965236787,-0.0665979288109275,0.000274961389029684,0.92027168542127,-0.0227273818608084,0.0293017812076147,-0.00298594631148267,0.0281006615200437,0.0130067482644185
-0.00818458649690069,-0.0654710437790276,-0.0108798957401835,-0.00941026162273025,-0.0227273818608084,0.961096635224808,0.00305285853769294,-0.0394587981983649,-0.0133604787893414,-0.036572786193139
0.0169632307116543,-0.00195957300936744,-0.0174323821603597,-0.00864840167847356,0.0293017812076147,0.00305285853769294,1.02940300916847,-0.00456751555618604,-0.0352741733769602,0.0453488753463598
0.0073284820925476,-0.0303372229489958,0.0423506953203148,-0.0212984568739735,-0.00298594631148267,-0.0394587981983649,-0.00456751555618604,1.07905608180917,-0.0119717093904081,0.033994553499265
-0.0600479811765298,0.0783198783328805,-0.0160849561302223,0.0347160161549286,0.0281006615200437,-0.0133604787893414,-0.0352741733769602,-0.0119717093904081,0.936854788596067,0.0367170790390228
-0.00626392437203973,0.0235002783297788,0.05123304273607,0.00580146718001973,0.0130067482644185,-0.036572786193139,0.0453488753463598,0.033994553499265,0.0367170790390228,0.957878727405626
