"V1","V2","V3","V4","V5","V6","V7","V8","V9","V10"
1.03684197166393,-0.000354463480375221,0.0467320821610122,-0.025757844968027,-0.0256888151284137,-0.0292229632412827,-0.054916730640557,0.114277374091764,0.0284173922193347,-0.0105724556914967
-0.000354463480375221,1.11327413388503,0.0450822423967615,0.0267831062511714,0.00223747770936307,-0.0547561788310834,0.0636556593431357,0.0262456509538794,-0.0636349898062262,0.0115908092651576
0.0467320821610122,0.0450822423967615,0.965110954260523,0.0181792075599245,0.0411338389868107,0.0859208045691462,-0.0316411372121905,-0.0223810207221155,0.0427384640071477,0.0183029246531062
-0.025757844968027,0.0267831062511714,0.0181792075599245,0.983778129284615,0.00452799407855438,-0.0164615226831739,-0.0576089512126272,-0.0585254503647607,0.0275682518511338,-0.0469927886335538
-0.0256888151284137,0.00223747770936307,0.0411338389868107,0.00452799407855438,1.04399539955605,0.015979116328276,-0.00275506410061743,-0.0643959523255069,-0.0100303767614175,0.0499357370169991
-0.0292229632412827,-0.0547561788310834,0.0859208045691462,-0.0164615226831739,0.015979116328276,1.06428455960158,0.018147858031311,0.0294045825309291,0.0177750411118916,-0.0352173230117555
-0.054916730640557,0.0636556593431357,-0.0316411372121905,-0.0576089512126272,-0.00275506410061743,0.018147858031311,1.04484804765351,0.0293479222486785,-0.0286486228971147,0.0160603134711949
0.114277374091764,0.0262456509538794,-0.0223810207221155,-0.0585254503647607,-0.0643959523255069,0.0294045825309291,0.0293479222486785,0.984994513007727,0.0174337886953623,-0.00701652814906421
0.0284173922193347,-0.0636349898062262,0.0427384640071477,0.0275682518511338,-0.0100303767614175,0.0177750411118916,-0.0286486228971147,0.0174337886953623,0.967652938550836,0.0139619093313518
-0.0105724556914967,0.0115908092651576,0.0183029246531062,-0.0469927886335538,0.0499357370169991,-0.0352173230117555,0.0160603134711949,-0.00701652814906421,0.0139619093313518,0.981452802141804
