"V1","V2","V3","V4","V5","V6","V7","V8","V9","V10"
0.925634918147291,-0.00108784315692768,-0.00419281315781144,-0.0625268345465338,0.0188131051327922,0.00611151655706825,0.0184343803568913,-0.0394371908748293,0.006352474274126,0.0084179663742934
-0.00108784315692768,1.03104783101195,0.0121525327563683,0.035183704835586,0.0197306949358794,-0.0333493212327,-0.0828276937012884,0.0613531812588408,0.00719864282100416,0.054159788855571
-0.00419281315781144,0.0121525327563683,1.00044372296574,0.0394104200875532,0.00149004562060977,-0.0062355641545252,-0.0505932799877434,0.0130384388593734,-0.0364036906007456,0.037037290883841
-0.0625268345465338,0.035183704835586,0.0394104200875532,1.00850964736282,0.0185334835113421,-0.0351912755812322,-0.0455982754833594,0.0436727452263879,-0.00028598595333548,-0.0133449984141171
0.0188131051327922,0.0197306949358794,0.00149004562060977,0.0185334835113421,0.973775571106445,0.00348884371016547,-0.0152094716620141,0.0460162269164437,-0.00914720538838388,0.00926851953260772
0.00611151655706825,-0.0333493212327,-0.0062355641545252,-0.0351912755812322,0.00348884371016547,1.00784050738287,-0.00952572577604646,-0.028843030725558,-0.0226238300232901,-0.020357544547179
0.0184343803568913,-0.0828276937012884,-0.0505932799877434,-0.0455982754833594,-0.0152094716620141,-0.00952572577604646,0.938243673133152,0.00106564207939574,-0.0144432601822663,0.0883981665194888
-0.0394371908748293,0.0613531812588408,0.0130384388593734,0.0436727452263879,0.0460162269164437,-0.028843030725558,0.00106564207939574,0.929492755722612,-0.0270423008377477,-0.00507595495058097
0.006352474274126,0.00719864282100416,-0.0364036906007456,-0.00028598595333548,-0.00914720538838388,-0.0226238300232901,-0.0144432601822663,-0.0270423008377477,1.00504452767737,0.0548761030246333
0.0084179663742934,0.054159788855571,0.037037290883841,-0.0133449984141171,0.00926851953260772,-0.020357544547179,0.0883981665194888,-0.00507595495058097,0.0548761030246333,1.04706305162577
