"V1","V2","V3","V4","V5","V6","V7","V8","V9","V10"
1.04404022575295,-0.0402432875455901,0.0200847154121001,-0.0301163701418766,0.000410653014328285,-0.0184427935529673,-0.0223937256147565,0.0208983906018609,-0.0142160932532034,-0.0212769941625209
-0.0402432875455901,0.983485223731698,0.0451683585289872,0.0357928036937809,0.0398185753364448,0.00394725309790272,-0.0438476437784677,0.0131617047678748,-0.0579713169435804,-0.00870138616028607
0.0200847154121001,0.0451683585289872,1.02575443953344,-0.0348913344722867,0.00299577722036258,0.0401533515992501,-0.0197005510153182,0.0313545706784848,0.00422845700973252,-0.0245749316088588
-0.0301163701418766,0.0357928036937809,-0.0348913344722867,0.913639079438053,0.0277389926141599,0.00984301033396551,-0.00606042969334041,-4.08031814002853e-05,-0.00541319870220513,0.0177185424124284
0.000410653014328285,0.0398185753364448,0.00299577722036258,0.0277389926141599,1.05000996777281,0.0342902580108173,-0.0634788803823558,8.5410784308917e-05,0.0266356949885538,-0.0114771648441519
-0.0184427935529673,0.00394725309790272,0.0401533515992501,0.00984301033396551,0.0342902580108173,1.01491587220622,-0.0463148170143056,0.00997692587804564,-0.0416640851426238,-0.054007829968346
-0.0223937256147565,-0.0438476437784677,-0.0197005510153182,-0.00606042969334041,-0.0634788803823558,-0.0463148170143056,1.08206239229594,-0.0219998731769753,-0.00957665859971513,-0.0231821644379254
0.0208983906018609,0.0131617047678748,0.0313545706784848,-4.08031814002853e-05,8.5410784308917e-05,0.00997692587804564,-0.0219998731769753,0.98703087312354,0.0354469447340621,0.00343567273883494
-0.0142160932532034,-0.0579713169435804,0.00422845700973252,-0.00541319870220513,0.0266356949885538,-0.0416640851426238,-0.00957665859971513,0.0354469447340621,0.980275793297202,-0.0253639305656214
-0.0212769941625209,-0.00870138616028607,-0.0245749316088588,0.0177185424124284,-0.0114771648441519,-0.054007829968346,-0.0231821644379254,0.00343567273883494,-0.0253639305656214,1.00266708125256
