"V1","V2","V3","V4","V5","V6","V7","V8","V9","V10"
0.965799594101525,0.0788667987849999,0.027352259681923,-0.0519361046785374,0.0408422083404214,0.0386659508087572,-0.0253446214204844,-0.013873563190248,0.0296955748589713,0.0141592157494007
0.0788667987849999,0.980298522839644,0.0127877702040101,0.00702791542693534,-0.00594974373245497,0.0564365052825935,-0.0493879802141436,-0.0215565085079973,0.020032837647828,0.0650131078859208
0.027352259681923,0.0127877702040101,1.02058348365165,-0.0626391870402816,-0.0665463843361609,-0.00391785705596387,0.0199805519174019,-0.0196397193232733,-0.0115112629658575,-0.032383660990626
-0.0519361046785374,0.00702791542693534,-0.0626391870402816,1.00494148397352,0.0163711978108317,-0.0217441507737179,-0.0160367038648917,0.0175730995257552,-0.00751348706661844,-0.0599065533709153
0.0408422083404214,-0.00594974373245497,-0.0665463843361609,0.0163711978108317,0.993562557317372,0.0164747167666185,0.0257175461944489,0.0174283887139994,0.0110736251278735,0.0199268873758137
0.0386659508087572,0.0564365052825935,-0.00391785705596387,-0.0217441507737179,0.0164747167666185,0.955496887297611,-0.0202715326769285,-0.0449245235228259,-0.0028189180185705,0.0214078794283173
-0.0253446214204844,-0.0493879802141436,0.0199805519174019,-0.0160367038648917,0.0257175461944489,-0.0202715326769285,0.952572443606526,-0.0154906131839866,-0.00334284089230392,0.0154261617510239
-0.013873563190248,-0.0215565085079973,-0.0196397193232733,0.0175730995257552,0.0174283887139994,-0.0449245235228259,-0.0154906131839866,1.00538441662305,-0.0466291972890013,0.0817528341042753
0.0296955748589713,0.020032837647828,-0.0115112629658575,-0.00751348706661844,0.0110736251278735,-0.0028189180185705,-0.00334284089230392,-0.0466291972890013,0.970777285625676,-0.0233847529709887
0.0141592157494007,0.0650131078859208,-0.032383660990626,-0.0599065533709153,0.0199268873758137,0.0214078794283173,0.0154261617510239,0.0817528341042753,-0.0233847529709887,0.981787826741693
