"V1","V2","V3","V4","V5","V6","V7","V8","V9","V10"
1.0062081280294,0.0132101924846498,-0.0538966312613415,-0.0560919200620982,0.0179314359952299,-0.0117477339482407,0.00805767589636328,0.0603321259557023,0.023484288110949,0.034758780177994
0.0132101924846498,0.969070541473274,0.00176338726236241,0.0063166400081398,0.0149239100983019,0.0185584609388851,0.014053493519349,-0.0397247687386232,0.0214691159325145,-0.0571238484354605
-0.0538966312613415,0.00176338726236241,1.02693693518349,-0.0175770150361217,0.0139677219872305,0.0335377174743456,0.0738003242232666,-0.00597894714687602,-0.00751349961865532,-0.0163484076776081
-0.0560919200620982,0.0063166400081398,-0.0175770150361217,1.05725164503933,0.0324232864251212,0.0328767573097315,-0.0172355483472551,0.0500113986200268,0.0120854002978569,-0.0197258064573612
0.0179314359952299,0.0149239100983019,0.0139677219872305,0.0324232864251212,1.0782490108301,-0.000945085189389558,0.0128753067880534,-0.0137953582818946,-0.0293366283549045,-0.00922441647383869
-0.0117477339482407,0.0185584609388851,0.0335377174743456,0.0328767573097315,-0.000945085189389558,1.00456191158051,-0.0469211483039236,0.00591135027619662,-0.0950716396067324,0.0155425203527809
0.00805767589636328,0.014053493519349,0.0738003242232666,-0.0172355483472551,0.0128753067880534,-0.0469211483039236,0.99996431541918,0.0457832628948701,0.0174580768870228,0.0296301905467965
0.0603321259557023,-0.0397247687386232,-0.00597894714687602,0.0500113986200268,-0.0137953582818946,0.00591135027619662,0.0457832628948701,1.04352158041198,0.00663048482881928,0.0145697333830696
0.023484288110949,0.0214691159325145,-0.00751349961865532,0.0120854002978569,-0.0293366283549045,-0.0950716396067324,0.0174580768870228,0.00663048482881928,0.971430996570193,-0.0206416729631304
0.034758780177994,-0.0571238484354605,-0.0163484076776081,-0.0197258064573612,-0.00922441647383869,0.0155425203527809,0.0296301905467965,0.0145697333830696,-0.0206416729631304,0.992879694019602
