"V1","V2","V3","V4","V5","V6","V7","V8","V9","V10"
1.04751122413375,0.0108555241008192,0.0183156607334624,0.0262211582541229,0.0259730162262099,0.0226311003253258,-0.0799955244286495,-0.0259653739858994,-0.0889711252496824,-0.0741585857741411
0.0108555241008192,0.997358652663,5.81749250758532e-05,0.0225930676999788,-0.0304744610266567,-0.0206535056523648,0.0167657847655896,-0.0701500201906807,0.0121656520882623,-0.04070676888998
0.0183156607334624,5.81749250758532e-05,0.960625873266012,0.000730411899310451,-0.0429509870014811,-0.024987353010883,0.0300119339488576,0.0151430571528008,-0.0180131451592491,0.0591551265506724
0.0262211582541229,0.0225930676999788,0.000730411899310451,0.989969028944188,-0.0266377784166219,0.0466978351891648,0.057878852505088,0.0137164829459794,-0.0524269368487264,-0.00109745470463961
0.0259730162262099,-0.0304744610266567,-0.0429509870014811,-0.0266377784166219,1.06869610530546,0.0773477189022123,-0.0320985125048952,0.0317972819380949,0.025566706785194,0.0588869228231135
0.0226311003253258,-0.0206535056523648,-0.024987353010883,0.0466978351891648,0.0773477189022123,1.00133569667026,0.038201818195174,-0.0628877560737475,-0.000627717006244748,0.00232225406177664
-0.0799955244286495,0.0167657847655896,0.0300119339488576,0.057878852505088,-0.0320985125048952,0.038201818195174,1.01924892985613,-0.0166703603555451,0.00308892359162218,-0.00986627381436056
-0.0259653739858994,-0.0701500201906807,0.0151430571528008,0.0137164829459794,0.0317972819380949,-0.0628877560737475,-0.0166703603555451,1.02179290517203,0.0321748316746806,-0.0445874211952584
-0.0889711252496824,0.0121656520882623,-0.0180131451592491,-0.0524269368487264,0.025566706785194,-0.000627717006244748,0.00308892359162218,0.0321748316746806,1.01032430574758,0.024567825287995
-0.0741585857741411,-0.04070676888998,0.0591551265506724,-0.00109745470463961,0.0588869228231135,0.00232225406177664,-0.00986627381436056,-0.0445874211952584,0.024567825287995,1.00576882331323
