"V1","V2","V3","V4","V5","V6","V7","V8","V9","V10"
1.00671699693092,-0.0400266523328003,-0.0164715265875458,-0.0271052798085711,0.0175669970447841,-0.00537451930953091,0.0216096970801444,-0.00122219801163874,0.0324103845816695,0.00614889421476466
-0.0400266523328003,0.998486648159112,-0.0225047826427238,0.0318975062597766,0.0209835356008397,-0.0449393425781488,0.0657632689223467,-0.0201467284992423,0.0249333657830456,-0.0253584825613934
-0.0164715265875458,-0.0225047826427238,1.07085551550254,-0.0281379094314037,0.103736377636986,-0.0406421444654756,0.014590194313001,-0.0480433498797803,-0.0438729447356191,0.0225495475545559
-0.0271052798085711,0.0318975062597766,-0.0281379094314037,1.04478702268393,0.00657989419164685,-0.0322126697326013,0.0190749910079764,0.0294283000206903,0.0288723020450127,0.0157605865520502
0.0175669970447841,0.0209835356008397,0.103736377636986,0.00657989419164685,1.0136453707815,0.0111612474279382,-0.00465707298033405,0.0214793867907744,0.00561084602907353,0.0160793139769693
-0.00537451930953091,-0.0449393425781488,-0.0406421444654756,-0.0322126697326013,0.0111612474279382,1.02287778220218,-0.0498971712420135,0.00908489666166,-0.00736384997949128,-0.00866415120987479
0.0216096970801444,0.0657632689223467,0.014590194313001,0.0190749910079764,-0.00465707298033405,-0.0498971712420135,0.981505703559935,-0.00366106780252508,-0.0589261882149131,0.0324502697082976
-0.00122219801163874,-0.0201467284992423,-0.0480433498797803,0.0294283000206903,0.0214793867907744,0.00908489666166,-0.00366106780252508,0.938867308838542,-0.0372859605609597,0.00706579391468181
0.0324103845816695,0.0249333657830456,-0.0438729447356191,0.0288723020450127,0.00561084602907353,-0.00736384997949128,-0.0589261882149131,-0.0372859605609597,1.0647189558293,-0.119169914447991
0.00614889421476466,-0.0253584825613934,0.0225495475545559,0.0157605865520502,0.0160793139769693,-0.00866415120987479,0.0324502697082976,0.00706579391468181,-0.119169914447991,1.04412993403375
