"V1","V2","V3","V4","V5","V6","V7","V8","V9","V10"
0.924971568221114,-0.0515373796092255,0.0144637888584345,0.0362574890396429,0.0288517855120858,-0.0488552548159498,-0.0487266931843153,-0.00979627923102735,0.00493860456238606,-0.00589675782088577
-0.0515373796092255,1.01534065758049,-0.0145272569422379,0.00860829083419646,0.0463987562202609,-0.0440649369463992,0.0235526409776129,0.0514079080799389,0.0462910761169594,-0.0226871325744842
0.0144637888584345,-0.0145272569422379,1.05362446888178,-0.0239794994496811,-0.00145848058210584,-0.013851860964168,-0.022359082799851,0.0274560222142906,0.0154594550201302,0.0338987453056819
0.0362574890396429,0.00860829083419646,-0.0239794994496811,1.05062981672176,0.0627348719975441,0.0183783544786124,0.0569722250932332,-0.00593294582657215,0.0217692784903842,0.0581137530201339
0.0288517855120858,0.0463987562202609,-0.00145848058210584,0.0627348719975441,0.922870258291304,0.0120836348352179,-0.0204239675639357,-0.0137393384461442,0.00272296843451343,-0.0155617253948295
-0.0488552548159498,-0.0440649369463992,-0.013851860964168,0.0183783544786124,0.0120836348352179,1.01295518439915,0.00616445815761742,-0.0408884043757936,-0.0204269121488451,-0.0203347110176364
-0.0487266931843153,0.0235526409776129,-0.022359082799851,0.0569722250932332,-0.0204239675639357,0.00616445815761742,1.02134893412541,-0.078205869060179,0.00217739446383174,0.0788427899220461
-0.00979627923102735,0.0514079080799389,0.0274560222142906,-0.00593294582657215,-0.0137393384461442,-0.0408884043757936,-0.078205869060179,1.01520509601127,0.0144057428779081,0.0303018312343201
0.00493860456238606,0.0462910761169594,0.0154594550201302,0.0217692784903842,0.00272296843451343,-0.0204269121488451,0.00217739446383174,0.0144057428779081,1.04356547647189,0.0229708643742133
-0.00589675782088577,-0.0226871325744842,0.0338987453056819,0.0581137530201339,-0.0155617253948295,-0.0203347110176364,0.0788427899220461,0.0303018312343201,0.0229708643742133,0.988944180181727
