"V1","V2","V3","V4","V5","V6","V7","V8","V9","V10"
1.11724659863083,0.0171152449216253,-0.045142557327622,0.0252483103660951,0.00488527006829095,-0.00175219299701154,-0.0201492484600433,0.0913183249465877,-0.00299845671040187,0.0177171983341688
0.0171152449216253,1.02887174471523,-0.0261064483354782,-0.0198377807850807,-0.0531078557254424,0.0998221812470575,0.0316501423486404,-0.0525952424044102,-0.0248542554796994,0.0239215085924611
-0.045142557327622,-0.0261064483354782,1.0132630199998,0.0420686541258874,0.0180305292942529,-0.0362881663375325,-0.0109563211410023,-0.0674552819057725,-0.0376572938574763,-0.0169672140189768
0.0252483103660951,-0.0198377807850807,0.0420686541258874,1.06545283954008,0.0378923321472259,0.0130301200400755,-0.0506341901913421,-0.0513559087298108,0.0401423951918819,0.0083436679208319
0.00488527006829095,-0.0531078557254424,0.0180305292942529,0.0378923321472259,0.966851528771216,-0.0259758633468705,-0.0738384387183562,0.0622408803803904,0.022020235579096,-0.0222295718396483
-0.00175219299701154,0.0998221812470575,-0.0362881663375325,0.0130301200400755,-0.0259758633468705,0.951009794122478,0.0115616840138701,-0.00343935354929545,-0.0328454717366445,-0.0186241627894624
-0.0201492484600433,0.0316501423486404,-0.0109563211410023,-0.0506341901913421,-0.0738384387183562,0.0115616840138701,0.950053296386286,0.0505375112785297,-0.00253231802720707,0.00305370341559078
0.0913183249465877,-0.0525952424044102,-0.0674552819057725,-0.0513559087298108,0.0622408803803904,-0.00343935354929545,0.0505375112785297,1.04407706741052,0.0463359470400583,0.0787312250431278
-0.00299845671040187,-0.0248542554796994,-0.0376572938574763,0.0401423951918819,0.022020235579096,-0.0328454717366445,-0.00253231802720707,0.0463359470400583,0.981933059707206,0.0535421127718764
0.0177171983341688,0.0239215085924611,-0.0169672140189768,0.0083436679208319,-0.0222295718396483,-0.0186241627894624,0.00305370341559078,0.0787312250431278,0.0535421127718764,0.96142333629429
