"V1","V2","V3","V4","V5","V6","V7","V8","V9","V10"
0.992804449591949,-0.00563464814320947,-0.0210427720479077,-0.00961743806270064,-0.0627391605899584,-0.0132581623639988,0.0444433058541525,0.019454880114606,-0.0447220710230273,-0.0205930889376892
-0.00563464814320947,1.01825602615862,0.00330118279237266,0.114564131321946,0.0104076490335109,-0.00429474862795012,-0.0449112585946148,-0.00985103160294218,-0.0190813547550341,-0.041110982782081
-0.0210427720479077,0.00330118279237266,1.06263578648497,-0.0336810298106828,-0.0353417986363419,-0.0551417281483971,0.00867082180909048,-0.08464385246788,-0.0302111780516287,0.0293409099807636
-0.00961743806270064,0.114564131321946,-0.0336810298106828,1.09176373666046,0.0122166263047508,0.022518839289659,0.0146821862967864,0.0195493064982309,-0.0558364926816574,-0.0701272894548563
-0.0627391605899584,0.0104076490335109,-0.0353417986363419,0.0122166263047508,1.03347743436019,-0.0329824384459766,-0.0179007812305786,-0.0579666307794141,0.0624697835646277,0.00760065473349559
-0.0132581623639988,-0.00429474862795012,-0.0551417281483971,0.022518839289659,-0.0329824384459766,1.04436144163606,-0.029696334008812,-0.011019120077351,-0.0183793454755329,0.00673814439408925
0.0444433058541525,-0.0449112585946148,0.00867082180909048,0.0146821862967864,-0.0179007812305786,-0.029696334008812,0.954593994181686,-0.0101382766138266,0.00898414099500793,-0.0680069850016264
0.019454880114606,-0.00985103160294218,-0.08464385246788,0.0195493064982309,-0.0579666307794141,-0.011019120077351,-0.0101382766138266,0.98332627905968,-0.0376917646339217,0.0812326208736269
-0.0447220710230273,-0.0190813547550341,-0.0302111780516287,-0.0558364926816574,0.0624697835646277,-0.0183793454755329,0.00898414099500793,-0.0376917646339217,0.999180509579575,-0.00516020159006353
-0.0205930889376892,-0.041110982782081,0.0293409099807636,-0.0701272894548563,0.00760065473349559,0.00673814439408925,-0.0680069850016264,0.0812326208736269,-0.00516020159006353,0.915595122439683
