"V1","V2","V3","V4","V5","V6","V7","V8","V9","V10"
1.04794196269865,0.0297065712842172,0.0205079766367667,0.0462530990010673,0.0585883582743476,-0.0151518862816841,0.0228867162137322,0.00581160555562032,-0.0237127234203846,0.0197651530619382
0.0297065712842172,0.966928835018373,0.0135203293666884,0.0239187154061729,0.0418540561678748,0.0178323383710412,0.0281966391302508,-0.0345189648038722,-0.0381388309208178,0.0336024537481448
0.0205079766367667,0.0135203293666884,0.957645888827154,0.0121172112695077,0.0334129857755903,0.0164551322855619,0.0976911984717492,-0.0138251087356966,-0.0195339934321257,-0.0720741040024776
0.0462530990010673,0.0239187154061729,0.0121172112695077,0.929004746935005,-0.0518224623124706,-0.00762784838204427,-0.0271544937882144,-0.0241541801989805,0.0104742946321073,-0.0401508193943714
0.0585883582743476,0.0418540561678748,0.0334129857755903,-0.0518224623124706,1.04018275374868,0.0100102176096659,0.0339853781054207,-0.0770588973420872,-0.00779462018870981,-0.0381901929320837
-0.0151518862816841,0.0178323383710412,0.0164551322855619,-0.00762784838204427,0.0100102176096659,0.984856814229893,-0.02408750602376,0.0197140056976488,-0.00662442350603236,-0.011775131643699
0.0228867162137322,0.0281966391302508,0.0976911984717492,-0.0271544937882144,0.0339853781054207,-0.02408750602376,1.00855107896718,0.0363105259693815,0.0485141989991692,-0.106495556456542
0.00581160555562032,-0.0345189648038722,-0.0138251087356966,-0.0241541801989805,-0.0770588973420872,0.0197140056976488,0.0363105259693815,0.9542412989064,0.0904031798817398,-0.0501881879258802
-0.0237127234203846,-0.0381388309208178,-0.0195339934321257,0.0104742946321073,-0.00779462018870981,-0.00662442350603236,0.0485141989991692,0.0904031798817398,1.06120784919623,-0.015496536122787
0.0197651530619382,0.0336024537481448,-0.0720741040024776,-0.0401508193943714,-0.0381901929320837,-0.011775131643699,-0.106495556456542,-0.0501881879258802,-0.015496536122787,1.05994475708804
