"V1","V2","V3","V4","V5","V6","V7","V8","V9","V10"
0.987482895068332,-0.0047225254130874,0.037952787564251,0.0438859378788616,0.0173284156889343,0.0123657375789684,0.00458227334773208,-0.0293638383901055,0.0630571740041728,0.00312658510690446
-0.0047225254130874,1.02731017611559,-0.00185476427679678,0.0344717705843133,-0.0651824312557498,0.0167308811148868,0.00679030715556888,-0.0193276808379254,0.0141999707503607,-0.0223840497445151
0.037952787564251,-0.00185476427679678,0.948131112486305,0.00337120390412379,0.00382852205848679,-0.0154858843016391,0.0230402128213348,-0.00820037878801235,0.0311517427143154,0.0278298832496367
0.0438859378788616,0.0344717705843133,0.00337120390412379,1.01167861672207,0.022232712102592,0.0111980892668685,-0.102042557267188,-0.0530285757482074,0.00906496908512944,0.0078877869109765
0.0173284156889343,-0.0651824312557498,0.00382852205848679,0.022232712102592,0.971174431168482,0.0215184420689833,-0.0032660267081026,-0.0388344427171761,0.00147558647241593,0.0202220752736071
0.0123657375789684,0.0167308811148868,-0.0154858843016391,0.0111980892668685,0.0215184420689833,1.02173433612923,0.0393213871702512,-0.028844360826167,0.0347262300068549,0.019118227709503
0.00458227334773208,0.00679030715556888,0.0230402128213348,-0.102042557267188,-0.0032660267081026,0.0393213871702512,1.01824576014832,0.0535562548714326,0.00152515777854623,0.00841188100185572
-0.0293638383901055,-0.0193276808379254,-0.00820037878801235,-0.0530285757482074,-0.0388344427171761,-0.028844360826167,0.0535562548714326,1.08738365084784,-0.0181479099979811,0.0243708153671766
0.0630571740041728,0.0141999707503607,0.0311517427143154,0.00906496908512944,0.00147558647241593,0.0347262300068549,0.00152515777854623,-0.0181479099979811,1.07980004705433,-0.0275269787971596
0.00312658510690446,-0.0223840497445151,0.0278298832496367,0.0078877869109765,0.0202220752736071,0.019118227709503,0.00841188100185572,0.0243708153671766,-0.0275269787971596,1.03849583445214
