"V1","V2","V3","V4","V5","V6","V7","V8","V9","V10"
0.96567032115823,0.0279776477259454,-0.0335373997422408,-0.00999609370410979,-0.0066278770850663,0.0218912556024069,-0.00448126164239487,0.0475436754308456,0.0112121636385072,-0.00130552723716007
0.0279776477259454,0.955855528101215,0.0158012692182747,0.0172565188162972,-0.0591572173264724,0.017351656856045,0.0138522043364839,-0.0234867546139514,0.0031112395474851,0.0456371911993747
-0.0335373997422408,0.0158012692182747,0.985366492275621,0.0248896951440379,-0.0160856343584817,0.0154681100303029,-0.0471601841816471,0.0528309495992354,0.00283171292988507,0.00507925574276646
-0.00999609370410979,0.0172565188162972,0.0248896951440379,0.996517675669828,0.015407391408825,-0.000637043625799578,-0.00351191469199556,-0.0702577965746972,0.0677087114883593,-0.0125407315218409
-0.0066278770850663,-0.0591572173264724,-0.0160856343584817,0.015407391408825,1.08560907991146,-0.0191728750518354,-0.00704651802454824,0.00207028017353332,0.009555653897094,-0.0470987103739659
0.0218912556024069,0.017351656856045,0.0154681100303029,-0.000637043625799578,-0.0191728750518354,0.988500909008963,-0.0252854551245388,-0.0472252751280919,-0.00563395144158936,-0.0190953970764914
-0.00448126164239487,0.0138522043364839,-0.0471601841816471,-0.00351191469199556,-0.00704651802454824,-0.0252854551245388,0.933554625359683,0.0331064821866449,0.0588119131852052,-0.00410595064399497
0.0475436754308456,-0.0234867546139514,0.0528309495992354,-0.0702577965746972,0.00207028017353332,-0.0472252751280919,0.0331064821866449,1.05012822494506,0.000365244040512094,0.000490936743702063
0.0112121636385072,0.0031112395474851,0.00283171292988507,0.0677087114883593,0.009555653897094,-0.00563395144158936,0.0588119131852052,0.000365244040512094,0.979250022288288,-0.0468751549260937
-0.00130552723716007,0.0456371911993747,0.00507925574276646,-0.0125407315218409,-0.0470987103739659,-0.0190953970764914,-0.00410595064399497,0.000490936743702063,-0.0468751549260937,1.03715069612141
