"V1","V2","V3","V4","V5","V6","V7","V8","V9","V10"
0.87656297315946,-0.00162573290801717,-0.0216340847400134,-0.026702362974324,-0.0221332162126097,0.012161050003163,0.0540584367792622,-0.0331052354971965,-0.0183525937215356,-0.00379527155909864
-0.00162573290801717,0.92223844023211,-0.0265761411237042,0.00142203942027888,-0.0616619355693846,0.0312815165310564,-0.0334238982087054,-0.0521482814681762,-0.00352119660261025,0.00961300980510335
-0.0216340847400134,-0.0265761411237042,1.02967834661952,-0.0431673761832328,0.0368257278312104,-0.0435595342132297,-0.0431472139592721,-0.0225176144794954,-0.00375239526331321,0.00868939778432237
-0.026702362974324,0.00142203942027888,-0.0431673761832328,0.890422581066389,-0.0248004840031521,0.0304693676030622,-0.0188350242340114,0.0186586548104008,-0.0621982603341194,0.0469415960820628
-0.0221332162126097,-0.0616619355693846,0.0368257278312104,-0.0248004840031521,1.00539722615079,-0.0724389079821285,-0.0140301179604582,-0.00267364324094449,0.0248052589410751,0.0301648770916025
0.012161050003163,0.0312815165310564,-0.0435595342132297,0.0304693676030622,-0.0724389079821285,0.940780409457864,-0.0119245885676453,0.0335438601289742,0.0464667524239143,-0.0143872636561973
0.0540584367792622,-0.0334238982087054,-0.0431472139592721,-0.0188350242340114,-0.0140301179604582,-0.0119245885676453,1.00381841798796,0.00914201306209084,-0.0218219116213128,0.0148875039935761
-0.0331052354971965,-0.0521482814681762,-0.0225176144794954,0.0186586548104008,-0.00267364324094449,0.0335438601289742,0.00914201306209084,1.01079523189075,0.0421323194164918,-0.0170767346512014
-0.0183525937215356,-0.00352119660261025,-0.00375239526331321,-0.0621982603341194,0.0248052589410751,0.0464667524239143,-0.0218219116213128,0.0421323194164918,0.973574693474929,-0.01082753339458
-0.00379527155909864,0.00961300980510335,0.00868939778432237,0.0469415960820628,0.0301648770916025,-0.0143872636561973,0.0148875039935761,-0.0170767346512014,-0.01082753339458,1.06303490571867
