"V1","V2","V3","V4","V5","V6","V7","V8","V9","V10"
0.980882782938811,0.0254806695314719,-0.00238253541048827,0.0305596539100858,-0.0680840737744608,0.0514423993376393,-0.0400985244445236,0.000962291195150098,-0.00233092577980635,-0.030968226076372
0.0254806695314719,1.12042287321237,0.0132624779278278,0.00569341053627514,0.0315979622046855,-0.0288784669757832,-0.0789176373491072,0.00914596749572776,-0.0347076966314976,-0.0218662503232697
-0.00238253541048827,0.0132624779278278,0.983353992170096,-0.0634205141709718,0.0102185144265084,-0.0165659356223393,0.0207021661030717,-0.0153357385437751,-0.0350052807611691,0.0598296476880787
0.0305596539100858,0.00569341053627514,-0.0634205141709718,1.05310069201644,-0.00685784899716392,-0.0247477126126418,-0.019627043922191,0.00422897209862993,-0.0155356883742751,-0.0123232506763519
-0.0680840737744608,0.0315979622046855,0.0102185144265084,-0.00685784899716392,0.960625546474562,0.0443811258587653,0.0263880150743273,0.029297259494936,0.0659037319098766,0.0531117512472951
0.0514423993376393,-0.0288784669757832,-0.0165659356223393,-0.0247477126126418,0.0443811258587653,0.930598451569811,-0.0535861249884914,-0.0102812753534288,-0.0467213218461585,-0.0812808116588239
-0.0400985244445236,-0.0789176373491072,0.0207021661030717,-0.019627043922191,0.0263880150743273,-0.0535861249884914,1.00408845371964,0.0192455302962695,0.0824389422477036,0.069910882949248
0.000962291195150098,0.00914596749572776,-0.0153357385437751,0.00422897209862993,0.029297259494936,-0.0102812753534288,0.0192455302962695,0.931369047679234,-0.0646483088223341,0.00407225123726039
-0.00233092577980635,-0.0347076966314976,-0.0350052807611691,-0.0155356883742751,0.0659037319098766,-0.0467213218461585,0.0824389422477036,-0.0646483088223341,1.06130401787181,-0.0549547831869928
-0.030968226076372,-0.0218662503232697,0.0598296476880787,-0.0123232506763519,0.0531117512472951,-0.0812808116588239,0.069910882949248,0.00407225123726039,-0.0549547831869928,0.970300368185523
