"V1","V2","V3","V4","V5","V6","V7","V8","V9","V10"
1.01674946640786,0.00664616001158053,-0.0207958106204416,0.00947308858512161,-0.0425201086714311,-0.0110621523896914,-0.0140309514233225,-0.0269066338141985,0.0130200055769845,-0.00264763838742102
0.00664616001158053,1.07051742524736,0.0733316757535807,0.0318793841952628,-0.00184413825171194,-0.00719360191599775,0.00857859486876248,0.0449024238264988,-0.0440655961664,-0.019805774479289
-0.0207958106204416,0.0733316757535807,0.992065312472901,0.00884163336377967,0.0198843628840039,0.00497551523621339,-0.0407318044937086,-0.0046369337783863,-0.0452420329473599,0.0251374511761366
0.00947308858512161,0.0318793841952628,0.00884163336377967,1.03825835297118,-0.0451549037245622,-0.00615582302459491,-0.0423635342716875,0.0461247225662464,0.00224847794582101,-0.0338832658024572
-0.0425201086714311,-0.00184413825171194,0.0198843628840039,-0.0451549037245622,1.03874151628551,-0.0246176472151899,-0.0363908422251278,0.0178929765917658,-0.0549782596113482,0.00754352742917189
-0.0110621523896914,-0.00719360191599775,0.00497551523621339,-0.00615582302459491,-0.0246176472151899,1.04963405177786,-0.0914049185480816,0.00668318784935823,0.0275737421734591,-0.0344305866011646
-0.0140309514233225,0.00857859486876248,-0.0407318044937086,-0.0423635342716875,-0.0363908422251278,-0.0914049185480816,1.0516537938315,0.0474700927572293,-0.0417596367100236,-0.00546409140453655
-0.0269066338141985,0.0449024238264988,-0.0046369337783863,0.0461247225662464,0.0178929765917658,0.00668318784935823,0.0474700927572293,0.986342621532805,-0.0298999717456113,0.0621307381257484
0.0130200055769845,-0.0440655961664,-0.0452420329473599,0.00224847794582101,-0.0549782596113482,0.0275737421734591,-0.0417596367100236,-0.0298999717456113,1.04603634109841,-0.0146099812045721
-0.00264763838742102,-0.019805774479289,0.0251374511761366,-0.0338832658024572,0.00754352742917189,-0.0344305866011646,-0.00546409140453655,0.0621307381257484,-0.0146099812045721,0.99555049503412
