"V1","V2","V3","V4","V5","V6","V7","V8","V9","V10"
0.98071544044669,0.0466340053517989,-0.0100153102480578,0.00293047419722493,0.0103588875850544,0.0403280852015521,-0.00046064159741597,0.0159569690822126,-0.066130985978708,-0.0221420728545018
0.0466340053517989,1.09164525215586,0.0453771222877268,0.00496139111496934,-0.0216202322528494,0.0702028780252223,-0.0675661779504512,0.0378166064964376,0.004464004482604,0.0112537728728902
-0.0100153102480578,0.0453771222877268,1.02102869305449,0.00746450933085356,-0.0266192969397172,-0.0634550337973011,0.038681123055302,-0.00408163788189464,0.00873324328587579,-0.0160676649461303
0.00293047419722493,0.00496139111496934,0.00746450933085356,0.997548473704987,0.0145145952917421,-0.0113220682285567,0.00325590972036223,-0.00869996973211424,0.0131115670468102,-0.0450554627900392
0.0103588875850544,-0.0216202322528494,-0.0266192969397172,0.0145145952917421,0.97833581131962,0.0127220533066802,-0.0225298527902736,0.0305537887526932,0.0529107682859633,0.0608444777642054
0.0403280852015521,0.0702028780252223,-0.0634550337973011,-0.0113220682285567,0.0127220533066802,0.985873262156956,0.0305902651243063,0.0332261345343316,0.00787910821050641,0.007387267792261
-0.00046064159741597,-0.0675661779504512,0.038681123055302,0.00325590972036223,-0.0225298527902736,0.0305902651243063,1.08740702788492,-0.00515784275050008,0.00660818612915689,0.0111836998191186
0.0159569690822126,0.0378166064964376,-0.00408163788189464,-0.00869996973211424,0.0305537887526932,0.0332261345343316,-0.00515784275050008,1.0660798152123,-0.0691841991310458,-0.021041490570243
-0.066130985978708,0.004464004482604,0.00873324328587579,0.0131115670468102,0.0529107682859633,0.00787910821050641,0.00660818612915689,-0.0691841991310458,1.11320414615554,0.00250643953936441
-0.0221420728545018,0.0112537728728902,-0.0160676649461303,-0.0450554627900392,0.0608444777642054,0.007387267792261,0.0111836998191186,-0.021041490570243,0.00250643953936441,1.02182169570143
