"V1","V2","V3","V4","V5","V6","V7","V8","V9","V10"
0.948179186349145,0.0253999449994916,0.00358105503341698,-0.0109401252093219,-0.010488665245317,0.000438574744232313,0.0892233159636463,0.0486450211349359,-0.053773141527943,-0.0144058311473656
0.0253999449994916,0.969863907765456,-0.0227408603934476,0.0300264268771118,0.0272720781674369,-0.0196203252625002,-0.000740211707656923,0.00326045113641847,-0.0258175049727407,-0.0196031109872308
0.00358105503341698,-0.0227408603934476,1.05361732978269,0.0107555382726235,0.0152611816682089,0.00939434862221971,0.0109807951813666,0.0237616017206339,0.0135977662005191,0.00100258013493036
-0.0109401252093219,0.0300264268771118,0.0107555382726235,1.02168088581113,-0.0280416620815453,0.0146553689730953,0.0417537090229297,-0.00979422992621195,-0.00378094546015095,0.00827942905037246
-0.010488665245317,0.0272720781674369,0.0152611816682089,-0.0280416620815453,0.982963054206904,-2.96630010332048e-05,-0.00332180105286985,-0.0202392985666579,0.0650387877712068,0.035075150128673
0.000438574744232313,-0.0196203252625002,0.00939434862221971,0.0146553689730953,-2.96630010332048e-05,1.00527032083173,-0.049221751335794,-0.0594106039127247,-0.0437494458761169,-0.0152069869655626
0.0892233159636463,-0.000740211707656923,0.0109807951813666,0.0417537090229297,-0.00332180105286985,-0.049221751335794,1.02830801878827,-0.0171766267538496,-0.0916068484050377,0.00572356267567862
0.0486450211349359,0.00326045113641847,0.0237616017206339,-0.00979422992621195,-0.0202392985666579,-0.0594106039127247,-0.0171766267538496,1.00346824134074,-0.0390090817405254,0.0397890637524226
-0.053773141527943,-0.0258175049727407,0.0135977662005191,-0.00378094546015095,0.0650387877712068,-0.0437494458761169,-0.0916068484050377,-0.0390090817405254,0.956273586219251,-0.00604502494133385
-0.0144058311473656,-0.0196031109872308,0.00100258013493036,0.00827942905037246,0.035075150128673,-0.0152069869655626,0.00572356267567862,0.0397890637524226,-0.00604502494133385,0.957136363434056
