"V1","V2","V3","V4","V5","V6","V7","V8","V9","V10"
1.01157657377946,0.0180235158764248,-0.00816586225082958,-0.101636873430154,0.0439542219314648,0.0279482442916385,-0.00210127991115456,0.0643665258008651,0.00374473659474344,-0.00452971958507487
0.0180235158764248,1.00753951339809,0.0147820943145841,-0.0628172145437794,-0.0260812417851157,0.0345919699221577,0.000965676892298096,0.00608116316125003,0.0226673684895733,0.0817676533589426
-0.00816586225082958,0.0147820943145841,0.880704280597808,0.0609021962426208,-0.0367515498612057,0.0240028138787049,-0.0279261437555914,0.00213284039372666,0.00717425927897807,0.00884549904795202
-0.101636873430154,-0.0628172145437794,0.0609021962426208,1.07405866917238,0.0343243603667172,0.012427985805204,-0.059320057052475,0.0362704206728271,0.0791131522558019,-0.0315167431909997
0.0439542219314648,-0.0260812417851157,-0.0367515498612057,0.0343243603667172,1.00282860370833,-0.015493188994982,-0.0275031173873268,-0.0102908606239525,0.00571657477542322,-0.0281486088138108
0.0279482442916385,0.0345919699221577,0.0240028138787049,0.012427985805204,-0.015493188994982,1.03627048469036,0.0282616977021667,-0.0433509091689483,-0.034320179284067,0.0331805636179891
-0.00210127991115456,0.000965676892298096,-0.0279261437555914,-0.059320057052475,-0.0275031173873268,0.0282616977021667,1.00555420896647,0.00615740597639805,0.0549385014350213,-0.0248828262794272
0.0643665258008651,0.00608116316125003,0.00213284039372666,0.0362704206728271,-0.0102908606239525,-0.0433509091689483,0.00615740597639805,1.01266034469121,-0.0206517833112838,0.0191742703530546
0.00374473659474344,0.0226673684895733,0.00717425927897807,0.0791131522558019,0.00571657477542322,-0.034320179284067,0.0549385014350213,-0.0206517833112838,0.977241578613926,0.0118281229842822
-0.00452971958507487,0.0817676533589426,0.00884549904795202,-0.0315167431909997,-0.0281486088138108,0.0331805636179891,-0.0248828262794272,0.0191742703530546,0.0118281229842822,0.994280954441385
