"V1","V2","V3","V4","V5","V6","V7","V8","V9","V10"
0.997990150074035,0.0642206032053916,0.0314849799817338,0.00335269748860478,-0.00658768194119398,-0.0639998551816615,-0.0450789362562728,-0.00417929524334097,0.0129432957098709,-0.0137581901316396
0.0642206032053916,1.02537417409534,0.0726502005464963,-0.00546990020001031,-0.0421970835096976,-0.00332711576021969,-0.00228307950661731,0.071151071628316,0.0164894956214094,0.0292180939415061
0.0314849799817338,0.0726502005464963,1.10417113334892,0.0404689845367337,0.0306180212915513,-0.0379366765213024,0.0118397144977744,0.0173742386382569,0.0293877821269068,-0.0312949931635016
0.00335269748860478,-0.00546990020001031,0.0404689845367337,1.06584711771497,0.00123159223102202,-0.0166300522003734,0.0497547817960763,-0.0778332183372323,-0.0512948780434688,0.0653861697452018
-0.00658768194119398,-0.0421970835096976,0.0306180212915513,0.00123159223102202,0.942426906438672,-0.0450385217123661,0.0183424424002445,-0.00765188073230143,0.048834999289299,-0.0432537646401732
-0.0639998551816615,-0.00332711576021969,-0.0379366765213024,-0.0166300522003734,-0.0450385217123661,0.959688660159183,0.00544733617254595,-0.0118880260774954,0.00659513471357437,-0.0231646100116075
-0.0450789362562728,-0.00228307950661731,0.0118397144977744,0.0497547817960763,0.0183424424002445,0.00544733617254595,1.07400434925653,-0.024795505551312,-0.000178816578587414,0.000569832150287304
-0.00417929524334097,0.071151071628316,0.0173742386382569,-0.0778332183372323,-0.00765188073230143,-0.0118880260774954,-0.024795505551312,0.977806899094385,0.00890670235653385,-0.0451060418243943
0.0129432957098709,0.0164894956214094,0.0293877821269068,-0.0512948780434688,0.048834999289299,0.00659513471357437,-0.000178816578587414,0.00890670235653385,0.998641942425444,0.0210715212029573
-0.0137581901316396,0.0292180939415061,-0.0312949931635016,0.0653861697452018,-0.0432537646401732,-0.0231646100116075,0.000569832150287304,-0.0451060418243943,0.0210715212029573,0.955786038060824
