"V1","V2","V3","V4","V5","V6","V7","V8","V9","V10"
1.06650214658863,0.0185608287235396,0.0628805363117124,0.0376000726708925,-0.0168804856713996,-0.014793451083123,-0.0131573289216706,-0.0933591776036421,-0.012151361346167,0.040101379574169
0.0185608287235396,0.919655945375465,0.0203799587433178,0.0384816786538719,-0.0281872461234014,-0.0107072941491183,-0.0281571123455535,-0.0130361006830963,-0.018229245628919,-0.0348818124939384
0.0628805363117124,0.0203799587433178,1.00422365325236,-0.065552037866095,0.0234637077157368,-0.00876129282923951,0.00500744062855488,-0.0262127633260811,-0.103515016839483,-0.0140976644481131
0.0376000726708925,0.0384816786538719,-0.065552037866095,0.921530539138562,-0.0168822567635405,0.0170481614501201,0.0402614507450004,0.0278794578288891,0.00479191010659333,-0.000923806497447734
-0.0168804856713996,-0.0281872461234014,0.0234637077157368,-0.0168822567635405,0.984183157221821,0.0372482562096174,0.0411993786491951,-0.0245723785940109,0.00166733367088908,0.0144907051847165
-0.014793451083123,-0.0107072941491183,-0.00876129282923951,0.0170481614501201,0.0372482562096174,1.00925434063179,-0.0162681510936021,-0.0269776328156186,-0.0513810654715296,0.0274619744924364
-0.0131573289216706,-0.0281571123455535,0.00500744062855488,0.0402614507450004,0.0411993786491951,-0.0162681510936021,1.02568968251279,0.00258530297995103,-0.016068563273219,-0.0699567816825949
-0.0933591776036421,-0.0130361006830963,-0.0262127633260811,0.0278794578288891,-0.0245723785940109,-0.0269776328156186,0.00258530297995103,1.00992567965136,0.002267438147989,0.0173178652154402
-0.012151361346167,-0.018229245628919,-0.103515016839483,0.00479191010659333,0.00166733367088908,-0.0513810654715296,-0.016068563273219,0.002267438147989,0.971200219121805,-0.0313209400515923
0.040101379574169,-0.0348818124939384,-0.0140976644481131,-0.000923806497447734,0.0144907051847165,0.0274619744924364,-0.0699567816825949,0.0173178652154402,-0.0313209400515923,0.941424851085183
