"V1","V2","V3","V4","V5","V6","V7","V8","V9","V10"
0.983184738291306,-0.102189976189657,-0.0563761434746192,0.0693032065437759,-0.0396567301185245,-0.0322181058370727,0.0346164334128417,0.0391122402559137,0.00480476719313993,0.0215299037434315
-0.102189976189657,1.10960437634734,-0.0139579547579802,-0.0690143001803007,0.0555691065171808,0.00575053740781626,-0.0293138838694502,0.0302217538371078,0.0171638289095105,-0.0263931151173314
-0.0563761434746192,-0.0139579547579802,1.03611714686191,0.00964926951376875,0.0402510074877234,0.040261999868017,-0.0708725284355145,-0.0345696067679503,0.0246053740759708,-0.0326922305662883
0.0693032065437759,-0.0690143001803007,0.00964926951376875,1.07889667571488,0.00568648932021582,0.00523447503638211,-0.034971980667169,-0.00637508203968526,-0.0350814537976727,-0.0216548784731272
-0.0396567301185245,0.0555691065171808,0.0402510074877234,0.00568648932021582,0.962512440551042,-0.0229190743859145,-0.00107255845363159,-0.0617690315303264,0.0174862138851394,-0.0260363552806164
-0.0322181058370727,0.00575053740781626,0.040261999868017,0.00523447503638211,-0.0229190743859145,1.0307089637656,-0.0234382142396218,0.0244278530417563,-0.0064174401450475,-0.025497007327364
0.0346164334128417,-0.0293138838694502,-0.0708725284355145,-0.034971980667169,-0.00107255845363159,-0.0234382142396218,0.9777871376591,0.0184169629731498,0.0499098950281295,-0.0577288863599701
0.0391122402559137,0.0302217538371078,-0.0345696067679503,-0.00637508203968526,-0.0617690315303264,0.0244278530417563,0.0184169629731498,0.931195043031196,-0.0311866250026045,0.0130055612892287
0.00480476719313993,0.0171638289095105,0.0246053740759708,-0.0350814537976727,0.0174862138851394,-0.0064174401450475,0.0499098950281295,-0.0311866250026045,1.06211025103634,-0.0348393222606486
0.0215299037434315,-0.0263931151173314,-0.0326922305662883,-0.0216548784731272,-0.0260363552806164,-0.025497007327364,-0.0577288863599701,0.0130055612892287,-0.0348393222606486,0.934286910679964
