"V1","V2","V3","V4","V5","V6","V7","V8","V9","V10"
1.04649928476369,-0.00172781403185709,0.0622484625052703,0.000741376978821579,0.0384191157448138,-0.0910866234346667,-0.0241450827446067,0.00622416051853541,-0.0613822651099179,0.0108240760024706
-0.00172781403185709,0.985998016058139,-0.00360590284468164,0.0484445100993237,-0.0292967390151934,0.03621795925897,0.00579321572054389,-0.0683765659182261,-0.0159800456320888,0.0452309607818507
0.0622484625052703,-0.00360590284468164,0.996356629613054,-0.0231735142054943,-0.00375663805284463,-0.0300149739626101,-0.015347000658031,0.0163552631028504,0.00669507646299962,0.0622554681692551
0.000741376978821579,0.0484445100993237,-0.0231735142054943,0.964058434932065,0.0213327166881699,-0.0183220100657598,-0.0394061818839394,0.0248421193334705,0.034544460882088,0.0137664073371913
0.0384191157448138,-0.0292967390151934,-0.00375663805284463,0.0213327166881699,0.970627053610899,-0.00358161609246665,0.00841167607806606,0.00954842486633228,-0.0215075521608589,0.0202122903850643
-0.0910866234346667,0.03621795925897,-0.0300149739626101,-0.0183220100657598,-0.00358161609246665,1.03600035610576,-0.00401587429210647,0.00850113180447784,0.00944847234399749,-0.0152645598070769
-0.0241450827446067,0.00579321572054389,-0.015347000658031,-0.0394061818839394,0.00841167607806606,-0.00401587429210647,0.881723241370193,0.00923239310996136,0.0135664538135496,0.0262382325421513
0.00622416051853541,-0.0683765659182261,0.0163552631028504,0.0248421193334705,0.00954842486633228,0.00850113180447784,0.00923239310996136,1.00748429720887,-0.000876216327420811,-0.00561036907401283
-0.0613822651099179,-0.0159800456320888,0.00669507646299962,0.034544460882088,-0.0215075521608589,0.00944847234399749,0.0135664538135496,-0.000876216327420811,0.947644395772263,0.00187185162913387
0.0108240760024706,0.0452309607818507,0.0622554681692551,0.0137664073371913,0.0202122903850643,-0.0152645598070769,0.0262382325421513,-0.00561036907401283,0.00187185162913387,1.01896643139781
