"V1","V2","V3","V4","V5","V6","V7","V8","V9","V10"
1.02353411599096,-0.00403398205141244,0.000578957722295475,0.00374691997625663,-0.00355135394385968,-0.0618723559992803,-0.0011466086247961,-0.0211951828209576,-0.00824860724436472,-0.00561131352004905
-0.00403398205141244,1.08046046079829,0.0259118243153189,-0.0193146347807535,0.0158328910658398,0.0148501643615189,0.0434821015551965,-0.0186086952455035,-0.0127727559801822,0.030513805845147
0.000578957722295475,0.0259118243153189,0.933944299908128,0.0237748230248037,0.0470396242953629,-0.00634333671670645,0.0106993913702477,-0.000380370178611676,0.0222401114702345,0.011270001056346
0.00374691997625663,-0.0193146347807535,0.0237748230248037,1.03869939430792,0.0236469632934282,-0.00152828447552216,0.0336865012100609,-0.00656851263759009,-0.0136496795734252,-0.017811872363397
-0.00355135394385968,0.0158328910658398,0.0470396242953629,0.0236469632934282,1.05066542817757,0.0632856659192792,0.0131770161150009,0.0177521482911612,0.0228229808716585,-0.0154292890345399
-0.0618723559992803,0.0148501643615189,-0.00634333671670645,-0.00152828447552216,0.0632856659192792,0.956363399882079,0.0491226326072818,-0.0119737591554878,-0.0268823741101359,-0.0175151617966978
-0.0011466086247961,0.0434821015551965,0.0106993913702477,0.0336865012100609,0.0131770161150009,0.0491226326072818,1.00886002384643,-0.0739238421240756,0.0197103319677456,-0.0301446457276898
-0.0211951828209576,-0.0186086952455035,-0.000380370178611676,-0.00656851263759009,0.0177521482911612,-0.0119737591554878,-0.0739238421240756,1.06809920862494,0.0116410018142644,0.00874296332386533
-0.00824860724436472,-0.0127727559801822,0.0222401114702345,-0.0136496795734252,0.0228229808716585,-0.0268823741101359,0.0197103319677456,0.0116410018142644,1.03261790237496,-0.00296129536355282
-0.00561131352004905,0.030513805845147,0.011270001056346,-0.017811872363397,-0.0154292890345399,-0.0175151617966978,-0.0301446457276898,0.00874296332386533,-0.00296129536355282,0.978911631685889
