"V1","V2","V3","V4","V5","V6","V7","V8","V9","V10"
1.03149281000853,0.0266640070366232,-0.0560152311420054,0.0623405215762356,0.0140965436655799,0.0362578441689453,-0.0302728065615077,0.0316099067169424,0.0411276595061138,-0.0673228572300734
0.0266640070366232,1.04990829997204,-0.00456265372410241,-0.0567427323084911,-0.0671766429844047,-0.0190588644601248,-0.0306248326397753,0.00385815870717172,0.000396681362543746,0.074417489333338
-0.0560152311420054,-0.00456265372410241,1.03039491217919,0.0257839802235535,0.00620721422398578,-0.0212847844394893,-0.00789300765830304,0.00992975334666894,0.0339488603908046,0.00841492031518975
0.0623405215762356,-0.0567427323084911,0.0257839802235535,0.942309769622776,-0.030840285543206,-0.0232585736967516,0.015190368431985,-0.0192772903280348,0.000144422231213935,0.00595993909392181
0.0140965436655799,-0.0671766429844047,0.00620721422398578,-0.030840285543206,1.01951833050523,-0.0295540999035197,0.0105739845818015,0.0185616638594599,0.0704730585262862,0.0497135470012916
0.0362578441689453,-0.0190588644601248,-0.0212847844394893,-0.0232585736967516,-0.0295540999035197,0.966516212992458,0.00328023236431683,0.0109407188246207,-0.0265693394220303,0.0118032277789421
-0.0302728065615077,-0.0306248326397753,-0.00789300765830304,0.015190368431985,0.0105739845818015,0.00328023236431683,0.983800929263826,0.00920488239557644,-0.0654654021388097,-0.0519993587716972
0.0316099067169424,0.00385815870717172,0.00992975334666894,-0.0192772903280348,0.0185616638594599,0.0109407188246207,0.00920488239557644,0.995683944211835,0.000481237667948428,0.029156726893839
0.0411276595061138,0.000396681362543746,0.0339488603908046,0.000144422231213935,0.0704730585262862,-0.0265693394220303,-0.0654654021388097,0.000481237667948428,0.973484500614339,-0.0558573076217921
-0.0673228572300734,0.074417489333338,0.00841492031518975,0.00595993909392181,0.0497135470012916,0.0118032277789421,-0.0519993587716972,0.029156726893839,-0.0558573076217921,1.01793346626241
