"V1","V2","V3","V4","V5","V6","V7","V8","V9","V10"
0.982925606434912,0.0500473118630415,-0.0289711015470367,-0.00705145001719929,-0.0218527121595324,-0.0487823539695115,0.0108085180772495,-0.0141975753049987,0.0227257943446406,0.0194812741503227
0.0500473118630415,0.919288899111838,0.00290969672787586,-0.00186239939307759,-0.0254163597397396,0.02163653064889,0.0434492569240332,-0.0335024602451344,0.0598357749545691,0.00584952989391639
-0.0289711015470367,0.00290969672787586,1.04083825286835,-0.101053955393074,0.0142506145352687,-0.00361106098333756,-0.00928820340365385,-0.0135996524604359,0.038729215633827,0.0362419044538683
-0.00705145001719929,-0.00186239939307759,-0.101053955393074,0.942773923701483,-0.0140048440973414,0.03790193490278,0.00973619132641775,0.0134131354500266,-0.0322405173064802,-0.0104593834966843
-0.0218527121595324,-0.0254163597397396,0.0142506145352687,-0.0140048440973414,1.01822098752463,0.00667551633823346,-0.0625919546019359,-0.023622197768773,0.0588823782808045,0.0198274451675816
-0.0487823539695115,0.02163653064889,-0.00361106098333756,0.03790193490278,0.00667551633823346,1.01403211128655,-0.0290135907517471,-0.00975501200318115,0.02663307167044,-0.00657060159743093
0.0108085180772495,0.0434492569240332,-0.00928820340365385,0.00973619132641775,-0.0625919546019359,-0.0290135907517471,0.958034614205274,0.00764222995831489,-0.0521642356122902,0.0268101396547478
-0.0141975753049987,-0.0335024602451344,-0.0135996524604359,0.0134131354500266,-0.023622197768773,-0.00975501200318115,0.00764222995831489,0.994841950087522,0.0486174790277378,0.00725241574562723
0.0227257943446406,0.0598357749545691,0.038729215633827,-0.0322405173064802,0.0588823782808045,0.02663307167044,-0.0521642356122902,0.0486174790277378,1.04016314573274,-0.063233743061617
0.0194812741503227,0.00584952989391639,0.0362419044538683,-0.0104593834966843,0.0198274451675816,-0.00657060159743093,0.0268101396547478,0.00725241574562723,-0.063233743061617,0.865938630625742
