"V1","V2","V3","V4","V5","V6","V7","V8","V9","V10"
0.929888816334133,0.0305075381251846,-0.0227480750500358,0.0495717156435906,-0.00369312550181893,0.00831075822346131,-0.0133689967050014,0.0226208834759847,-0.0191098666619826,0.0141797697000455
0.0305075381251846,0.996702258180222,-0.0369730863439098,0.0759962069692467,0.024367586600981,0.0599200026477407,0.00924594204730197,-0.00377659493338433,-0.000323172941149956,0.0508575461140113
-0.0227480750500358,-0.0369730863439098,0.955466888839676,-0.0459230153885428,-0.00768133629524426,0.0321448664008826,0.039844413131374,0.000843226136166703,0.0355356424362699,0.0375283759139213
0.0495717156435906,0.0759962069692467,-0.0459230153885428,0.908145361237997,-0.0189879366115742,0.0289993554784596,0.00033373358214743,0.0206564131441848,-0.014356096856567,-0.0021417326664799
-0.00369312550181893,0.024367586600981,-0.00768133629524426,-0.0189879366115742,0.888540835323565,0.0527427031721939,-0.0246628087666532,0.0675642940923073,0.0111114854903626,-0.0243952098884622
0.00831075822346131,0.0599200026477407,0.0321448664008826,0.0289993554784596,0.0527427031721939,1.02294687798441,-0.00947872831985196,0.0680179812185715,0.0371473740284548,-0.00621016916520471
-0.0133689967050014,0.00924594204730197,0.039844413131374,0.00033373358214743,-0.0246628087666532,-0.00947872831985196,0.996025469611979,-0.0130371725279761,0.00735528254800102,0.0521779331456583
0.0226208834759847,-0.00377659493338433,0.000843226136166703,0.0206564131441848,0.0675642940923073,0.0680179812185715,-0.0130371725279761,0.969714337029827,-0.00522207509474197,-0.0346991667015569
-0.0191098666619826,-0.000323172941149956,0.0355356424362699,-0.014356096856567,0.0111114854903626,0.0371473740284548,0.00735528254800102,-0.00522207509474197,1.08031830474414,-0.00946354728990419
0.0141797697000455,0.0508575461140113,0.0375283759139213,-0.0021417326664799,-0.0243952098884622,-0.00621016916520471,0.0521779331456583,-0.0346991667015569,-0.00946354728990419,1.0515376875381
