"V1","V2","V3","V4","V5","V6","V7","V8","V9","V10"
1.03347757428932,0.0169046628155521,-0.0329964342165924,-0.00598722689631078,0.0159161645490929,0.0233014436915274,-0.00486609764921249,0.0562239414247257,-0.0259466027888412,0.01866452174972
0.0169046628155521,0.981076270769193,-0.0230857873344664,0.0493733395020337,0.0448979783363973,0.0307549755028951,0.03958838998234,-0.0400480130479669,0.0272033030905581,-0.00130027274923767
-0.0329964342165924,-0.0230857873344664,1.04115695432239,0.00602720048760008,-0.015592530285609,0.0218449801429078,-0.0209281375704053,0.00184363765986056,-0.00968574735633267,-0.0128651819539351
-0.00598722689631078,0.0493733395020337,0.00602720048760008,1.02597979486667,0.00975529345958814,0.0547038798329965,0.016513969544476,0.0239788564293383,-0.0113594750625172,-0.0076725080673943
0.0159161645490929,0.0448979783363973,-0.015592530285609,0.00975529345958814,0.988676050108422,0.0145231218866227,0.00432070829267676,-0.0207951763187771,-0.00221456642488677,-0.0306219239886187
0.0233014436915274,0.0307549755028951,0.0218449801429078,0.0547038798329965,0.0145231218866227,0.928372194508863,0.0370012606784917,-0.00561797555881053,0.027337381739351,0.0764809342359763
-0.00486609764921249,0.03958838998234,-0.0209281375704053,0.016513969544476,0.00432070829267676,0.0370012606784917,1.03340952264755,-0.0398926721367526,0.00801132116552582,0.0346001546891789
0.0562239414247257,-0.0400480130479669,0.00184363765986056,0.0239788564293383,-0.0207951763187771,-0.00561797555881053,-0.0398926721367526,0.954936550071116,-0.0541154525965225,0.0624604342096281
-0.0259466027888412,0.0272033030905581,-0.00968574735633267,-0.0113594750625172,-0.00221456642488677,0.027337381739351,0.00801132116552582,-0.0541154525965225,1.01493407392926,-0.00548264438152293
0.01866452174972,-0.00130027274923767,-0.0128651819539351,-0.0076725080673943,-0.0306219239886187,0.0764809342359763,0.0346001546891789,0.0624604342096281,-0.00548264438152293,1.04028137779739
