"V1","V2","V3","V4","V5","V6","V7","V8","V9","V10"
0.969702708357671,-0.0506837343471376,0.0843979260255744,-0.0394302620033619,0.0114484079543512,-0.0364052681116389,-0.0107590746382192,-0.0402031247428181,-0.0744510968952603,-0.0219189792277118
-0.0506837343471376,1.01347892270803,-0.018289356925111,0.00186511705544214,-0.00997621329417409,-0.0471259701797602,-0.0456159233083939,0.0168534438623758,0.0183285886828284,0.039813774113309
0.0843979260255744,-0.018289356925111,0.921899080361314,0.0329050706625514,-0.0654631416535452,0.00466847826342056,0.00858448667783964,-0.0335099492562874,-0.0109182903845978,-0.0132853769558364
-0.0394302620033619,0.00186511705544214,0.0329050706625514,1.0197988708069,0.0770513742614335,-0.0148110646570286,-0.0511269395099501,-0.0254005953433516,-0.00092022257786109,-0.000698344059735714
0.0114484079543512,-0.00997621329417409,-0.0654631416535452,0.0770513742614335,0.980609287722325,-0.0319096093589256,-0.0144191243940265,-0.0230503975489545,-0.0496261976523424,0.0281162204302631
-0.0364052681116389,-0.0471259701797602,0.00466847826342056,-0.0148110646570286,-0.0319096093589256,0.999418785176286,-0.0103414581069498,0.00128653646478169,0.0719468781670573,-0.00244868555591664
-0.0107590746382192,-0.0456159233083939,0.00858448667783964,-0.0511269395099501,-0.0144191243940265,-0.0103414581069498,1.06012320564963,0.0326994613107088,-0.0201755356475661,0.0396269758668437
-0.0402031247428181,0.0168534438623758,-0.0335099492562874,-0.0254005953433516,-0.0230503975489545,0.00128653646478169,0.0326994613107088,0.996928896982354,0.054235958753878,0.0265566240404937
-0.0744510968952603,0.0183285886828284,-0.0109182903845978,-0.00092022257786109,-0.0496261976523424,0.0719468781670573,-0.0201755356475661,0.054235958753878,1.00737954578429,0.0100844038641313
-0.0219189792277118,0.039813774113309,-0.0132853769558364,-0.000698344059735714,0.0281162204302631,-0.00244868555591664,0.0396269758668437,0.0265566240404937,0.0100844038641313,0.986230416070756
