"V1","V2","V3","V4","V5","V6","V7","V8","V9","V10"
0.975085502319986,-0.0311153106491906,-0.0196554623459261,-0.0373625519483077,-0.00821648578813083,-0.0369988131613609,0.0199175257157082,0.00519743428581063,0.0201614302813002,-0.00770401355385449
-0.0311153106491906,0.9744313655457,-0.00652704992463155,0.0412554451275025,0.00423478828946572,0.0177873122409291,-0.0402008848538816,0.063693148130567,-0.0193010589512187,0.0200094988510565
-0.0196554623459261,-0.00652704992463155,0.972502365885019,0.0210134871667096,-0.0372679125391836,0.04260114399212,-0.0187402906882543,-0.0345618317827025,-0.0423364011285894,-0.0159236697462835
-0.0373625519483077,0.0412554451275025,0.0210134871667096,0.997631506568069,-0.021987532856873,-0.0322742520690114,0.00371367594722873,0.0264373220374682,-0.0194497984058876,0.00789104496227657
-0.00821648578813083,0.00423478828946572,-0.0372679125391836,-0.021987532856873,1.0872950483049,0.00794410539860348,0.0379907891341404,0.03004693336504,-0.0283303133366575,0.00739620429447001
-0.0369988131613609,0.0177873122409291,0.04260114399212,-0.0322742520690114,0.00794410539860348,0.972985005752561,-0.0254029481424391,-0.013100475300368,0.025943670945872,-0.0103270033609232
0.0199175257157082,-0.0402008848538816,-0.0187402906882543,0.00371367594722873,0.0379907891341404,-0.0254029481424391,1.06354520418828,-0.0493762415734603,-0.00226289349756439,0.092963494016957
0.00519743428581063,0.063693148130567,-0.0345618317827025,0.0264373220374682,0.03004693336504,-0.013100475300368,-0.0493762415734603,0.995166357596921,-0.0284463148371492,0.0385698801453915
0.0201614302813002,-0.0193010589512187,-0.0423364011285894,-0.0194497984058876,-0.0283303133366575,0.025943670945872,-0.00226289349756439,-0.0284463148371492,1.01051155958575,0.0763897812535203
-0.00770401355385449,0.0200094988510565,-0.0159236697462835,0.00789104496227657,0.00739620429447001,-0.0103270033609232,0.092963494016957,0.0385698801453915,0.0763897812535203,1.05087623446602
