"V1","V2","V3","V4","V5","V6","V7","V8","V9","V10"
1.01580113464811,0.00790791919607283,-0.0454525522483851,-0.0477880863475878,-0.028246687331684,-0.093482977839142,-0.0270416668108289,-0.0188138173671821,-0.0554462357717874,0.0279231361558735
0.00790791919607283,1.03615343000783,-0.0207119240707925,-0.0269324027033652,0.0124051079412552,0.00240832598740878,-0.0675001876797842,0.0261766944509861,0.0196242461774979,0.0131440768138926
-0.0454525522483851,-0.0207119240707925,1.00950769662709,-0.00905927177056166,-0.0133288234063279,-0.0874147368849577,-0.00463137076622155,-0.0141326695915233,0.000455921474845862,0.0212294981403337
-0.0477880863475878,-0.0269324027033652,-0.00905927177056166,0.973906249253876,0.0269073204385307,0.0133321247982606,0.0214456785183267,0.0216756350043035,0.0668276575657222,0.0244742018520239
-0.028246687331684,0.0124051079412552,-0.0133288234063279,0.0269073204385307,1.00942138516546,0.0342815738644865,-0.0528024966194675,0.033634529785202,-0.00690639425677337,-0.0417638312968113
-0.093482977839142,0.00240832598740878,-0.0874147368849577,0.0133321247982606,0.0342815738644865,1.06269767688991,0.0286774644217272,-0.00959110015863212,-0.0268031257697223,-0.0444010547978227
-0.0270416668108289,-0.0675001876797842,-0.00463137076622155,0.0214456785183267,-0.0528024966194675,0.0286774644217272,0.975200290201691,0.0387195939884594,-0.0171484451781844,-0.030305700760749
-0.0188138173671821,0.0261766944509861,-0.0141326695915233,0.0216756350043035,0.033634529785202,-0.00959110015863212,0.0387195939884594,1.00281844622949,0.0501730435198781,0.0353930208862255
-0.0554462357717874,0.0196242461774979,0.000455921474845862,0.0668276575657222,-0.00690639425677337,-0.0268031257697223,-0.0171484451781844,0.0501730435198781,0.959071483334764,-0.0517365215222306
0.0279231361558735,0.0131440768138926,0.0212294981403337,0.0244742018520239,-0.0417638312968113,-0.0444010547978227,-0.030305700760749,0.0353930208862255,-0.0517365215222306,1.05883858548182
