"V1","V2","V3","V4","V5","V6","V7","V8","V9","V10"
0.950778903013857,0.0143674952599375,0.0288882967216587,-0.0197962547568331,0.0521305743143289,0.00888077824918523,-0.0731025682664123,0.0354513904168038,0.0382690199694698,0.0231063808831985
0.0143674952599375,1.01989200927146,-0.0239164141097286,0.0077423409058044,0.00894146082872621,-0.0477484239091938,-0.00633284508334348,0.0040985768551579,-0.01555153857852,0.0548798235967063
0.0288882967216587,-0.0239164141097286,1.04216398430583,0.0320267846747876,-0.0674206598933679,0.0117553018496544,0.0237612106301763,-0.0226545559352958,0.0796050575646064,-0.0668297411323623
-0.0197962547568331,0.0077423409058044,0.0320267846747876,0.990948579430742,-0.020048620205468,-0.0233798589650641,0.0265211421867846,-0.00888488668707891,0.042666876342685,0.0158167586781993
0.0521305743143289,0.00894146082872621,-0.0674206598933679,-0.020048620205468,1.16586970696745,-0.0020184743283193,-0.0106664616990356,0.0405464890236656,0.0222261326402617,0.0248414710030325
0.00888077824918523,-0.0477484239091938,0.0117553018496544,-0.0233798589650641,-0.0020184743283193,1.04521593601781,-0.00339689465306017,-0.00654235323891468,-0.0141636091575557,-0.00994643780241633
-0.0731025682664123,-0.00633284508334348,0.0237612106301763,0.0265211421867846,-0.0106664616990356,-0.00339689465306017,0.93488343088241,0.0378387661985727,0.00835784968652653,-0.0229266373208388
0.0354513904168038,0.0040985768551579,-0.0226545559352958,-0.00888488668707891,0.0405464890236656,-0.00654235323891468,0.0378387661985727,1.01609146564184,0.0636456931479201,-0.0208338399757122
0.0382690199694698,-0.01555153857852,0.0796050575646064,0.042666876342685,0.0222261326402617,-0.0141636091575557,0.00835784968652653,0.0636456931479201,0.970808179692282,-0.0299833817856135
0.0231063808831985,0.0548798235967063,-0.0668297411323623,0.0158167586781993,0.0248414710030325,-0.00994643780241633,-0.0229266373208388,-0.0208338399757122,-0.0299833817856135,0.97943615936311
