"V1","V2","V3","V4","V5","V6","V7","V8","V9","V10"
1.05416144696186,-0.00711736558876071,-0.0176882275897406,-0.030989648050679,0.0516565013472943,-0.00857647599520768,0.000998320179606525,0.0762735232250918,0.0168956893848969,-0.00141271060226294
-0.00711736558876071,0.942583220832622,0.0561435527655458,-0.0083059053776513,-0.0230819872892372,-0.00842059474431592,-0.0174143611758214,0.00192361579960315,-0.0479025794577331,-0.00534564761853212
-0.0176882275897406,0.0561435527655458,1.0556601746411,-0.00473165863050124,-0.039769789148162,0.0465886804359326,-0.0657529303790177,-0.0235215699630502,0.00793585946044072,0.0620053913082723
-0.030989648050679,-0.0083059053776513,-0.00473165863050124,0.912999714758419,-0.0191503587642902,-0.00513767898111758,0.0637652568857041,-0.0259129913878425,0.0333573019511689,0.00287611514368729
0.0516565013472943,-0.0230819872892372,-0.039769789148162,-0.0191503587642902,0.899799645521649,0.038240898451966,-0.0230245289809564,0.0340467765714986,0.046412565609066,0.000738649121506181
-0.00857647599520768,-0.00842059474431592,0.0465886804359326,-0.00513767898111758,0.038240898451966,0.991672578901421,0.0208914755645931,-0.00910639189913272,0.0144667269620501,0.00604635425934516
0.000998320179606525,-0.0174143611758214,-0.0657529303790177,0.0637652568857041,-0.0230245289809564,0.0208914755645931,0.983445990878434,-0.00901809969505981,-0.0395197574662058,-0.0653958286779008
0.0762735232250918,0.00192361579960315,-0.0235215699630502,-0.0259129913878425,0.0340467765714986,-0.00910639189913272,-0.00901809969505981,0.969588249047557,-0.0138110556473989,0.00547570604932802
0.0168956893848969,-0.0479025794577331,0.00793585946044072,0.0333573019511689,0.046412565609066,0.0144667269620501,-0.0395197574662058,-0.0138110556473989,1.06096134845513,0.00057625872701788
-0.00141271060226294,-0.00534564761853212,0.0620053913082723,0.00287611514368729,0.000738649121506181,0.00604635425934516,-0.0653958286779008,0.00547570604932802,0.00057625872701788,1.03796342956195
