"V1","V2","V3","V4","V5","V6","V7","V8","V9","V10"
0.928014693611543,0.0221084159027338,-0.0378935619042113,-0.0267093388360252,-0.0321976744354817,0.00402569062590318,-0.0854535222099189,0.00774519885306495,0.032025406675312,-0.0423198481120198
0.0221084159027338,0.981464737310035,-0.0435001151294101,0.000974428456863529,0.00459304547960024,-0.00657262748941801,0.0264367137404397,0.0715241552726724,-0.031233793347797,-0.0297455626701881
-0.0378935619042113,-0.0435001151294101,0.872847458938689,0.00394950437862146,-0.0359071269897168,-0.0100142424734514,0.0274384323691106,-0.0141099280515268,0.00981164604160803,0.0398933652386559
-0.0267093388360252,0.000974428456863529,0.00394950437862146,1.02269255464837,0.00488396800402708,-0.0221860847996114,0.052589705447089,-0.0214220733328912,0.0248620557587085,0.0435001680823471
-0.0321976744354817,0.00459304547960024,-0.0359071269897168,0.00488396800402708,0.923991293273367,0.0392064203586023,-0.0521772199347276,-0.0151088257860792,0.0176839227917377,0.0423022289202406
0.00402569062590318,-0.00657262748941801,-0.0100142424734514,-0.0221860847996114,0.0392064203586023,1.08735663959185,0.0399001887193232,-0.00977411619279154,0.0430834773740939,-0.00848032820290565
-0.0854535222099189,0.0264367137404397,0.0274384323691106,0.052589705447089,-0.0521772199347276,0.0399001887193232,0.949943544652811,0.00316256919672198,-0.00662809393406692,0.0183301280619753
0.00774519885306495,0.0715241552726724,-0.0141099280515268,-0.0214220733328912,-0.0151088257860792,-0.00977411619279154,0.00316256919672198,0.988721050966156,0.072741816342927,-0.0109161608246307
0.032025406675312,-0.031233793347797,0.00981164604160803,0.0248620557587085,0.0176839227917377,0.0430834773740939,-0.00662809393406692,0.072741816342927,1.03912497055211,-0.0325135993540849
-0.0423198481120198,-0.0297455626701881,0.0398933652386559,0.0435001680823471,0.0423022289202406,-0.00848032820290565,0.0183301280619753,-0.0109161608246307,-0.0325135993540849,0.980591078279863
