"V1","V2","V3","V4","V5","V6","V7","V8","V9","V10"
0.97530352449716,0.00692141750478115,0.0120748262606933,-0.0103291062132366,0.0663079558750216,0.0277076568040949,0.0379608233295534,-0.0866214939988308,0.0178341622446155,-0.00358797758241474
0.00692141750478115,1.04837478548385,-0.0170436057075645,0.0376128072798709,0.00571416029591547,0.0123377143697984,-0.0118657085840457,-0.0316747769121751,0.0217366814276836,-0.0156670301759164
0.0120748262606933,-0.0170436057075645,1.0633780378015,0.0645182096871839,0.00369443541909441,0.000600253680908374,-0.0289359979273304,-0.0100942770628195,-0.0204420212216244,0.00275430544832727
-0.0103291062132366,0.0376128072798709,0.0645182096871839,1.00633723946412,0.00614736558351273,0.0190863439904529,-0.0182074406223455,0.00229196848989838,-0.0437484987584254,0.00295535427549456
0.0663079558750216,0.00571416029591547,0.00369443541909441,0.00614736558351273,1.01420259142757,-0.000618062704229615,-0.00361048453542417,0.0215221245839849,0.0128087661091779,-0.0422199545206242
0.0277076568040949,0.0123377143697984,0.000600253680908374,0.0190863439904529,-0.000618062704229615,0.966220041862232,0.00054989149897489,0.00693105061721217,0.00532021079599455,0.00941832128752234
0.0379608233295534,-0.0118657085840457,-0.0289359979273304,-0.0182074406223455,-0.00361048453542417,0.00054989149897489,1.03317445441472,-0.015722682719351,0.0737335549020761,-0.0527352726166531
-0.0866214939988308,-0.0316747769121751,-0.0100942770628195,0.00229196848989838,0.0215221245839849,0.00693105061721217,-0.015722682719351,1.06777303445047,-0.0381781467551239,0.0381769691458022
0.0178341622446155,0.0217366814276836,-0.0204420212216244,-0.0437484987584254,0.0128087661091779,0.00532021079599455,0.0737335549020761,-0.0381781467551239,0.993397707195671,-0.0576239345413738
-0.00358797758241474,-0.0156670301759164,0.00275430544832727,0.00295535427549456,-0.0422199545206242,0.00941832128752234,-0.0527352726166531,0.0381769691458022,-0.0576239345413738,1.08689707781346
