"V1","V2","V3","V4","V5","V6","V7","V8","V9","V10"
0.998974168533657,0.000589894612802939,0.0137630168252238,-0.0310554426462085,-0.0374872669129676,-0.0750039844167555,-0.028599482291762,-0.0176531174833011,0.0521481447646871,0.0414653859346339
0.000589894612802939,0.993205768062088,-0.00702138191356864,0.0205322915728728,0.0042847087042499,0.0170655752156349,0.0418875595243307,-0.0200716415160615,-0.00651468851462522,-0.0177271427921366
0.0137630168252238,-0.00702138191356864,1.02831094761282,0.00565847922262404,0.0307730696939318,-0.020027240216134,0.0183029054058568,0.0155448559790726,-0.0254882363788914,0.0650805935602731
-0.0310554426462085,0.0205322915728728,0.00565847922262404,0.971518559270001,0.0233038038396568,-0.0143694799880056,0.0343174781690006,-0.019296524257463,0.00712072227531308,-0.0476777205275435
-0.0374872669129676,0.0042847087042499,0.0307730696939318,0.0233038038396568,0.901893217912815,0.0118807945799818,0.00616260496365288,-0.00496584386265138,-0.0600950901929145,0.0632888440167276
-0.0750039844167555,0.0170655752156349,-0.020027240216134,-0.0143694799880056,0.0118807945799818,1.0477244112111,-0.0229955876070296,0.0341717207116432,-0.0415618454483173,0.0146215026965694
-0.028599482291762,0.0418875595243307,0.0183029054058568,0.0343174781690006,0.00616260496365288,-0.0229955876070296,1.02923003036772,-0.0116406181692849,-0.00239615345267619,0.0444666344531534
-0.0176531174833011,-0.0200716415160615,0.0155448559790726,-0.019296524257463,-0.00496584386265138,0.0341717207116432,-0.0116406181692849,1.08085183112416,-0.0189308339837572,-0.0106254069349556
0.0521481447646871,-0.00651468851462522,-0.0254882363788914,0.00712072227531308,-0.0600950901929145,-0.0415618454483173,-0.00239615345267619,-0.0189308339837572,0.911983018664538,-0.0230913694198508
0.0414653859346339,-0.0177271427921366,0.0650805935602731,-0.0476777205275435,0.0632888440167276,0.0146215026965694,0.0444666344531534,-0.0106254069349556,-0.0230913694198508,0.921892021042709
