"V1","V2","V3","V4","V5","V6","V7","V8","V9","V10"
1.09772808433263,0.0264796253188406,-0.0125883439933942,0.0415329180616082,-0.0093466508617353,-0.0276885961512448,-0.0121513894057929,-0.00571167791310244,-0.0318878536577581,0.00802278420737721
0.0264796253188406,1.01884135302317,0.0311502339015312,-0.0144066023942818,0.0107770686253989,-0.073056299348923,0.0258483600824507,-0.0206162212708919,0.00566773180620039,-0.0257152888022656
-0.0125883439933942,0.0311502339015312,0.938388973403819,-0.0143842385766434,-0.0148956776559101,-0.00773386061850386,-0.0509719838159147,-0.0451089911743681,0.0132492793027605,0.0171839371917391
0.0415329180616082,-0.0144066023942818,-0.0143842385766434,0.904106651309829,-0.060455027883097,-0.0657341525597239,0.00695196798429837,0.0388690640679302,0.0447894914289585,-0.00305742313670571
-0.0093466508617353,0.0107770686253989,-0.0148956776559101,-0.060455027883097,0.884657683636765,0.0077735915401573,0.0185888553992059,-0.0572981084667086,0.0479737321160742,-0.0187785182730691
-0.0276885961512448,-0.073056299348923,-0.00773386061850386,-0.0657341525597239,0.0077735915401573,0.980286933017393,-0.0142173133218413,-0.0234578410990482,0.0132042688759818,-0.0156064345003049
-0.0121513894057929,0.0258483600824507,-0.0509719838159147,0.00695196798429837,0.0185888553992059,-0.0142173133218413,1.01758706055484,-0.0233064068589794,-0.0133771266231711,0.0113617556119624
-0.00571167791310244,-0.0206162212708919,-0.0451089911743681,0.0388690640679302,-0.0572981084667086,-0.0234578410990482,-0.0233064068589794,1.05334501849645,-0.0519916507549062,-0.0528144983286363
-0.0318878536577581,0.00566773180620039,0.0132492793027605,0.0447894914289585,0.0479737321160742,0.0132042688759818,-0.0133771266231711,-0.0519916507549062,0.968334083653193,-0.0204729543499978
0.00802278420737721,-0.0257152888022656,0.0171839371917391,-0.00305742313670571,-0.0187785182730691,-0.0156064345003049,0.0113617556119624,-0.0528144983286363,-0.0204729543499978,1.07941757887361
