"V1","V2","V3","V4","V5","V6","V7","V8","V9","V10"
0.978114784581814,0.0250469201410165,-0.067633876581863,0.0482765394803772,-0.0291879746947518,0.052579927450242,-0.0145140480047724,0.0344043414888596,-0.0114678499425153,-0.0218422061213379
0.0250469201410165,0.972206568865682,-0.0355761974531463,-0.0430756276182393,-0.0322472760413434,-0.0123937519326836,-0.0558587841837994,0.0653550418243795,-0.00512645041601755,-0.00510702158097671
-0.067633876581863,-0.0355761974531463,1.02148663199001,0.0703853755664629,0.0064252497197372,-0.0201637752093208,-0.0352771769515629,0.0508668976286233,-0.0210496751808211,-0.0398493327587371
0.0482765394803772,-0.0430756276182393,0.0703853755664629,0.997553514971839,-0.00272992217801863,0.0108180921166081,-0.00982009960572174,0.0588666814635719,-0.00634964615240875,0.0201981135758068
-0.0291879746947518,-0.0322472760413434,0.0064252497197372,-0.00272992217801863,1.01515776223918,-0.00574659553430843,0.025177151532434,-0.0177733667093753,-0.0349720131011271,0.0287171587268114
0.052579927450242,-0.0123937519326836,-0.0201637752093208,0.0108180921166081,-0.00574659553430843,0.890096855759956,0.00446241720347007,-0.020105892776587,-0.00908434394320641,0.0044253335604307
-0.0145140480047724,-0.0558587841837994,-0.0352771769515629,-0.00982009960572174,0.025177151532434,0.00446241720347007,0.861694480945617,-0.0448714653294984,-0.00261617762009639,-0.00987161817468226
0.0344043414888596,0.0653550418243795,0.0508668976286233,0.0588666814635719,-0.0177733667093753,-0.020105892776587,-0.0448714653294984,0.919844944311514,0.0362092544724936,0.0447054614916581
-0.0114678499425153,-0.00512645041601755,-0.0210496751808211,-0.00634964615240875,-0.0349720131011271,-0.00908434394320641,-0.00261617762009639,0.0362092544724936,0.989298445025696,0.0317214674144179
-0.0218422061213379,-0.00510702158097671,-0.0398493327587371,0.0201981135758068,0.0287171587268114,0.0044253335604307,-0.00987161817468226,0.0447054614916581,0.0317214674144179,1.06354082166543
