"V1","V2","V3","V4","V5","V6","V7","V8","V9","V10"
0.952837755103655,-0.0166706071109964,0.00719142149600356,0.034080989311814,0.00332875872411262,0.00229394212060176,0.0237139937469861,0.0119197180094642,-0.0400635303370705,-0.0295418177072472
-0.0166706071109964,1.05959981343525,0.00769630493258875,0.0373573378260319,-0.0177341417703568,0.0622661612076848,-0.0617664020825716,0.067518495367328,-0.00485628833751754,-0.0236013528227983
0.00719142149600356,0.00769630493258875,0.978586626051064,-0.00583407183360266,0.00465526175227366,-0.00173633926323059,0.0215449362029614,0.0230298426908623,-0.0256099481895234,-0.0338711817581148
0.034080989311814,0.0373573378260319,-0.00583407183360266,1.02825562474993,-0.0134517473228258,0.0502637237998097,0.0501283628809241,0.016164593184784,0.0139326748652065,0.0136727319901902
0.00332875872411262,-0.0177341417703568,0.00465526175227366,-0.0134517473228258,0.934000185050131,-0.0230658263747889,0.0245706179356215,0.0137572307998319,-0.0325041145227214,0.0120843541939171
0.00229394212060176,0.0622661612076848,-0.00173633926323059,0.0502637237998097,-0.0230658263747889,1.00428524302388,-0.0395506086562237,0.0504555398074593,-0.0155971181172565,-0.0250593080038954
0.0237139937469861,-0.0617664020825716,0.0215449362029614,0.0501283628809241,0.0245706179356215,-0.0395506086562237,1.00843181233057,-0.00678939607308226,0.00983632295923748,0.0459933714148136
0.0119197180094642,0.067518495367328,0.0230298426908623,0.016164593184784,0.0137572307998319,0.0504555398074593,-0.00678939607308226,1.09497801163296,-0.00289124770988261,0.0433550572817753
-0.0400635303370705,-0.00485628833751754,-0.0256099481895234,0.0139326748652065,-0.0325041145227214,-0.0155971181172565,0.00983632295923748,-0.00289124770988261,0.94505474745716,-0.00213521923886682
-0.0295418177072472,-0.0236013528227983,-0.0338711817581148,0.0136727319901902,0.0120843541939171,-0.0250593080038954,0.0459933714148136,0.0433550572817753,-0.00213521923886682,1.02653202216034
