"V1","V2","V3","V4","V5","V6","V7","V8","V9","V10"
1.02523190837035,0.0197083233501291,0.0180132413287115,-0.038171537644919,-0.0556146745797807,-0.0169527756212714,-0.0256958670746908,-0.0163374789211761,0.0115282635025506,-0.0103373259960207
0.0197083233501291,1.04678498175203,0.0113046366224048,0.00741180951034127,-0.0443758277517701,-0.00429651127311885,-0.0381968214652677,0.00384913959609338,-0.00717845024011218,-0.0107779272114282
0.0180132413287115,0.0113046366224048,0.935158595537363,0.0150726729260507,-0.0390695711020886,0.0147913671652038,-0.032948846796856,-0.0155061539648043,0.0382996672675363,0.0306939478866766
-0.038171537644919,0.00741180951034127,0.0150726729260507,0.935054893363869,0.0334265163161594,0.00129604730652204,0.049851818094367,-0.0262555546588774,-0.0150208199284948,-0.0330587301438874
-0.0556146745797807,-0.0443758277517701,-0.0390695711020886,0.0334265163161594,1.02191754732982,0.0179003939664643,0.0380248290173991,0.0252535628636696,0.0364788028815766,-0.0195499910509845
-0.0169527756212714,-0.00429651127311885,0.0147913671652038,0.00129604730652204,0.0179003939664643,1.01106750099692,0.038592428356994,-0.0334931733600378,0.00706692731328065,-0.0165296620102432
-0.0256958670746908,-0.0381968214652677,-0.032948846796856,0.049851818094367,0.0380248290173991,0.038592428356994,0.971990823520212,0.0549126958497745,-0.0582678458577317,-0.0511862670824591
-0.0163374789211761,0.00384913959609338,-0.0155061539648043,-0.0262555546588774,0.0252535628636696,-0.0334931733600378,0.0549126958497745,0.958111478197218,-0.014546677150332,0.0069925035805251
0.0115282635025506,-0.00717845024011218,0.0382996672675363,-0.0150208199284948,0.0364788028815766,0.00706692731328065,-0.0582678458577317,-0.014546677150332,1.07056373427511,-0.0248326198576781
-0.0103373259960207,-0.0107779272114282,0.0306939478866766,-0.0330587301438874,-0.0195499910509845,-0.0165296620102432,-0.0511862670824591,0.0069925035805251,-0.0248326198576781,0.997589515100954
