"V1","V2","V3","V4","V5","V6","V7","V8","V9","V10"
1.02571993742367,0.0567410206996057,0.036627313450164,0.0636929704850582,-0.0144739046199899,0.0808832462674626,0.0368679000999508,0.0645384462593673,-0.0225022270791654,0.00526747526524896
0.0567410206996057,0.949723700322708,-0.0564612489757619,-0.00208322292334315,-0.02513775949835,0.0251625757751808,0.0112560103385648,-0.0172691395838427,-0.0506031123695141,0.0221234260924644
0.036627313450164,-0.0564612489757619,0.993087985383926,0.00518307586084877,-0.0181634808420414,0.00977699159857442,0.0157845036179835,0.0227063923219782,0.00280412898652007,0.00863129774271885
0.0636929704850582,-0.00208322292334315,0.00518307586084877,0.956054380065135,-0.00717907262155579,-0.0811961707683354,-0.0675608297265595,0.0040168861118775,0.061091504935348,0.0425746347494993
-0.0144739046199899,-0.02513775949835,-0.0181634808420414,-0.00717907262155579,1.02525454721822,-0.0202722972770963,-0.0505905308505388,-0.0266666331436771,0.0249794391625756,0.0406466925060392
0.0808832462674626,0.0251625757751808,0.00977699159857442,-0.0811961707683354,-0.0202722972770963,1.08359597528546,-7.19376859130948e-05,-0.0123283923716206,-0.0193641456969592,-0.0344879931095321
0.0368679000999508,0.0112560103385648,0.0157845036179835,-0.0675608297265595,-0.0505905308505388,-7.19376859130948e-05,1.07264174075421,0.0386870500199714,0.0395598651909178,-0.020470785074121
0.0645384462593673,-0.0172691395838427,0.0227063923219782,0.0040168861118775,-0.0266666331436771,-0.0123283923716206,0.0386870500199714,0.995489444956774,-0.0069457930160655,-0.0275128778647529
-0.0225022270791654,-0.0506031123695141,0.00280412898652007,0.061091504935348,0.0249794391625756,-0.0193641456969592,0.0395598651909178,-0.0069457930160655,0.982321853923404,0.0229447360156106
0.00526747526524896,0.0221234260924644,0.00863129774271885,0.0425746347494993,0.0406466925060392,-0.0344879931095321,-0.020470785074121,-0.0275128778647529,0.0229447360156106,0.938622795608693
