"V1","V2","V3","V4","V5","V6","V7","V8","V9","V10"
0.945866512906495,-0.0557559018307938,-0.00379633092662946,0.00482992975415301,0.0475349369813441,-0.0676291871921247,-0.00948202595544423,-0.0164469280361076,0.0265546639740419,0.025031367746006
-0.0557559018307938,0.997050262910315,0.0193393072561898,-0.0664298552292482,0.0118084228846551,0.0103674974505392,0.0511378161155478,0.0429388328952371,-0.0278515207126786,0.0571952792233127
-0.00379633092662946,0.0193393072561898,1.03804017880141,0.0394131601412028,-0.0243586182591542,0.00769785664373245,-0.0581308982990436,-0.0652965836830964,-0.0121795155399547,-0.00327737503921825
0.00482992975415301,-0.0664298552292482,0.0394131601412028,1.05034970286462,0.0255612746322815,0.00328953956365477,0.0308695972517737,0.0155453114794367,0.0693187337501494,-0.005652902398803
0.0475349369813441,0.0118084228846551,-0.0243586182591542,0.0255612746322815,0.979223215236554,0.00715422394184973,0.0175265583884967,-0.00345979984183794,0.0236507329539413,0.0219133360016618
-0.0676291871921247,0.0103674974505392,0.00769785664373245,0.00328953956365477,0.00715422394184973,0.97232022159772,-0.0780372739689287,-0.021523844492612,-0.052235875978609,0.0365073277684242
-0.00948202595544423,0.0511378161155478,-0.0581308982990436,0.0308695972517737,0.0175265583884967,-0.0780372739689287,0.996120814939056,0.0376926040016149,-0.0278752398735631,-0.0668502197516298
-0.0164469280361076,0.0429388328952371,-0.0652965836830964,0.0155453114794367,-0.00345979984183794,-0.021523844492612,0.0376926040016149,0.976490294307674,0.0284635317144104,0.00507270436460392
0.0265546639740419,-0.0278515207126786,-0.0121795155399547,0.0693187337501494,0.0236507329539413,-0.052235875978609,-0.0278752398735631,0.0284635317144104,1.02110703547818,-0.00465558053755019
0.025031367746006,0.0571952792233127,-0.00327737503921825,-0.005652902398803,0.0219133360016618,0.0365073277684242,-0.0668502197516298,0.00507270436460392,-0.00465558053755019,1.0516411237756
