"V1","V2","V3","V4","V5","V6","V7","V8","V9","V10"
1.04306839012531,0.011025372402187,0.0224508077444856,0.0155135494701292,0.0500018962454797,0.0487936914991562,-0.00382441372386745,-0.00996269884833845,0.0508759401048803,0.0144164612811827
0.011025372402187,1.07507764578313,-0.0199608412940901,0.00640185428687125,-0.0286898898750505,0.0493791354994216,-0.0328107483222495,0.0218311692313407,0.0210118125198377,0.00977807774974093
0.0224508077444856,-0.0199608412940901,1.01076653080884,0.0579499440974435,0.0362794364267158,0.0365898851574707,0.0450599545450381,0.0274731764400946,-0.0262898087170375,-0.0690406085816175
0.0155135494701292,0.00640185428687125,0.0579499440974435,1.07111361449181,-0.00331763693324296,-0.043004595297177,-0.00717376728324379,0.0484395995105986,-0.0580763256519679,-0.0539546675649527
0.0500018962454797,-0.0286898898750505,0.0362794364267158,-0.00331763693324296,1.04483527162343,0.0151364888109374,-0.0285344233045211,0.0135712890970204,-0.00468538908149069,0.0125722612745767
0.0487936914991562,0.0493791354994216,0.0365898851574707,-0.043004595297177,0.0151364888109374,1.05851946644873,-0.00103634837542156,0.0176841973137903,-0.0308797285363118,0.0781766005395792
-0.00382441372386745,-0.0328107483222495,0.0450599545450381,-0.00717376728324379,-0.0285344233045211,-0.00103634837542156,0.948402294001419,0.081113326792837,0.0224058442850774,-0.0195563456247727
-0.00996269884833845,0.0218311692313407,0.0274731764400946,0.0484395995105986,0.0135712890970204,0.0176841973137903,0.081113326792837,0.963875560212855,-0.0467380832045144,0.00868440536382376
0.0508759401048803,0.0210118125198377,-0.0262898087170375,-0.0580763256519679,-0.00468538908149069,-0.0308797285363118,0.0224058442850774,-0.0467380832045144,1.04178778665254,-0.00829545449138444
0.0144164612811827,0.00977807774974093,-0.0690406085816175,-0.0539546675649527,0.0125722612745767,0.0781766005395792,-0.0195563456247727,0.00868440536382376,-0.00829545449138444,0.928351252559421
