"V1","V2","V3","V4","V5","V6","V7","V8","V9","V10"
1.01473121129986,0.0243852817400397,0.0142978981222193,-0.0082609250730604,0.0355239293834145,0.0700733567204142,0.0192163580931439,-0.00915746175589924,-0.0263040895924683,-0.0243169926089069
0.0243852817400397,0.951377086550414,-0.00463901602909966,0.0084017925760517,-0.0548730339740775,-0.00337023652863112,0.037342558557855,-0.0179740180784951,-0.0295721625490309,0.0222703437980287
0.0142978981222193,-0.00463901602909966,0.992505850828932,0.00853801164872123,0.0174314703922149,-0.0360370866994586,0.00310351664462122,0.0282461337104088,0.0140657407813959,0.0800296241597377
-0.0082609250730604,0.0084017925760517,0.00853801164872123,0.981068045279081,-0.0332587838134235,0.000168257394421321,0.0381088624049375,0.0566162618797807,-0.00313073483632772,-0.0417427703890566
0.0355239293834145,-0.0548730339740775,0.0174314703922149,-0.0332587838134235,1.02491861050616,0.0467017323135546,0.00263899121882696,-0.0380486258331079,-0.0116012488885629,-0.0135331809000354
0.0700733567204142,-0.00337023652863112,-0.0360370866994586,0.000168257394421321,0.0467017323135546,1.03126971477841,-0.0428531660558844,-0.00959333218799681,0.0424392417855797,0.0212190474032179
0.0192163580931439,0.037342558557855,0.00310351664462122,0.0381088624049375,0.00263899121882696,-0.0428531660558844,0.96395648746769,0.0258745790835646,-0.00970675669725529,-0.0106657164659204
-0.00915746175589924,-0.0179740180784951,0.0282461337104088,0.0566162618797807,-0.0380486258331079,-0.00959333218799681,0.0258745790835646,1.09857610216399,0.0773256293993553,0.0212486234847336
-0.0263040895924683,-0.0295721625490309,0.0140657407813959,-0.00313073483632772,-0.0116012488885629,0.0424392417855797,-0.00970675669725529,0.0773256293993553,0.959641644396089,0.0611913439894975
-0.0243169926089069,0.0222703437980287,0.0800296241597377,-0.0417427703890566,-0.0135331809000354,0.0212190474032179,-0.0106657164659204,0.0212486234847336,0.0611913439894975,0.98222012137799
