"V1","V2","V3","V4","V5","V6","V7","V8","V9","V10"
1.02876843350335,-0.0519230020695177,-0.00667812638026607,0.000574000435956743,0.0348934549309703,0.0590451059389959,0.0569391239592277,0.00480182640974274,0.056973898790795,0.0183111082717243
-0.0519230020695177,1.04834678605343,-0.0224519688621681,-0.027073404784038,0.0577579084916023,-0.0426309115505613,0.0499516928378944,-0.00950606034695991,-0.0758179175738559,-0.0109753514538128
-0.00667812638026607,-0.0224519688621681,1.08883442805379,0.0349602214333836,-0.0186545081489055,0.0169769770645387,0.00849861509789375,-0.040366071489997,-0.0535264330120086,0.0536990955146683
0.000574000435956743,-0.027073404784038,0.0349602214333836,0.931990512064138,-0.0229351487613411,-0.0299750894736461,-0.0301669147336847,-0.0207505716740529,0.00368395792626803,0.00631797886477156
0.0348934549309703,0.0577579084916023,-0.0186545081489055,-0.0229351487613411,1.04815939936421,0.00847271393115489,0.0146039006223715,0.0170589729625001,-0.0458799904290818,-0.030397103592384
0.0590451059389959,-0.0426309115505613,0.0169769770645387,-0.0299750894736461,0.00847271393115489,1.1234745785015,0.0545077984730015,-0.0544083186403773,0.0226718475795553,-0.00104488178261012
0.0569391239592277,0.0499516928378944,0.00849861509789375,-0.0301669147336847,0.0146039006223715,0.0545077984730015,1.11573963508992,0.00451540656284693,-0.0632114946229358,-0.00991850326166263
0.00480182640974274,-0.00950606034695991,-0.040366071489997,-0.0207505716740529,0.0170589729625001,-0.0544083186403773,0.00451540656284693,1.00592170084792,0.00736773132079634,-0.0616677565608648
0.056973898790795,-0.0758179175738559,-0.0535264330120086,0.00368395792626803,-0.0458799904290818,0.0226718475795553,-0.0632114946229358,0.00736773132079634,1.06562502326829,0.0324092151087856
0.0183111082717243,-0.0109753514538128,0.0536990955146683,0.00631797886477156,-0.030397103592384,-0.00104488178261012,-0.00991850326166263,-0.0616677565608648,0.0324092151087856,1.01541443045005
