"V1","V2","V3","V4","V5","V6","V7","V8","V9","V10"
1.01608410128063,0.0463362603015273,0.0514633335865678,-0.0197319124379584,0.0286161204879096,0.0142955049085745,-0.0222252662439954,-0.0290617204505013,0.0511439765798813,0.0200190131782531
0.0463362603015273,0.932747432313346,5.63885636016001e-05,-0.0364271639009048,-0.0122837764524879,0.000387816871274149,-0.0462644855802207,0.0294476485631269,0.0245520983458877,0.0548608218802339
0.0514633335865678,5.63885636016001e-05,0.966805508542819,0.0243537661776519,-0.0129237363134881,-0.00435972573724823,-0.0160456901575913,0.0061453024437873,-0.0822684113798435,-0.0111665657792548
-0.0197319124379584,-0.0364271639009048,0.0243537661776519,0.974082415920049,-0.00732769582617053,0.0290231636202236,-0.0253187657159681,0.020318339084786,-0.0198658650604852,-0.021029402970027
0.0286161204879096,-0.0122837764524879,-0.0129237363134881,-0.00732769582617053,1.04805411378556,-0.0133634923262706,-0.00772004745814547,-0.00630278961850348,0.0866896744046813,-0.0128461481739426
0.0142955049085745,0.000387816871274149,-0.00435972573724823,0.0290231636202236,-0.0133634923262706,0.931898464218358,-0.0100471659417407,0.0102764006267572,0.0206497653513875,-0.0541882434072279
-0.0222252662439954,-0.0462644855802207,-0.0160456901575913,-0.0253187657159681,-0.00772004745814547,-0.0100471659417407,1.04768018474971,0.00123210227710453,-0.0348775956160514,0.0169464688325141
-0.0290617204505013,0.0294476485631269,0.0061453024437873,0.020318339084786,-0.00630278961850348,0.0102764006267572,0.00123210227710453,1.06837584462769,-0.0138783204283665,-0.0270158128277221
0.0511439765798813,0.0245520983458877,-0.0822684113798435,-0.0198658650604852,0.0866896744046813,0.0206497653513875,-0.0348775956160514,-0.0138783204283665,0.962171412460991,-0.0451479805206257
0.0200190131782531,0.0548608218802339,-0.0111665657792548,-0.021029402970027,-0.0128461481739426,-0.0541882434072279,0.0169464688325141,-0.0270158128277221,-0.0451479805206257,0.975917678600225
