"V1","V2","V3","V4","V5","V6","V7","V8","V9","V10"
1.06906636806489,0.022174282349189,-0.0297175398643335,0.0132964554595671,0.038592304483124,0.0412571651820193,-0.0222266896791709,-0.0391506641788303,-0.00478479676532414,0.042642070807181
0.022174282349189,0.965945195907468,-0.00561040764084949,-0.0372029331262672,0.0222354683358577,0.0248614045530695,-0.0200616251128408,-0.0260017084034711,0.0139774209189234,-0.0151020438982165
-0.0297175398643335,-0.00561040764084949,1.00793582501035,0.039001421591089,0.0278112152138241,-0.00975840372143161,-0.0568720136202886,-0.0411162564555759,-0.00890027936004723,0.0399525129063689
0.0132964554595671,-0.0372029331262672,0.039001421591089,1.00303373438222,-0.033031923511072,-0.0506720429459033,0.0613676919685323,-0.0175858443324258,-0.0720867784935039,0.0158058800891971
0.038592304483124,0.0222354683358577,0.0278112152138241,-0.033031923511072,0.969158127532649,0.0580430451447932,0.0127773059469848,0.0163445297375967,0.0628146365431593,0.0458156350408089
0.0412571651820193,0.0248614045530695,-0.00975840372143161,-0.0506720429459033,0.0580430451447932,0.985154011160924,0.0328409367783424,0.0624349750335228,-0.0024654611467122,0.0582268113435247
-0.0222266896791709,-0.0200616251128408,-0.0568720136202886,0.0613676919685323,0.0127773059469848,0.0328409367783424,0.970088030222901,-0.00508050234938065,-0.0273652924805846,-0.0563472775237945
-0.0391506641788303,-0.0260017084034711,-0.0411162564555759,-0.0175858443324258,0.0163445297375967,0.0624349750335228,-0.00508050234938065,1.03996253756117,0.0761801455785991,0.0272622254375694
-0.00478479676532414,0.0139774209189234,-0.00890027936004723,-0.0720867784935039,0.0628146365431593,-0.0024654611467122,-0.0273652924805846,0.0761801455785991,1.01926699493313,0.0421490404125926
0.042642070807181,-0.0151020438982165,0.0399525129063689,0.0158058800891971,0.0458156350408089,0.0582268113435247,-0.0563472775237945,0.0272622254375694,0.0421490404125926,0.93429191316285
