"V1","V2","V3","V4","V5","V6","V7","V8","V9","V10"
0.978696612302876,-0.0414175415782287,-0.0238313264935252,-0.0140913946367141,-0.0426172188013342,-0.0345031043158062,0.0131090229211432,0.0202581164059393,0.00298308636813676,-0.0370230752232138
-0.0414175415782287,0.96719620408849,0.0042498814011636,0.00598568231449797,0.0172658261506103,0.0389755415278388,0.021278215666703,0.027666064890445,0.0205709024215164,0.0206258805914477
-0.0238313264935252,0.0042498814011636,1.0014652102856,0.0299084992736117,0.0268966317207636,-0.009466374717971,0.020661073446543,-0.0996060359986067,0.00814518707487698,0.017867656283776
-0.0140913946367141,0.00598568231449797,0.0299084992736117,1.06062371828827,0.0587027284202248,-0.00324632985248422,-0.0334673322597002,0.0446075527376188,-0.0194740488272763,-0.0236429113939219
-0.0426172188013342,0.0172658261506103,0.0268966317207636,0.0587027284202248,1.01169408516888,-0.00737508564076634,-0.057214188222294,-0.0879361717188989,-0.0337604301741836,-0.0392916892976106
-0.0345031043158062,0.0389755415278388,-0.009466374717971,-0.00324632985248422,-0.00737508564076634,0.934722636028645,-0.0685450872382714,-0.0141228018094799,0.00891489584957442,0.0171200194382949
0.0131090229211432,0.021278215666703,0.020661073446543,-0.0334673322597002,-0.057214188222294,-0.0685450872382714,0.934223939616754,0.0398580121348661,0.0570211941808801,0.012020601595322
0.0202581164059393,0.027666064890445,-0.0996060359986067,0.0446075527376188,-0.0879361717188989,-0.0141228018094799,0.0398580121348661,1.00301013666467,0.00582023777051424,0.00290482440983133
0.00298308636813676,0.0205709024215164,0.00814518707487698,-0.0194740488272763,-0.0337604301741836,0.00891489584957442,0.0570211941808801,0.00582023777051424,0.950246491366231,-0.0238407971156202
-0.0370230752232138,0.0206258805914477,0.017867656283776,-0.0236429113939219,-0.0392916892976106,0.0171200194382949,0.012020601595322,0.00290482440983133,-0.0238407971156202,0.993498670236903
