"V1","V2","V3","V4","V5","V6","V7","V8","V9","V10"
1.00649304859076,0.00208913728441607,-0.016951589269564,0.000432589597710263,-0.0386894023778241,-0.00325226229851999,0.00143542383858744,-0.104920110273038,0.0615823599052071,0.0530321955986096
0.00208913728441607,0.942969215117475,-0.0182368997918975,0.0937491646176317,0.0528871733087626,-0.00952405740881305,-0.0113043432448691,-0.00595280697434118,0.0350174308539967,0.0202585586132013
-0.016951589269564,-0.0182368997918975,1.01121572821376,-0.00192363742411747,-0.0505328127480777,-0.0361603407521462,-0.039576234405022,0.0078574473058753,-0.0463326246338165,0.0114047552399606
0.000432589597710263,0.0937491646176317,-0.00192363742411747,0.949826969666956,0.0396220146340757,-0.0292059149586226,0.0217187423779625,-0.00329738399500437,0.0488449159960276,-0.0583134431000746
-0.0386894023778241,0.0528871733087626,-0.0505328127480777,0.0396220146340757,0.950180324854073,0.0127408998501182,-0.00136562860900004,-0.015570982074769,-0.0019158791305179,0.0204782611770531
-0.00325226229851999,-0.00952405740881305,-0.0361603407521462,-0.0292059149586226,0.0127408998501182,0.913019421619302,0.0116814894208553,0.0192512875553903,-0.0440931234640609,0.0531471364898517
0.00143542383858744,-0.0113043432448691,-0.039576234405022,0.0217187423779625,-0.00136562860900004,0.0116814894208553,0.978025832055481,-0.0227154230580103,0.0284199029867542,0.0358552739755924
-0.104920110273038,-0.00595280697434118,0.0078574473058753,-0.00329738399500437,-0.015570982074769,0.0192512875553903,-0.0227154230580103,1.01704850294104,0.020643612839124,-0.0931653475971602
0.0615823599052071,0.0350174308539967,-0.0463326246338165,0.0488449159960276,-0.0019158791305179,-0.0440931234640609,0.0284199029867542,0.020643612839124,1.03926321685761,0.000667759766707163
0.0530321955986096,0.0202585586132013,0.0114047552399606,-0.0583134431000746,0.0204782611770531,0.0531471364898517,0.0358552739755924,-0.0931653475971602,0.000667759766707163,1.07946245021477
