"V1","V2","V3","V4","V5","V6","V7","V8","V9","V10"
1.03623519018198,-0.0135333249808987,0.0164283860336939,0.00942428560402742,-0.0124963935396911,0.006835647692122,0.0152916222310681,0.0453516695567727,0.00632934562527014,0.0202898307151973
-0.0135333249808987,1.04947364465977,0.0929323437570724,-0.014188581830408,0.0340438142016864,0.0179330151625304,0.0612169986733518,-0.0088957042118888,-0.0411724727190044,0.00777373451813334
0.0164283860336939,0.0929323437570724,1.04506795543065,0.00497159975726671,0.015153145230291,-0.0310509347144978,0.00501724847044879,-0.0607267403054668,-0.0450182881201667,-0.020607616195208
0.00942428560402742,-0.014188581830408,0.00497159975726671,0.995855846511509,-0.0315289338382937,0.0397647110225451,0.000309996481990078,-0.0107021144786115,-0.00198862572905137,0.0619446974128119
-0.0124963935396911,0.0340438142016864,0.015153145230291,-0.0315289338382937,1.05853707993042,0.0105325428405049,-0.0142809344693235,0.052356488916771,-0.025843259722412,-0.015709997829803
0.006835647692122,0.0179330151625304,-0.0310509347144978,0.0397647110225451,0.0105325428405049,0.988560744613707,0.0369714726230734,0.0244013773704597,-0.0187420108677777,0.0473499261163903
0.0152916222310681,0.0612169986733518,0.00501724847044879,0.000309996481990078,-0.0142809344693235,0.0369714726230734,1.05500375155465,0.0307131585830643,0.0406031134734255,0.013107435964019
0.0453516695567727,-0.0088957042118888,-0.0607267403054668,-0.0107021144786115,0.052356488916771,0.0244013773704597,0.0307131585830643,0.947417746407954,0.00828711711322875,-0.0248571856513337
0.00632934562527014,-0.0411724727190044,-0.0450182881201667,-0.00198862572905137,-0.025843259722412,-0.0187420108677777,0.0406031134734255,0.00828711711322875,0.907388664984049,0.00461406889872587
0.0202898307151973,0.00777373451813334,-0.020607616195208,0.0619446974128119,-0.015709997829803,0.0473499261163903,0.013107435964019,-0.0248571856513337,0.00461406889872587,0.938775640318544
