"V1","V2","V3","V4","V5","V6","V7","V8","V9","V10"
1.01850599733776,0.00456172542508651,0.0261013120115453,0.0277836669845485,0.00693850006480457,-0.022520747267154,0.0158186450301638,-0.0282034965431395,0.0494386378710075,-0.034200962810071
0.00456172542508651,0.987001452445098,-0.0125570864974402,0.0027535702003164,0.00416379427436219,0.0230989629540052,-0.0405326248769939,0.0934000104178616,0.0519112962142029,-0.0168705153306657
0.0261013120115453,-0.0125570864974402,1.09124139852092,-0.0220003365713543,-0.0345577182676111,0.00505813149291281,-0.0113496123924077,0.0112647453041188,-0.0250182260893945,0.0417795192042296
0.0277836669845485,0.0027535702003164,-0.0220003365713543,1.01920411800915,0.0326703037911004,0.0114284322701085,-0.00427721304142127,-0.0454862133414496,0.0310100227943859,-0.0129061558153079
0.00693850006480457,0.00416379427436219,-0.0345577182676111,0.0326703037911004,1.00884767591879,-0.00699824537946066,0.0217537327202853,0.026036165998091,-0.0291399197600648,0.0386522053143683
-0.022520747267154,0.0230989629540052,0.00505813149291281,0.0114284322701085,-0.00699824537946066,0.993251340581964,-0.0720777899163619,0.0378734426613644,-0.0458925770813037,0.0447825492623549
0.0158186450301638,-0.0405326248769939,-0.0113496123924077,-0.00427721304142127,0.0217537327202853,-0.0720777899163619,0.884275943729463,-0.00459509826391853,-0.00825892947246749,0.0106676645189248
-0.0282034965431395,0.0934000104178616,0.0112647453041188,-0.0454862133414496,0.026036165998091,0.0378734426613644,-0.00459509826391853,0.958333086564216,0.0377897351693424,0.000587047600962756
0.0494386378710075,0.0519112962142029,-0.0250182260893945,0.0310100227943859,-0.0291399197600648,-0.0458925770813037,-0.00825892947246749,0.0377897351693424,1.0360886699607,-0.0098405378061145
-0.034200962810071,-0.0168705153306657,0.0417795192042296,-0.0129061558153079,0.0386522053143683,0.0447825492623549,0.0106676645189248,0.000587047600962756,-0.0098405378061145,0.949754921950379
