"V1","V2","V3","V4","V5","V6","V7","V8","V9","V10"
1.03797816275875,-0.0116932670838701,0.0370425280035767,0.00328131430850758,-0.040610289738854,0.0025251978764719,0.00988031038130121,-0.0250324424095847,0.0473279438661213,-0.00780672804794181
-0.0116932670838701,1.02714611489516,0.0351661973652902,0.0350715111846076,-0.0570189604805188,-0.0199293754028246,-0.00138100798056938,0.0116398921760134,-0.0277274413796276,0.0594800549231924
0.0370425280035767,0.0351661973652902,1.01333055307881,0.0197467847438195,0.0729754144313508,0.00108939135686636,0.046648230073331,-0.0213005622537122,0.00751559932960948,0.0203645569829367
0.00328131430850758,0.0350715111846076,0.0197467847438195,0.997693631816897,-0.028618497900926,-0.018842203170689,-0.0471710956040044,-0.0467489696253262,-0.00532358416106617,-0.0287485771632338
-0.040610289738854,-0.0570189604805188,0.0729754144313508,-0.028618497900926,1.02372751652203,0.0014884144770991,-0.0068292224018282,0.0756713019489911,-0.059137949112251,-0.0132734012204236
0.0025251978764719,-0.0199293754028246,0.00108939135686636,-0.018842203170689,0.0014884144770991,0.976970140858948,0.0122966791023507,-0.0165454075913687,-0.0474256587880285,-0.0414416204569189
0.00988031038130121,-0.00138100798056938,0.046648230073331,-0.0471710956040044,-0.0068292224018282,0.0122966791023507,1.04997880921404,0.0455399785322883,-0.0596630887232105,0.0367696382605158
-0.0250324424095847,0.0116398921760134,-0.0213005622537122,-0.0467489696253262,0.0756713019489911,-0.0165454075913687,0.0455399785322883,0.972269324268184,-0.0250051052072048,-0.0108503517408846
0.0473279438661213,-0.0277274413796276,0.00751559932960948,-0.00532358416106617,-0.059137949112251,-0.0474256587880285,-0.0596630887232105,-0.0250051052072048,0.979241357941215,-0.0269222868053568
-0.00780672804794181,0.0594800549231924,0.0203645569829367,-0.0287485771632338,-0.0132734012204236,-0.0414416204569189,0.0367696382605158,-0.0108503517408846,-0.0269222868053568,0.942449121094595
