"V1","V2","V3","V4","V5","V6","V7","V8","V9","V10"
1.02884327055618,-0.0401965132043453,-0.0148624188993872,-0.0389373464988845,0.0320459590306255,0.0506568499743232,-0.0432100241211377,0.0383428838880299,0.00480843729456682,-0.0832274926637003
-0.0401965132043453,1.00322368363296,-0.0341579015491835,-0.0247087906849564,-0.0607303307844645,0.0479282177318476,-0.0114908723731973,-0.0125546078050969,0.00360083931827914,0.0053731358111944
-0.0148624188993872,-0.0341579015491835,1.04456097501361,-0.0238193561286401,-0.052456461506584,-0.0220604391084943,-0.0255924996325708,-0.00736481859938873,-0.0351072536580755,0.0238195263170377
-0.0389373464988845,-0.0247087906849564,-0.0238193561286401,1.0278540154787,0.0137885752083742,0.0739135749273401,-0.0349050339185043,0.0329427817687773,0.0183151505558264,-0.00832410271452874
0.0320459590306255,-0.0607303307844645,-0.052456461506584,0.0137885752083742,0.983387859623059,0.0118018004888866,0.0331904977360344,0.0382756147140527,-0.0368259634771595,-0.0334910753331525
0.0506568499743232,0.0479282177318476,-0.0220604391084943,0.0739135749273401,0.0118018004888866,1.0023630120809,0.0346182952422833,0.0365911378533255,0.0464882842671984,-0.020614403830089
-0.0432100241211377,-0.0114908723731973,-0.0255924996325708,-0.0349050339185043,0.0331904977360344,0.0346182952422833,0.942952430819716,0.0223431375445544,-0.0142957652670263,-0.0496609178115086
0.0383428838880299,-0.0125546078050969,-0.00736481859938873,0.0329427817687773,0.0382756147140527,0.0365911378533255,0.0223431375445544,1.01679280541699,-0.0438123966645595,0.0234390900989276
0.00480843729456682,0.00360083931827914,-0.0351072536580755,0.0183151505558264,-0.0368259634771595,0.0464882842671984,-0.0142957652670263,-0.0438123966645595,0.888442731164508,-0.011713732137338
-0.0832274926637003,0.0053731358111944,0.0238195263170377,-0.00832410271452874,-0.0334910753331525,-0.020614403830089,-0.0496609178115086,0.0234390900989276,-0.011713732137338,1.03807305190521
