"V1","V2","V3","V4","V5","V6","V7","V8","V9","V10"
1.03446731308939,0.00164105758611156,-0.0445266574925385,-0.0294247101647766,0.0089512939705187,0.044201593933236,0.0232570818922956,0.0495902909839973,-0.0283571163075769,-0.0238892938026363
0.00164105758611156,0.954659766854686,0.0265771250896654,0.0127758329586565,-0.0277618429572403,0.0552288333518516,0.038404255018887,-0.0442828622364327,-0.0132275246576818,-0.0020821107585157
-0.0445266574925385,0.0265771250896654,1.0656840701094,-0.000116705362761653,0.0665255360148948,-0.043666997084395,-0.0524636017405367,0.0252264043738349,0.0207538086498752,0.000196262155853064
-0.0294247101647766,0.0127758329586565,-0.000116705362761653,1.06906980047495,0.0117273149356844,-0.000361528323124672,0.0138455493293764,0.00802258159655257,0.0375276500349855,-0.0365400790278151
0.0089512939705187,-0.0277618429572403,0.0665255360148948,0.0117273149356844,0.968633987076035,-0.042288841742161,0.0201006950032372,-0.00364008034916816,-0.0486415468013238,-0.0478016192847311
0.044201593933236,0.0552288333518516,-0.043666997084395,-0.000361528323124672,-0.042288841742161,1.024912525858,0.0630950447840741,-0.0380955782274178,0.00375704941410273,0.032458433064212
0.0232570818922956,0.038404255018887,-0.0524636017405367,0.0138455493293764,0.0201006950032372,0.0630950447840741,1.07476095628813,-0.0083618271218541,-0.00788492287959754,-0.0187739048352478
0.0495902909839973,-0.0442828622364327,0.0252264043738349,0.00802258159655257,-0.00364008034916816,-0.0380955782274178,-0.0083618271218541,1.04872647232933,-0.0293918700300703,0.0102896670583398
-0.0283571163075769,-0.0132275246576818,0.0207538086498752,0.0375276500349855,-0.0486415468013238,0.00375704941410273,-0.00788492287959754,-0.0293918700300703,0.934508054811459,0.0430911034324913
-0.0238892938026363,-0.0020821107585157,0.000196262155853064,-0.0365400790278151,-0.0478016192847311,0.032458433064212,-0.0187739048352478,0.0102896670583398,0.0430911034324913,1.01252547214011
