"V1","V2","V3","V4","V5","V6","V7","V8","V9","V10"
1.05032661774182,-0.00653311341377721,0.00675551596579638,-0.015855741171805,0.00733736409103949,0.0553748479497382,-0.00818894383673006,-0.00238199324390008,0.0150791595935564,0.0668930052396555
-0.00653311341377721,0.98409211394833,0.0251095325077187,0.0341953679715545,-0.00730933029059395,0.0476659075468257,0.0299601645340134,0.0125417496556193,-0.059860918810603,0.0188983101071142
0.00675551596579638,0.0251095325077187,1.06432272248518,-0.0166061204227416,-0.0144232493818523,0.00640501826909797,-0.0707382942852623,0.0154291096315761,0.0414989272376266,-0.0104647927621533
-0.015855741171805,0.0341953679715545,-0.0166061204227416,1.03920601301213,0.0218360593423671,0.0733559522479256,-0.0290757963353341,-0.0151781470948833,0.0103166823951212,-0.060982823289196
0.00733736409103949,-0.00730933029059395,-0.0144232493818523,0.0218360593423671,0.968003918489369,0.0199693047685226,-0.0172916197091831,0.081092138295813,-0.0465734553461481,0.0222507741436416
0.0553748479497382,0.0476659075468257,0.00640501826909797,0.0733559522479256,0.0199693047685226,1.0619360004201,0.0225767134415104,-0.0175704477427273,-0.0138988953156099,-0.014011541976392
-0.00818894383673006,0.0299601645340134,-0.0707382942852623,-0.0290757963353341,-0.0172916197091831,0.0225767134415104,0.967786462095167,-0.0198574650467213,0.0224564801970198,-0.00909143508280881
-0.00238199324390008,0.0125417496556193,0.0154291096315761,-0.0151781470948833,0.081092138295813,-0.0175704477427273,-0.0198574650467213,0.983381515371929,0.0525159974697017,0.03352195408889
0.0150791595935564,-0.059860918810603,0.0414989272376266,0.0103166823951212,-0.0465734553461481,-0.0138988953156099,0.0224564801970198,0.0525159974697017,1.0104796153782,-0.0445070693672264
0.0668930052396555,0.0188983101071142,-0.0104647927621533,-0.060982823289196,0.0222507741436416,-0.014011541976392,-0.00909143508280881,0.03352195408889,-0.0445070693672264,1.0120092847708
