"V1","V2","V3","V4","V5","V6","V7","V8","V9","V10"
0.960015990769116,-0.00959546611160159,0.0296639959419472,-0.0519662634853934,0.0325171866238597,-0.034854237209548,0.00305680714547489,-0.0134260876376266,0.00310696419310013,0.0738405576531561
-0.00959546611160159,1.00381533376487,-0.0106922946919718,0.0293303385454867,0.0575504116749765,-0.065288439229975,0.0857346329836768,-0.0155123602484522,-0.0198446417838848,0.0173495314383636
0.0296639959419472,-0.0106922946919718,1.01604079761971,0.0197756233851588,0.0159431172135548,0.029830825836895,0.0635954500717817,0.0361785152328292,-0.00641650432183403,0.00536611803175652
-0.0519662634853934,0.0293303385454867,0.0197756233851588,0.969978358311753,-0.065018099736906,0.0432160309194284,0.0267783500484167,-0.021353233187004,0.0364922691665188,-0.0025069430007298
0.0325171866238597,0.0575504116749765,0.0159431172135548,-0.065018099736906,0.997640662951659,0.0451365649888515,-0.0464151900569926,-0.0101115658507019,-0.0601336971097041,0.00395367739836354
-0.034854237209548,-0.065288439229975,0.029830825836895,0.0432160309194284,0.0451365649888515,1.03566219854025,-0.0201128554810099,0.00835646730803948,-0.0003802086704441,0.0128642433305195
0.00305680714547489,0.0857346329836768,0.0635954500717817,0.0267783500484167,-0.0464151900569926,-0.0201128554810099,0.945070168127574,-0.0527497889166931,0.0145152883341368,-0.0183861778311328
-0.0134260876376266,-0.0155123602484522,0.0361785152328292,-0.021353233187004,-0.0101115658507019,0.00835646730803948,-0.0527497889166931,0.930096594849677,-0.0525963942534776,-0.00508520349666406
0.00310696419310013,-0.0198446417838848,-0.00641650432183403,0.0364922691665188,-0.0601336971097041,-0.0003802086704441,0.0145152883341368,-0.0525963942534776,0.945388053382103,-0.056160160160509
0.0738405576531561,0.0173495314383636,0.00536611803175652,-0.0025069430007298,0.00395367739836354,0.0128642433305195,-0.0183861778311328,-0.00508520349666406,-0.056160160160509,0.979949939137142
