"V1","V2","V3","V4","V5","V6","V7","V8","V9","V10"
1.0031151348491,0.00995199730354615,-0.00653640840124792,-0.0567619448344406,-0.0115124980415621,0.0311528831637345,-0.00404835159119838,-0.0123211976326535,0.0431390872271355,0.00536353259936741
0.00995199730354615,1.04184098884592,0.0701591308601246,0.0535683241564202,-0.0429322780365151,-0.0148697434868708,-0.00488985351067319,0.00710392578541441,-0.0465656476749128,0.00327994679430399
-0.00653640840124792,0.0701591308601246,1.0184684658723,-0.0278420888719248,-0.0255642001752214,0.00192546559143944,0.0227304628601894,0.0171056094016782,0.00272661166130164,-0.0857927917649327
-0.0567619448344406,0.0535683241564202,-0.0278420888719248,0.988141327508532,-0.0378488334898831,-0.00112294648068952,0.0275508303117092,0.00171670465603486,0.0159216886688235,0.0206008643904627
-0.0115124980415621,-0.0429322780365151,-0.0255642001752214,-0.0378488334898831,1.0151390889825,-0.031065255961102,0.034034829924242,-0.0068503385680757,-0.0190439352228597,-0.0110033682669211
0.0311528831637345,-0.0148697434868708,0.00192546559143944,-0.00112294648068952,-0.031065255961102,1.08595702929619,-0.0476365806466605,0.0617704335043981,-0.0398363728187243,0.00355881876233393
-0.00404835159119838,-0.00488985351067319,0.0227304628601894,0.0275508303117092,0.034034829924242,-0.0476365806466605,0.983074887591954,-0.0372979318821557,0.034749431676587,-0.00938897746220137
-0.0123211976326535,0.00710392578541441,0.0171056094016782,0.00171670465603486,-0.0068503385680757,0.0617704335043981,-0.0372979318821557,1.04809082939607,-0.00302639390480145,0.00472116887995761
0.0431390872271355,-0.0465656476749128,0.00272661166130164,0.0159216886688235,-0.0190439352228597,-0.0398363728187243,0.034749431676587,-0.00302639390480145,0.966099220843557,-0.0490895665818174
0.00536353259936741,0.00327994679430399,-0.0857927917649327,0.0206008643904627,-0.0110033682669211,0.00355881876233393,-0.00938897746220137,0.00472116887995761,-0.0490895665818174,1.03203462491733
