"V1","V2","V3","V4","V5","V6","V7","V8","V9","V10"
0.918572844502596,0.0169353965218048,0.0663680030098253,-0.0523731242241991,0.0136571434173627,-0.0481904273387478,-0.0363310132546279,0.00416238352073747,0.0120333571825623,0.0174280155756156
0.0169353965218048,0.982292031122104,0.0150453953034304,-0.0438950120798649,0.026956060309978,-0.0110041284929962,-0.0801645076843002,-0.0604626983477381,0.0230982001704662,-0.049290525821156
0.0663680030098253,0.0150453953034304,1.07348171570591,-0.0085562630292192,-0.0436026565020611,-0.00722912944640498,-0.0221144078160387,-0.0103117158524266,0.0141132712024629,-0.00251689793713366
-0.0523731242241991,-0.0438950120798649,-0.0085562630292192,0.963251231471759,-0.0600615349145274,-0.0253179592200067,0.0266185477926251,-0.0214973064228879,0.045397408093442,-0.00214537760920265
0.0136571434173627,0.026956060309978,-0.0436026565020611,-0.0600615349145274,1.07654262060327,-0.0217339186852368,-0.00717371636646946,-0.0396345019828484,-0.0110553436775835,0.00814210614409582
-0.0481904273387478,-0.0110041284929962,-0.00722912944640498,-0.0253179592200067,-0.0217339186852368,1.02898601684546,-0.0505970413091547,0.0170379025948544,-0.0490644671698337,-0.0770632575622791
-0.0363310132546279,-0.0801645076843002,-0.0221144078160387,0.0266185477926251,-0.00717371636646946,-0.0505970413091547,0.958039979442605,-0.0493265889535812,-0.0113659975854255,0.0300498003654947
0.00416238352073747,-0.0604626983477381,-0.0103117158524266,-0.0214973064228879,-0.0396345019828484,0.0170379025948544,-0.0493265889535812,0.972717855132219,0.0284405257006722,0.0199004982272627
0.0120333571825623,0.0230982001704662,0.0141132712024629,0.045397408093442,-0.0110553436775835,-0.0490644671698337,-0.0113659975854255,0.0284405257006722,1.00130809030872,0.0799556992216685
0.0174280155756156,-0.049290525821156,-0.00251689793713366,-0.00214537760920265,0.00814210614409582,-0.0770632575622791,0.0300498003654947,0.0199004982272627,0.0799556992216685,1.00701483738335
