"V1","V2","V3","V4","V5","V6","V7","V8","V9","V10"
1.0257801065829,-0.0315299514498563,0.0283366276180175,0.00447524743324232,0.00323148157254617,-0.0387341318430831,-0.0133326407720529,0.00449032121199524,0.0731163572130906,0.0016994813803064
-0.0315299514498563,1.04350625746624,0.0359170872987791,-0.0122452183672901,-0.00798767740851837,0.036335237230834,0.0257497810488561,0.0104066704259238,-0.0294676140406996,-0.0130342866995324
0.0283366276180175,0.0359170872987791,0.982707025313352,0.0681782278352298,-0.0130199470168089,0.00893459884677043,0.0250166649715386,0.020946935658721,-0.0179542641859512,0.0160777674976718
0.00447524743324232,-0.0122452183672901,0.0681782278352298,0.920490346002938,0.0170000586629045,0.0564142366416946,-0.00754736906518553,0.0318500388867046,-0.0481294105671273,0.0246580851331653
0.00323148157254617,-0.00798767740851837,-0.0130199470168089,0.0170000586629045,1.03958367237631,0.0310856521266375,-0.0139073856473461,-0.0237415521433467,0.065674177484987,0.0224329872408453
-0.0387341318430831,0.036335237230834,0.00893459884677043,0.0564142366416946,0.0310856521266375,0.959501995877509,0.00984164865561206,0.038845807610708,-0.0569361656674628,0.0227710367648103
-0.0133326407720529,0.0257497810488561,0.0250166649715386,-0.00754736906518553,-0.0139073856473461,0.00984164865561206,1.0440357306094,0.0155530570054673,0.0134570132291877,-0.0753065647477247
0.00449032121199524,0.0104066704259238,0.020946935658721,0.0318500388867046,-0.0237415521433467,0.038845807610708,0.0155530570054673,0.995626673860483,0.00455280020124894,0.013937834070184
0.0731163572130906,-0.0294676140406996,-0.0179542641859512,-0.0481294105671273,0.065674177484987,-0.0569361656674628,0.0134570132291877,0.00455280020124894,1.02827678797941,0.0117180693101832
0.0016994813803064,-0.0130342866995324,0.0160777674976718,0.0246580851331653,0.0224329872408453,0.0227710367648103,-0.0753065647477247,0.013937834070184,0.0117180693101832,1.05629363045524
