"V1","V2","V3","V4","V5","V6","V7","V8","V9","V10"
1.05612538518296,-0.0660610107520263,-0.0286363327776266,0.00470751455780644,0.0441937909360474,-0.0267767694306961,0.00815276384881807,-0.0218033703771686,0.0209403985968196,-0.00307010284133196
-0.0660610107520263,0.955359006146346,-0.0208968766000988,0.0403210238050635,0.00500480288523699,-0.0110920074089063,0.000874797626026453,-0.0261722093974819,-0.0346346440878866,-0.020858633776681
-0.0286363327776266,-0.0208968766000988,1.00424353665168,-0.0391513105035928,-0.0255335428398791,-0.0559280106403892,-0.00181301798795948,0.00581667883800418,-0.016777035973437,0.0521738029637363
0.00470751455780644,0.0403210238050635,-0.0391513105035928,1.00489082097052,-0.0470972202361497,0.0268899061586119,0.0417040282060932,0.0108167749636028,-0.0518208646786205,0.0157118984971868
0.0441937909360474,0.00500480288523699,-0.0255335428398791,-0.0470972202361497,0.999082285920588,0.0385949448436212,0.0222330411516256,-0.0166583189800319,-0.0213054921485016,0.0321632983223312
-0.0267767694306961,-0.0110920074089063,-0.0559280106403892,0.0268899061586119,0.0385949448436212,1.04320341520702,0.000769556109412353,0.0246649004791948,0.0764069688004824,0.00377853116709483
0.00815276384881807,0.000874797626026453,-0.00181301798795948,0.0417040282060932,0.0222330411516256,0.000769556109412353,0.973994655025262,0.0276727219810375,-0.0408839261960849,-0.0197528545114145
-0.0218033703771686,-0.0261722093974819,0.00581667883800418,0.0108167749636028,-0.0166583189800319,0.0246649004791948,0.0276727219810375,0.96046798287648,0.043667862871022,0.0277967338358847
0.0209403985968196,-0.0346346440878866,-0.016777035973437,-0.0518208646786205,-0.0213054921485016,0.0764069688004824,-0.0408839261960849,0.043667862871022,1.03634302232144,0.0230002065354928
-0.00307010284133196,-0.020858633776681,0.0521738029637363,0.0157118984971868,0.0321632983223312,0.00377853116709483,-0.0197528545114145,0.0277967338358847,0.0230002065354928,1.00471165140525
