"V1","V2","V3","V4","V5","V6","V7","V8","V9","V10"
0.926628490656233,0.0542699951561607,0.032660701799663,-0.00175574479013276,0.0294510077076736,0.0259102275058539,0.0700531005144112,0.030268508173582,0.0123259425566104,-0.0671875515412404
0.0542699951561607,1.03039603017279,-0.0356043326282196,0.0501447826250231,-0.0114081125566121,0.00330743962335005,0.0371831646468949,-0.00467003758218063,-0.0192771761731283,0.0320999478055407
0.032660701799663,-0.0356043326282196,1.00017233419541,0.0301657539624046,0.0404011189479848,-0.0284607290696446,0.0113016233820172,0.0157990903420958,0.00872747832824866,0.0404972634904172
-0.00175574479013276,0.0501447826250231,0.0301657539624046,1.04296542763753,-0.0844201252930102,0.0213194244666389,-0.00821278990045092,0.00521858114373959,-0.0275568186023652,0.0200081015588445
0.0294510077076736,-0.0114081125566121,0.0404011189479848,-0.0844201252930102,1.01432727889256,-0.00467041903649853,0.0314326790745991,0.0592137627809397,0.00493244403993197,-0.0194164289153959
0.0259102275058539,0.00330743962335005,-0.0284607290696446,0.0213194244666389,-0.00467041903649853,1.0074152347753,0.00681260559739757,-0.00283893792601368,0.016630183942891,-0.043273999931189
0.0700531005144112,0.0371831646468949,0.0113016233820172,-0.00821278990045092,0.0314326790745991,0.00681260559739757,1.06787836423089,0.026141118748179,-0.0749124736964811,0.045240427098198
0.030268508173582,-0.00467003758218063,0.0157990903420958,0.00521858114373959,0.0592137627809397,-0.00283893792601368,0.026141118748179,1.04340703372778,0.0104984647447541,0.0426252934646268
0.0123259425566104,-0.0192771761731283,0.00872747832824866,-0.0275568186023652,0.00493244403993197,0.016630183942891,-0.0749124736964811,0.0104984647447541,1.01689463382854,-0.0583856582293284
-0.0671875515412404,0.0320999478055407,0.0404972634904172,0.0200081015588445,-0.0194164289153959,-0.043273999931189,0.045240427098198,0.0426252934646268,-0.0583856582293284,1.00970144583035
