"V1","V2","V3","V4","V5","V6","V7","V8","V9","V10"
0.952263531671276,0.000918523731332139,0.0499643955330145,0.00728649372386751,-0.00427218538590729,0.0179855041066284,0.0336077111582586,-0.0340173051781944,0.0847438812468891,-0.0641971108571172
0.000918523731332139,0.982237162046579,-0.0638523712953159,0.0593724038562584,-0.0458480035795486,-0.0485661234528699,-0.0376230238814271,-0.0339494978645009,0.0290842413317696,0.0451749236041291
0.0499643955330145,-0.0638523712953159,1.01646065109459,0.00804425313801354,-0.0256918294699582,-0.00124531912993757,-0.0258162670753654,0.0172132912179459,0.0364477598733586,0.021744434048423
0.00728649372386751,0.0593724038562584,0.00804425313801354,0.920802541388321,0.0229676848101861,0.0260083216196262,0.0188219090818951,-0.0528469881244766,-0.0177076984028918,0.0370685411686161
-0.00427218538590729,-0.0458480035795486,-0.0256918294699582,0.0229676848101861,1.02884613236606,-0.0150448596402145,-0.0459822200821418,-0.00825010728241497,-0.00858068211306676,-0.0274164915996648
0.0179855041066284,-0.0485661234528699,-0.00124531912993757,0.0260083216196262,-0.0150448596402145,1.04886014649478,-0.00828845863484377,0.0235063210707007,-0.0212175904891112,-0.00477928293680798
0.0336077111582586,-0.0376230238814271,-0.0258162670753654,0.0188219090818951,-0.0459822200821418,-0.00828845863484377,1.0065932505992,-0.00402869971760564,0.0435691819769792,-0.00793272925231853
-0.0340173051781944,-0.0339494978645009,0.0172132912179459,-0.0528469881244766,-0.00825010728241497,0.0235063210707007,-0.00402869971760564,1.00639334992088,-0.00201156661575942,-0.00439594083402494
0.0847438812468891,0.0290842413317696,0.0364477598733586,-0.0177076984028918,-0.00858068211306676,-0.0212175904891112,0.0435691819769792,-0.00201156661575942,0.927233101816457,-0.0389992980329869
-0.0641971108571172,0.0451749236041291,0.021744434048423,0.0370685411686161,-0.0274164915996648,-0.00477928293680798,-0.00793272925231853,-0.00439594083402494,-0.0389992980329869,1.02105068960855
