"V1","V2","V3","V4","V5","V6","V7","V8","V9","V10"
1.06112019233291,0.00560495795247442,-0.0267909592344903,-0.0794402521473266,0.00288414392781156,0.00120857286342492,0.00685679607407608,-0.0115856502317168,-0.000213203259303029,0.0326510622322052
0.00560495795247442,0.927550879642504,0.0190428754058699,-0.0109103362858582,-0.039242754403589,-0.00175573273696071,-0.00839930395246205,-0.00765447682964924,-0.0392304942018914,0.000106469282511057
-0.0267909592344903,0.0190428754058699,0.993168677386595,-0.00469975230260495,0.0178406555377854,0.000656105692763015,-0.0397496240106897,-0.0499364971120577,0.0467760899214409,0.0207549713196413
-0.0794402521473266,-0.0109103362858582,-0.00469975230260495,1.03213959724005,0.0568365613514666,-0.0387265203699037,-0.0301106009754151,0.00481780034358265,-0.033366529428461,-0.016402621863342
0.00288414392781156,-0.039242754403589,0.0178406555377854,0.0568365613514666,1.01625255028779,0.00615490734088071,0.0667714894012959,0.00960289187009462,0.00646418680429604,0.0599052492597806
0.00120857286342492,-0.00175573273696071,0.000656105692763015,-0.0387265203699037,0.00615490734088071,1.08902883074421,-0.0459338841385764,0.0546289735334088,-0.0472716348825665,0.0144563226480136
0.00685679607407608,-0.00839930395246205,-0.0397496240106897,-0.0301106009754151,0.0667714894012959,-0.0459338841385764,1.00756519897008,0.00252609266389134,-0.0593769508093751,0.00956963115433837
-0.0115856502317168,-0.00765447682964924,-0.0499364971120577,0.00481780034358265,0.00960289187009462,0.0546289735334088,0.00252609266389134,0.954066327548409,-0.000963029565023264,0.00301795670541299
-0.000213203259303029,-0.0392304942018914,0.0467760899214409,-0.033366529428461,0.00646418680429604,-0.0472716348825665,-0.0593769508093751,-0.000963029565023264,1.03486518790295,-0.00744669611271586
0.0326510622322052,0.000106469282511057,0.0207549713196413,-0.016402621863342,0.0599052492597806,0.0144563226480136,0.00956963115433837,0.00301795670541299,-0.00744669611271586,1.01972994401897
