"V1","V2","V3","V4","V5","V6","V7","V8","V9","V10"
1.07353477470157,0.0652906290107588,0.0134924656240557,-0.0645461407459985,0.0371256859993241,-0.00684761689358647,0.0727886552207639,0.00517132142515221,0.00585382933112078,-0.0433606138693528
0.0652906290107588,0.991533492162012,-0.0102495427699868,0.0287696634360929,-0.0152921835629861,-0.0107855133440089,-0.0169534811832143,0.052783838779017,0.0170752814773013,0.0309356023552887
0.0134924656240557,-0.0102495427699868,0.928729469547767,-0.0107584612533539,0.00346078811425589,0.0571598134362354,0.0584599277673886,-0.0308328627759796,0.083691638109376,0.0240010321161523
-0.0645461407459985,0.0287696634360929,-0.0107584612533539,0.992782591247521,-0.0112878213686155,-0.0313498033400358,-0.0697846742222701,0.00962470610899045,-0.0113651790670605,-0.0124339146444491
0.0371256859993241,-0.0152921835629861,0.00346078811425589,-0.0112878213686155,0.980149613208797,-0.0108148949863202,-0.00417826769474129,0.0181100037664917,0.0529893499161893,0.00614998808613181
-0.00684761689358647,-0.0107855133440089,0.0571598134362354,-0.0313498033400358,-0.0108148949863202,1.06074725157611,0.0139602427549744,-0.0340795481133949,0.0086276434299093,0.0315970186328695
0.0727886552207639,-0.0169534811832143,0.0584599277673886,-0.0697846742222701,-0.00417826769474129,0.0139602427549744,0.981833323968442,0.00931685340190837,-0.0316178111768869,-0.0149491306184801
0.00517132142515221,0.052783838779017,-0.0308328627759796,0.00962470610899045,0.0181100037664917,-0.0340795481133949,0.00931685340190837,0.937812753183488,0.0284712728994922,-0.00703452318976999
0.00585382933112078,0.0170752814773013,0.083691638109376,-0.0113651790670605,0.0529893499161893,0.0086276434299093,-0.0316178111768869,0.0284712728994922,0.985074086898004,-0.0156376486198825
-0.0433606138693528,0.0309356023552887,0.0240010321161523,-0.0124339146444491,0.00614998808613181,0.0315970186328695,-0.0149491306184801,-0.00703452318976999,-0.0156376486198825,0.971268084666248
