"V1","V2","V3","V4","V5","V6","V7","V8","V9","V10"
1.00320956111406,-0.00187594651666409,-0.0100884794909323,0.00498859116658866,-0.0459946979012679,-0.0229612905165429,-0.0301504641714687,0.0544605552642915,0.0561660934892045,-0.0452146601106468
-0.00187594651666409,1.11311191010294,0.0093714399085101,-0.0230312067816689,0.0278134857547868,0.029723087534255,-0.00723894861710666,-0.0498551463725607,0.0227547164428922,0.0140087710608006
-0.0100884794909323,0.0093714399085101,1.00935130518806,-0.0114009919660704,0.0147828493456416,-0.00876085507302657,-0.0613284993523098,-0.0222089741246504,-0.00441083080385887,0.0674276377356985
0.00498859116658866,-0.0230312067816689,-0.0114009919660704,0.967237996411299,-0.0463735471038382,-0.0481363734127786,0.0165554056246407,0.0227142067753818,0.00580749925369227,0.02356268004509
-0.0459946979012679,0.0278134857547868,0.0147828493456416,-0.0463735471038382,1.0114301662604,-0.0260384429618246,-0.0438774360170316,-0.0604082669585937,-0.0439982892709862,0.0111442629383792
-0.0229612905165429,0.029723087534255,-0.00876085507302657,-0.0481363734127786,-0.0260384429618246,0.94664945313825,0.0135313303129799,0.0745625885409437,-0.0173839199421362,-0.0158171004298328
-0.0301504641714687,-0.00723894861710666,-0.0613284993523098,0.0165554056246407,-0.0438774360170316,0.0135313303129799,1.02708877200127,0.0053945963240899,0.0273210640037996,0.000687897547990756
0.0544605552642915,-0.0498551463725607,-0.0222089741246504,0.0227142067753818,-0.0604082669585937,0.0745625885409437,0.0053945963240899,1.00255751157504,0.0639756261908237,-0.0423308264931955
0.0561660934892045,0.0227547164428922,-0.00441083080385887,0.00580749925369227,-0.0439982892709862,-0.0173839199421362,0.0273210640037996,0.0639756261908237,0.93932592856714,0.00690464277414649
-0.0452146601106468,0.0140087710608006,0.0674276377356985,0.02356268004509,0.0111442629383792,-0.0158171004298328,0.000687897547990756,-0.0423308264931955,0.00690464277414649,1.02566406868502
