"V1","V2","V3","V4","V5","V6","V7","V8","V9","V10"
0.929351403945898,0.0125292803256099,0.0010463963657339,0.0207407425256578,0.0377541914780959,0.0848161210354665,-0.05555178319275,0.0323859557969942,-0.00234215615179916,0.0144476138549572
0.0125292803256099,0.987875298690484,-0.00149860377020458,0.00756510368274312,0.0054238998277081,0.0333270493813739,-0.0403763756789932,-0.0236872605133137,-0.085763020547833,0.0236818948460636
0.0010463963657339,-0.00149860377020458,1.0217234692137,-0.0703850982059902,-0.0260218138488319,-0.0470703257110873,0.00101095965025865,-0.000319847270012733,-0.00247363274511358,-0.0368146021852548
0.0207407425256578,0.00756510368274312,-0.0703850982059902,0.98379982069506,-0.0347396863913231,0.00669793132533625,0.0196662080177856,0.00523351919029007,0.0456156605341598,0.0107660852111589
0.0377541914780959,0.0054238998277081,-0.0260218138488319,-0.0347396863913231,0.995099307595961,-0.0357982182926136,0.0153366580425596,0.0619778610888425,-0.0370596109839434,-0.00456547923521991
0.0848161210354665,0.0333270493813739,-0.0470703257110873,0.00669793132533625,-0.0357982182926136,0.968031578452379,0.0059339009251807,-0.0327103204848505,-2.51444072252027e-05,0.00351172292114098
-0.05555178319275,-0.0403763756789932,0.00101095965025865,0.0196662080177856,0.0153366580425596,0.0059339009251807,0.998712866973528,-0.0251432026295631,-0.000937232347283101,0.0567703580465742
0.0323859557969942,-0.0236872605133137,-0.000319847270012733,0.00523351919029007,0.0619778610888425,-0.0327103204848505,-0.0251432026295631,1.00039692127221,0.00997901183760546,-0.0422268530481755
-0.00234215615179916,-0.085763020547833,-0.00247363274511358,0.0456156605341598,-0.0370596109839434,-2.51444072252027e-05,-0.000937232347283101,0.00997901183760546,1.07512885001597,-0.0473419790685047
0.0144476138549572,0.0236818948460636,-0.0368146021852548,0.0107660852111589,-0.00456547923521991,0.00351172292114098,0.0567703580465742,-0.0422268530481755,-0.0473419790685047,0.919887989917071
