"V1","V2","V3","V4","V5","V6","V7","V8","V9","V10"
0.998066862396285,-0.0619350341794273,0.0443245392116646,-0.0208240151459495,-0.0341739593581585,-0.0365588185614092,-0.00529339149151862,-0.0130019548970354,0.0263868422679017,0.0229221373058013
-0.0619350341794273,0.948236052464178,0.016181591953455,-0.00192585439100201,-0.0516784505218041,-0.0117738301801596,0.0149029041267837,-0.0219764525962407,0.0159314641341831,-0.00693559111306781
0.0443245392116646,0.016181591953455,1.05219945844169,0.00997551460293547,0.0171172038799988,0.0370753996411223,-0.00900187191791781,0.0278734504977115,0.00597653941461184,0.0262058886011086
-0.0208240151459495,-0.00192585439100201,0.00997551460293547,1.0312359190214,-0.0179773514348094,-0.0202220272354164,-0.00847674234409967,-0.0389149311762744,-0.0477301295573328,-0.00218352285939439
-0.0341739593581585,-0.0516784505218041,0.0171172038799988,-0.0179773514348094,1.06374457893119,-0.01409652583669,0.0198614887887041,0.0126038672129306,0.00142088922975387,-0.0259818199870318
-0.0365588185614092,-0.0117738301801596,0.0370753996411223,-0.0202220272354164,-0.01409652583669,1.02504766633998,-0.0620290898929507,0.0230178161377568,0.0330811623562376,-0.0332352777517246
-0.00529339149151862,0.0149029041267837,-0.00900187191791781,-0.00847674234409967,0.0198614887887041,-0.0620290898929507,1.03007996233235,0.0147901243634836,-0.0409993730562505,0.00279411720998638
-0.0130019548970354,-0.0219764525962407,0.0278734504977115,-0.0389149311762744,0.0126038672129306,0.0230178161377568,0.0147901243634836,1.04125313502426,0.007417955504096,-0.021550931448271
0.0263868422679017,0.0159314641341831,0.00597653941461184,-0.0477301295573328,0.00142088922975387,0.0330811623562376,-0.0409993730562505,0.007417955504096,1.01869998661899,-0.0261924786435021
0.0229221373058013,-0.00693559111306781,0.0262058886011086,-0.00218352285939439,-0.0259818199870318,-0.0332352777517246,0.00279411720998638,-0.021550931448271,-0.0261924786435021,0.930743200343112
