"V1","V2","V3","V4","V5","V6","V7","V8","V9","V10"
1.09269259760255,0.0180150833750112,0.00231503546873795,-0.031021200697741,0.05577474211159,0.0328420021755367,0.00065740580181478,0.0472023435613454,0.028775140070887,-0.0497813072635884
0.0180150833750112,0.939730480347131,-0.0341968187961823,0.0435134074938113,-0.0225249676279309,0.0213108664839617,0.0695453625405617,-0.0131840761155573,0.0167666127982749,-0.0263171017857324
0.00231503546873795,-0.0341968187961823,1.08685138285187,0.0324330368818913,-0.0379791964874009,-0.0430778772520021,-0.0166856933818933,0.00291418702032763,-0.0278897126703914,0.0217660025984754
-0.031021200697741,0.0435134074938113,0.0324330368818913,0.994163472193547,-0.00895429416740379,-0.0159954582940868,0.0523057124049764,-0.0333789641095167,0.0122628869289037,-0.0170822880433873
0.05577474211159,-0.0225249676279309,-0.0379791964874009,-0.00895429416740379,1.00835564173636,0.0612998970896391,0.0130757584353607,-0.0190705657171796,0.0349393194122453,-0.0262218315362112
0.0328420021755367,0.0213108664839617,-0.0430778772520021,-0.0159954582940868,0.0612998970896391,0.963840303432333,0.00341242971979717,-0.065665275880799,0.0104676441714351,0.00577894413849032
0.00065740580181478,0.0695453625405617,-0.0166856933818933,0.0523057124049764,0.0130757584353607,0.00341242971979717,0.940113257638752,-0.01684168225677,0.00148387394813938,-0.0478655883157111
0.0472023435613454,-0.0131840761155573,0.00291418702032763,-0.0333789641095167,-0.0190705657171796,-0.065665275880799,-0.01684168225677,1.05224535670313,0.0528665904007022,-0.0533501140107359
0.028775140070887,0.0167666127982749,-0.0278897126703914,0.0122628869289037,0.0349393194122453,0.0104676441714351,0.00148387394813938,0.0528665904007022,0.993295487736463,0.012685265997079
-0.0497813072635884,-0.0263171017857324,0.0217660025984754,-0.0170822880433873,-0.0262218315362112,0.00577894413849032,-0.0478655883157111,-0.0533501140107359,0.012685265997079,1.04047470070592
