"V1","V2","V3","V4","V5","V6","V7","V8","V9","V10"
0.94721405125598,-0.00991189637245485,-0.00442923580012122,-0.00420683426786322,-0.00824005841075907,0.00119474743035973,-0.0155242133870731,-0.0136797544975536,0.0156415205014705,-0.000154630753498143
-0.00991189637245485,0.962958767425467,-0.0314562668599748,-0.0249685574337663,0.00392505079021984,-0.00888378895513339,0.0277888552383889,-0.014834528172456,0.00549988999422813,0.0135330229925647
-0.00442923580012122,-0.0314562668599748,1.01360811666252,0.0261203402107291,-0.0371925465642139,-0.105274110570616,0.0179034945799669,0.0343000461246018,-0.0356110644965102,-0.0441393156072774
-0.00420683426786322,-0.0249685574337663,0.0261203402107291,1.02017265879509,0.00719844877310028,0.011990753528116,-0.0278802514213709,-0.0202888809164561,0.00244443515225356,0.0121764983573424
-0.00824005841075907,0.00392505079021984,-0.0371925465642139,0.00719844877310028,1.09036278773691,0.00857156262905796,-0.0151488291807009,-0.0233343542579248,-0.0333354312248134,-0.0238865805720532
0.00119474743035973,-0.00888378895513339,-0.105274110570616,0.011990753528116,0.00857156262905796,0.960058668123851,0.00221728255898071,-0.00980072307609265,0.0665259590864219,0.0533769565858595
-0.0155242133870731,0.0277888552383889,0.0179034945799669,-0.0278802514213709,-0.0151488291807009,0.00221728255898071,0.993695500567056,-0.0468353985189004,0.0498175751010807,-0.013205811028928
-0.0136797544975536,-0.014834528172456,0.0343000461246018,-0.0202888809164561,-0.0233343542579248,-0.00980072307609265,-0.0468353985189004,0.982161333743669,-0.00246234323428938,0.00222632784727506
0.0156415205014705,0.00549988999422813,-0.0356110644965102,0.00244443515225356,-0.0333354312248134,0.0665259590864219,0.0498175751010807,-0.00246234323428938,0.997386193193217,-0.0497929608911626
-0.000154630753498143,0.0135330229925647,-0.0441393156072774,0.0121764983573424,-0.0238865805720532,0.0533769565858595,-0.013205811028928,0.00222632784727506,-0.0497929608911626,1.08132549236405
