"V1","V2","V3","V4","V5","V6","V7","V8","V9","V10"
1.03820454944604,0.00944718446523059,0.0204626837992264,-0.0116028317237303,0.0488703048310601,-0.0305681667492557,-0.0533116473550288,0.0267898048478572,0.00595113391791385,0.0202522416896648
0.00944718446523059,0.930438914818001,-0.00921108407659981,-0.0159603101170478,0.0646765825636252,0.00654114319396313,0.0150922769745109,0.0231253532115347,-0.0169611897381522,-0.0144036175457779
0.0204626837992264,-0.00921108407659981,0.987016971512543,0.00119930466165066,-0.0488617600795394,0.0158571095221935,0.00988179282291206,0.0118248390315237,-0.0563114271998929,-0.0147174491367622
-0.0116028317237303,-0.0159603101170478,0.00119930466165066,0.996391982263119,-0.0215201255871446,0.0257157218135662,-0.0245801769219395,-0.0444698814236703,-0.000841558863943968,-0.0334683773545739
0.0488703048310601,0.0646765825636252,-0.0488617600795394,-0.0215201255871446,1.06183675635204,0.0232446098852558,0.0293926617260938,0.036395893595342,-0.00732092637855387,0.00646054375013134
-0.0305681667492557,0.00654114319396313,0.0158571095221935,0.0257157218135662,0.0232446098852558,1.02097471853385,0.00382926794715298,-0.0525177083953271,0.0377723140778225,0.0178289265587913
-0.0533116473550288,0.0150922769745109,0.00988179282291206,-0.0245801769219395,0.0293926617260938,0.00382926794715298,1.12881558804829,0.0057242396635836,-0.0215130004503747,0.00488406734891515
0.0267898048478572,0.0231253532115347,0.0118248390315237,-0.0444698814236703,0.036395893595342,-0.0525177083953271,0.0057242396635836,0.908517204386869,-0.0114840705475489,0.00547301053954626
0.00595113391791385,-0.0169611897381522,-0.0563114271998929,-0.000841558863943968,-0.00732092637855387,0.0377723140778225,-0.0215130004503747,-0.0114840705475489,1.03339537056987,0.0174745537773823
0.0202522416896648,-0.0144036175457779,-0.0147174491367622,-0.0334683773545739,0.00646054375013134,0.0178289265587913,0.00488406734891515,0.00547301053954626,0.0174745537773823,1.0006900615769
