"V1","V2","V3","V4","V5","V6","V7","V8","V9","V10"
0.997779831631864,0.0189209489700189,-0.0845104257937566,-0.00075691558154314,-0.00926381640995388,0.0300365767829484,0.0555363180719972,0.0103013674656441,-0.0403376933323877,0.0148182360861934
0.0189209489700189,1.02982051047352,-0.075285655665064,-0.00641856517509727,0.00660093482158108,-0.0327309880848255,-0.0255751134061174,0.0192865134645117,-0.0535947731352529,-0.0588168271332004
-0.0845104257937566,-0.075285655665064,1.14910143831254,-0.0670042499374557,-0.031047968602178,-0.0417495247991031,-0.0223163206918798,0.0350815520773697,0.00892646245991627,-0.0647852309627832
-0.00075691558154314,-0.00641856517509727,-0.0670042499374557,0.96035754926538,0.000186296641075556,0.0420786693416705,-0.0128261682960039,0.0109693135762558,-0.0233358467020776,-0.0124124316082454
-0.00926381640995388,0.00660093482158108,-0.031047968602178,0.000186296641075556,1.05855518352727,0.00815721743479675,-0.0301900981223504,-0.00819837457785719,0.0386371433329571,0.0161918943940191
0.0300365767829484,-0.0327309880848255,-0.0417495247991031,0.0420786693416705,0.00815721743479675,1.02021546007088,-0.0263344559647895,-0.0247803260236646,0.0294734056622471,0.0392097420512128
0.0555363180719972,-0.0255751134061174,-0.0223163206918798,-0.0128261682960039,-0.0301900981223504,-0.0263344559647895,0.983731652676259,0.0171762145617305,0.0176241243968489,0.0374544071188614
0.0103013674656441,0.0192865134645117,0.0350815520773697,0.0109693135762558,-0.00819837457785719,-0.0247803260236646,0.0171762145617305,1.09346562628922,0.0781299168917303,-0.0241784962319712
-0.0403376933323877,-0.0535947731352529,0.00892646245991627,-0.0233358467020776,0.0386371433329571,0.0294734056622471,0.0176241243968489,0.0781299168917303,0.967226950642043,0.0225236671356599
0.0148182360861934,-0.0588168271332004,-0.0647852309627832,-0.0124124316082454,0.0161918943940191,0.0392097420512128,0.0374544071188614,-0.0241784962319712,0.0225236671356599,1.02896492167146
