"V1","V2","V3","V4","V5","V6","V7","V8","V9","V10"
0.984425623358993,0.0614606070204901,0.0514766021366461,0.0361938320126866,0.0286387316045583,-0.000363065836658685,0.0144823045715701,-0.0139416855130456,0.0158335869786171,-0.0061522368128181
0.0614606070204901,0.948212082160795,0.0233550642680869,0.00669578172024596,-0.022438764101922,-0.0635510326581941,0.0745131695251176,-0.00967057586835971,-0.00586342635619032,0.00435026805569178
0.0514766021366461,0.0233550642680869,0.950778593237041,-0.0544419398480315,0.0168473592048444,-0.0791480483929538,-0.00140338961500496,0.0105388881283583,-0.0140093442841455,0.029248066760508
0.0361938320126866,0.00669578172024596,-0.0544419398480315,1.1036680312323,0.0139770744208132,0.0281680441022118,-0.0317730536228215,0.00293588777436003,0.033423674543583,-0.00658587281951615
0.0286387316045583,-0.022438764101922,0.0168473592048444,0.0139770744208132,1.07267877294478,-0.0338980837940939,0.0211070720054558,0.00402139503675968,0.0433472152399559,0.00866576254898497
-0.000363065836658685,-0.0635510326581941,-0.0791480483929538,0.0281680441022118,-0.0338980837940939,0.972793902919511,-0.056061957811352,-0.0484087771741816,0.0491306223206374,-0.0495804664121612
0.0144823045715701,0.0745131695251176,-0.00140338961500496,-0.0317730536228215,0.0211070720054558,-0.056061957811352,0.904044161446668,-0.0142111159583143,-0.0231044857664503,-0.00543032571126499
-0.0139416855130456,-0.00967057586835971,0.0105388881283583,0.00293588777436003,0.00402139503675968,-0.0484087771741816,-0.0142111159583143,1.00737766829123,-0.0106326249444423,-0.0571472489293376
0.0158335869786171,-0.00586342635619032,-0.0140093442841455,0.033423674543583,0.0433472152399559,0.0491306223206374,-0.0231044857664503,-0.0106326249444423,1.01029580052917,0.00472854686590184
-0.0061522368128181,0.00435026805569178,0.029248066760508,-0.00658587281951615,0.00866576254898497,-0.0495804664121612,-0.00543032571126499,-0.0571472489293376,0.00472854686590184,0.904209492612278
