"V1","V2","V3","V4","V5","V6","V7","V8","V9","V10"
1.05713456920424,0.0262903891152874,0.0368186532399278,0.00535115085165392,0.00511139077444698,0.118340659773039,0.0250929594583298,0.00385784630494408,-0.00091647645685017,0.0236344409633983
0.0262903891152874,0.95888718134991,-0.0463807768064047,-0.0467884871234434,0.0330759185397351,-0.0436468808958184,0.0433361116391118,-0.0350181626379409,-0.0277609269362098,0.0353930060219
0.0368186532399278,-0.0463807768064047,0.987126391585174,0.0522714088311274,0.0423732559206593,0.00331559931898883,-0.0267922641498707,-0.0410056093889775,0.0269030035639316,-0.0446436585339693
0.00535115085165392,-0.0467884871234434,0.0522714088311274,1.03982795029778,0.0575958521077171,-0.0333253472049104,0.039296235440633,0.0528711564190034,0.0268147545003763,0.0100425654146361
0.00511139077444698,0.0330759185397351,0.0423732559206593,0.0575958521077171,0.992599607805357,-0.00740409992160519,0.062898891891852,-0.0235237541460215,0.049610322736429,0.00870788626838056
0.118340659773039,-0.0436468808958184,0.00331559931898883,-0.0333253472049104,-0.00740409992160519,0.951513692400634,0.048531059132848,0.0253201548395972,-0.00115501060533713,0.0169653106808838
0.0250929594583298,0.0433361116391118,-0.0267922641498707,0.039296235440633,0.062898891891852,0.048531059132848,1.00888621668175,-0.0347673920424025,-0.0214757737517108,-0.0131503562559498
0.00385784630494408,-0.0350181626379409,-0.0410056093889775,0.0528711564190034,-0.0235237541460215,0.0253201548395972,-0.0347673920424025,0.986765003013094,0.0200400088487161,0.00728752032069525
-0.00091647645685017,-0.0277609269362098,0.0269030035639316,0.0268147545003763,0.049610322736429,-0.00115501060533713,-0.0214757737517108,0.0200400088487161,1.06927589613578,-0.0493532472679518
0.0236344409633983,0.0353930060219,-0.0446436585339693,0.0100425654146361,0.00870788626838056,0.0169653106808838,-0.0131503562559498,0.00728752032069525,-0.0493532472679518,0.937388429626929
