"V1","V2","V3","V4","V5","V6","V7","V8","V9","V10"
0.963831868538909,-0.0593634476455777,-0.0164831358590001,-0.0165953471804632,-0.0127000653213673,0.0424392667320709,-0.0831582612330333,-0.0538668068099643,-0.0543331284207138,-0.00715935188630702
-0.0593634476455777,1.00810844574182,0.012076454480002,-0.0216841036107408,-0.0124745630053343,-0.0116993466446259,0.0550217136600417,0.0459833998578951,-0.018986321956095,0.0415999121383265
-0.0164831358590001,0.012076454480002,0.966287810187343,0.0118599655064122,0.0282816356583516,0.0603077286074254,0.0100131092862858,-0.00349062036174014,0.002155363330077,-0.00447009916641046
-0.0165953471804632,-0.0216841036107408,0.0118599655064122,0.877806413115671,-0.0115755750951711,0.0124286050469142,-0.0250704565993956,-0.00132305309237215,-0.046858877310146,0.0208448802128979
-0.0127000653213673,-0.0124745630053343,0.0282816356583516,-0.0115755750951711,0.998037831215098,0.0127235039213947,-0.0687918773648735,-0.0123440220515055,-0.0110558601610328,0.0144768594681425
0.0424392667320709,-0.0116993466446259,0.0603077286074254,0.0124286050469142,0.0127235039213947,0.976232844661482,0.0503756045450393,0.0400402346975288,-0.0191545494563142,-0.0341668919367881
-0.0831582612330333,0.0550217136600417,0.0100131092862858,-0.0250704565993956,-0.0687918773648735,0.0503756045450393,0.984455377934806,-0.114152513550995,0.0175276403016852,0.0287867962934623
-0.0538668068099643,0.0459833998578951,-0.00349062036174014,-0.00132305309237215,-0.0123440220515055,0.0400402346975288,-0.114152513550995,0.997227834649147,0.00258748951382217,-0.0326883835473059
-0.0543331284207138,-0.018986321956095,0.002155363330077,-0.046858877310146,-0.0110558601610328,-0.0191545494563142,0.0175276403016852,0.00258748951382217,0.988528012353841,0.0101483535142624
-0.00715935188630702,0.0415999121383265,-0.00447009916641046,0.0208448802128979,0.0144768594681425,-0.0341668919367881,0.0287867962934623,-0.0326883835473059,0.0101483535142624,1.0028594693227
