"V1","V2","V3","V4","V5","V6","V7","V8","V9","V10"
0.995607929539282,0.0125652173068279,-0.0371751139537607,-0.057239386932598,0.0294303504642202,0.0378103426719835,0.0406694341992357,0.0750146293425633,-0.0213505406327182,-0.0654631923116149
0.0125652173068279,0.992705611807526,-0.0290337351262087,-0.0360897080646904,0.0175285582821047,0.04843255478833,-0.0172033611502617,0.0117922266679983,0.0107219518591125,0.0525599242311555
-0.0371751139537607,-0.0290337351262087,1.03354394501176,0.00667403572500901,-0.0824754815932371,0.0327113923926718,-0.00439271878770164,-0.0554957385081232,0.022435508407125,0.0310591181392631
-0.057239386932598,-0.0360897080646904,0.00667403572500901,0.973560681254669,0.0174473782346142,0.0188491293254494,-0.0390137168853789,-0.0146317683926632,0.0118082456264332,-0.0369740651141399
0.0294303504642202,0.0175285582821047,-0.0824754815932371,0.0174473782346142,0.985567736579842,-0.0521042480342324,-0.0451571611952989,0.00758537931142134,-0.00860943538035109,0.0327073197564177
0.0378103426719835,0.04843255478833,0.0327113923926718,0.0188491293254494,-0.0521042480342324,0.975464243385181,0.0453104988147056,-0.00653495704426038,0.0198892117291614,-0.000831953020528531
0.0406694341992357,-0.0172033611502617,-0.00439271878770164,-0.0390137168853789,-0.0451571611952989,0.0453104988147056,0.963285939299187,-0.0178570115958705,-0.0302757282300799,-0.0587611130117927
0.0750146293425633,0.0117922266679983,-0.0554957385081232,-0.0146317683926632,0.00758537931142134,-0.00653495704426038,-0.0178570115958705,0.96178866760554,0.0265068806654128,0.0112365028923686
-0.0213505406327182,0.0107219518591125,0.022435508407125,0.0118082456264332,-0.00860943538035109,0.0198892117291614,-0.0302757282300799,0.0265068806654128,0.961404214314018,-0.0225624244897821
-0.0654631923116149,0.0525599242311555,0.0310591181392631,-0.0369740651141399,0.0327073197564177,-0.000831953020528531,-0.0587611130117927,0.0112365028923686,-0.0225624244897821,0.925492385803174
