"V1","V2","V3","V4","V5","V6","V7","V8","V9","V10"
0.986870812732616,0.0366869074304966,-0.0169561966864068,-0.0446490127320528,0.013847597620147,0.0198674964004965,-0.0163690831756054,0.00372434151788711,0.031899487536541,0.0342606775357599
0.0366869074304966,0.933775099043186,-0.0181364450988364,-0.0227506920157306,-0.0549191981543529,-0.0296966920605495,-0.0128346510840674,0.0281010665593276,0.00891524360825325,0.00554875576318775
-0.0169561966864068,-0.0181364450988364,0.93935999558485,0.0128624334225762,-0.0627304960342609,0.0493986218451686,0.012116335994485,-0.016172183304172,0.0458722877330738,-0.00580522577476302
-0.0446490127320528,-0.0227506920157306,0.0128624334225762,0.956432610886909,-0.0394339405465342,0.051020423612732,-0.0383973859678599,-0.00927306616621588,-0.0326437432334635,0.0352655076886685
0.013847597620147,-0.0549191981543529,-0.0627304960342609,-0.0394339405465342,1.02899010345958,-0.0349368993224664,0.0203206938335442,0.00799683676014056,-0.0420831627681902,-0.0134566613243511
0.0198674964004965,-0.0296966920605495,0.0493986218451686,0.051020423612732,-0.0349368993224664,0.984647704343162,0.0448520133315428,0.00982971556860148,0.00788369857571478,0.0169440083721312
-0.0163690831756054,-0.0128346510840674,0.012116335994485,-0.0383973859678599,0.0203206938335442,0.0448520133315428,0.943818758878547,-0.00420622588712184,0.00600258492694439,-0.0382769273051267
0.00372434151788711,0.0281010665593276,-0.016172183304172,-0.00927306616621588,0.00799683676014056,0.00982971556860148,-0.00420622588712184,1.05991734375596,0.00895797650988846,-0.0134300612857715
0.031899487536541,0.00891524360825325,0.0458722877330738,-0.0326437432334635,-0.0420831627681902,0.00788369857571478,0.00600258492694439,0.00895797650988846,1.07849023191228,-0.0187327145103766
0.0342606775357599,0.00554875576318775,-0.00580522577476302,0.0352655076886685,-0.0134566613243511,0.0169440083721312,-0.0382769273051267,-0.0134300612857715,-0.0187327145103766,1.0202531146011
