"V1","V2","V3","V4","V5","V6","V7","V8","V9","V10"
1.01885683274455,-0.0171482881374043,0.00659771894031007,-0.0227008360191948,0.00621604811291645,-0.0142338939320051,0.0485406091948756,0.0019316656584203,-0.07650110506263,-0.00283288579516713
-0.0171482881374043,0.967633153786844,0.00733915354378958,0.00139312159061023,-0.0547783422096218,-0.0100606451720625,-0.02519097750818,-0.012198768230933,0.0548841269947872,-0.00957812400805229
0.00659771894031007,0.00733915354378958,1.05328461455471,0.0353936349321408,-0.00936724300577755,0.0140377913957992,0.0705996538620787,-0.0205169282757869,0.045268638728631,-0.00474020453465253
-0.0227008360191948,0.00139312159061023,0.0353936349321408,0.916681997411475,0.036676927856832,0.0587094985958643,-0.0646878417072421,0.036208495142685,-0.00870654108406998,-0.0193758044375557
0.00621604811291645,-0.0547783422096218,-0.00936724300577755,0.036676927856832,0.882741820857312,0.0343399007670095,0.00788116796976888,-0.027276842209599,0.0128210838641573,-0.0651902863134663
-0.0142338939320051,-0.0100606451720625,0.0140377913957992,0.0587094985958643,0.0343399007670095,1.04677436649461,-0.0255505784527734,-0.0142356684976373,0.00162446033144416,0.0629908847823482
0.0485406091948756,-0.02519097750818,0.0705996538620787,-0.0646878417072421,0.00788116796976888,-0.0255505784527734,0.877044995619423,0.0399084109065329,-0.0379235074618577,-0.017894435503309
0.0019316656584203,-0.012198768230933,-0.0205169282757869,0.036208495142685,-0.027276842209599,-0.0142356684976373,0.0399084109065329,0.988648390808179,-0.00993355147348569,0.0184419897276689
-0.07650110506263,0.0548841269947872,0.045268638728631,-0.00870654108406998,0.0128210838641573,0.00162446033144416,-0.0379235074618577,-0.00993355147348569,0.925704917003,-0.0246693222731685
-0.00283288579516713,-0.00957812400805229,-0.00474020453465253,-0.0193758044375557,-0.0651902863134663,0.0629908847823482,-0.017894435503309,0.0184419897276689,-0.0246693222731685,0.99457870623836
