"V1","V2","V3","V4","V5","V6","V7","V8","V9","V10"
1.00442378097775,-0.0574769872259118,0.0689167219173406,-0.00770006874753045,0.0130879295772842,0.0395242435665715,0.0260988597646123,-0.00634965768142791,0.0399217295081279,0.0447677151220822
-0.0574769872259118,0.966421355094008,-0.0281158883044125,-0.0203644490834344,0.00108351079649731,-0.0104734925248055,0.00488978053556757,0.058771579666163,0.022774517143493,-0.00910081938033127
0.0689167219173406,-0.0281158883044125,0.988645809911492,-0.00121279088060817,0.00481066577877754,-0.0289614112727388,0.0410882633659207,-0.0330214740997291,0.0371965359849064,0.0132029118569224
-0.00770006874753045,-0.0203644490834344,-0.00121279088060817,1.01462194615683,-0.0193266648336502,0.0682012397702294,-0.0337819442914572,0.0605553833596614,0.00903894615110466,-0.0140717338311677
0.0130879295772842,0.00108351079649731,0.00481066577877754,-0.0193266648336502,1.02572827699724,-0.0199539229174054,0.0498837654275431,0.0119929926696265,0.0256568415091648,-0.00509246122179119
0.0395242435665715,-0.0104734925248055,-0.0289614112727388,0.0682012397702294,-0.0199539229174054,1.02110028509137,0.0168913531228107,0.0602905064854659,0.0173143656667926,-0.012024857043959
0.0260988597646123,0.00488978053556757,0.0410882633659207,-0.0337819442914572,0.0498837654275431,0.0168913531228107,1.04688595632595,-0.0507736638057804,0.051200060082234,-0.0300247032561718
-0.00634965768142791,0.058771579666163,-0.0330214740997291,0.0605553833596614,0.0119929926696265,0.0602905064854659,-0.0507736638057804,1.00406455180246,0.00628828689667092,0.036919332042437
0.0399217295081279,0.022774517143493,0.0371965359849064,0.00903894615110466,0.0256568415091648,0.0173143656667926,0.051200060082234,0.00628828689667092,1.09368544868869,-0.0115161731542354
0.0447677151220822,-0.00910081938033127,0.0132029118569224,-0.0140717338311677,-0.00509246122179119,-0.012024857043959,-0.0300247032561718,0.036919332042437,-0.0115161731542354,0.940409760312741
