"V1","V2","V3","V4","V5","V6","V7","V8","V9","V10"
1.10021848665933,-0.00466903313337207,0.0149317159643087,0.00996134216836835,0.00975165774154414,-0.026311146973125,0.0492034851150439,0.0170131352041632,0.0194345547036941,-0.00122851598011852
-0.00466903313337207,1.05258263901756,0.0238628991848874,0.0300115903337695,-0.0102524223808567,-0.0908870386003601,-0.0152796629001352,0.00628220382939819,-0.0308765785169606,-0.0336049220137822
0.0149317159643087,0.0238628991848874,1.02133573861471,0.000333571024751658,-0.0763734583678657,0.0690698845662749,-0.0228052273412665,-0.0375957007359732,-0.00333028562048124,-0.0438693029423412
0.00996134216836835,0.0300115903337695,0.000333571024751658,1.02919019450356,0.00789507465623755,-0.010322645199487,0.0296035292822781,-0.00275117278967235,-0.0376660109808034,-0.0488610938571201
0.00975165774154414,-0.0102524223808567,-0.0763734583678657,0.00789507465623755,0.977602086852233,-0.0653148719236494,0.0327700640699143,-0.0184698201920346,0.0264545234841209,0.0465235397206377
-0.026311146973125,-0.0908870386003601,0.0690698845662749,-0.010322645199487,-0.0653148719236494,1.00568882029906,-0.066919498918193,0.0170460607135243,-0.0410985477867348,0.052940303910433
0.0492034851150439,-0.0152796629001352,-0.0228052273412665,0.0296035292822781,0.0327700640699143,-0.066919498918193,0.941997622579558,0.0341638224729546,-0.0248158692359138,-0.0052588469777965
0.0170131352041632,0.00628220382939819,-0.0375957007359732,-0.00275117278967235,-0.0184698201920346,0.0170460607135243,0.0341638224729546,0.900451098458962,0.0205546505009205,-0.0207485384641252
0.0194345547036941,-0.0308765785169606,-0.00333028562048124,-0.0376660109808034,0.0264545234841209,-0.0410985477867348,-0.0248158692359138,0.0205546505009205,0.90866997576377,-0.0214755308717528
-0.00122851598011852,-0.0336049220137822,-0.0438693029423412,-0.0488610938571201,0.0465235397206377,0.052940303910433,-0.0052588469777965,-0.0207485384641252,-0.0214755308717528,1.07588332681158
