"V1","V2","V3","V4","V5","V6","V7","V8","V9","V10"
0.953411531150332,-0.0530093762143401,-0.00748342790924203,-0.0532654862385766,-0.0306359493210232,-0.044928940448693,-0.0379530586689073,0.0200559359364995,-0.0518964418622849,0.00224407136744194
-0.0530093762143401,0.987024533834692,0.0269193303047972,0.0283935204309544,-0.0326685250204234,0.0656469230515316,-0.0297876179137233,-0.0742307845085548,-0.0370045569871768,0.0137566587241231
-0.00748342790924203,0.0269193303047972,1.03655100497671,0.020114118302791,0.00294530148184752,0.00382404663005296,-0.0176165212413085,-0.0157930463806898,0.0063729806883621,0.00448754627206068
-0.0532654862385766,0.0283935204309544,0.020114118302791,1.10536026960374,0.00273528315874439,-0.0652473543018177,-0.063893698894675,0.0384599446252411,0.00575145887478786,0.025805943830206
-0.0306359493210232,-0.0326685250204234,0.00294530148184752,0.00273528315874439,1.02584355136214,-0.0260204374748088,0.0458603172551747,-0.046046996716779,-0.016408853221293,0.0312241575553067
-0.044928940448693,0.0656469230515316,0.00382404663005296,-0.0652473543018177,-0.0260204374748088,1.0574496453318,0.0336815472233469,-0.0463976506300286,0.0153241561276134,0.00622944052320163
-0.0379530586689073,-0.0297876179137233,-0.0176165212413085,-0.063893698894675,0.0458603172551747,0.0336815472233469,0.972610980632955,-0.0200778164909264,-0.0355442029838527,0.00580202819817994
0.0200559359364995,-0.0742307845085548,-0.0157930463806898,0.0384599446252411,-0.046046996716779,-0.0463976506300286,-0.0200778164909264,1.03479860180062,0.0266285791017877,-0.033671967058983
-0.0518964418622849,-0.0370045569871768,0.0063729806883621,0.00575145887478786,-0.016408853221293,0.0153241561276134,-0.0355442029838527,0.0266285791017877,0.994605631080686,-0.0393027932033624
0.00224407136744194,0.0137566587241231,0.00448754627206068,0.025805943830206,0.0312241575553067,0.00622944052320163,0.00580202819817994,-0.033671967058983,-0.0393027932033624,1.0103208277281
