"V1","V2","V3","V4","V5","V6","V7","V8","V9","V10"
0.963752749613257,0.0553043051979961,-0.00718614029501118,0.0619631995771684,0.00249964699683382,0.0126296511238335,-0.0296862745983235,-0.0558273114300751,0.0202382436178486,0.0146366901616392
0.0553043051979961,1.01996643165052,0.00292460501333917,0.0118705243080176,0.016505168577049,0.031894519918853,0.0239511771836539,0.0187996773526087,-0.0144249401031492,0.0372192506799329
-0.00718614029501118,0.00292460501333917,1.00613694352427,0.0186197989712129,0.0240009828583104,0.040638955913191,-0.0541462677582359,-0.0155620738311069,0.0462270843019616,0.0171272041310979
0.0619631995771684,0.0118705243080176,0.0186197989712129,0.996390329524591,0.00106148609328815,0.0372234167465923,-0.0032506065576219,-0.095397936272905,0.00334654639012629,0.0268728025072889
0.00249964699683382,0.016505168577049,0.0240009828583104,0.00106148609328815,0.98007777183428,0.00391470497933441,-0.0337252966469534,-0.0380171869700851,-0.09060978087468,-0.0330079822356682
0.0126296511238335,0.031894519918853,0.040638955913191,0.0372234167465923,0.00391470497933441,0.965400634046275,-0.0208274541494302,-0.0286405972322624,0.0759853813614104,0.0646942802584772
-0.0296862745983235,0.0239511771836539,-0.0541462677582359,-0.0032506065576219,-0.0337252966469534,-0.0208274541494302,1.06811194753839,0.0562617723854255,-0.0245197229397947,0.0258357231152605
-0.0558273114300751,0.0187996773526087,-0.0155620738311069,-0.095397936272905,-0.0380171869700851,-0.0286405972322624,0.0562617723854255,0.94151257102365,-0.00162099801473844,-0.0220956912332849
0.0202382436178486,-0.0144249401031492,0.0462270843019616,0.00334654639012629,-0.09060978087468,0.0759853813614104,-0.0245197229397947,-0.00162099801473844,1.01955301998632,0.00768951995371258
0.0146366901616392,0.0372192506799329,0.0171272041310979,0.0268728025072889,-0.0330079822356682,0.0646942802584772,0.0258357231152605,-0.0220956912332849,0.00768951995371258,1.03032489623398
