"V1","V2","V3","V4","V5","V6","V7","V8","V9","V10"
0.959476179849078,0.0230106478331896,-0.0135086810066146,0.0167451493266961,-0.0661510775009576,0.018428214709979,0.0006879896793672,0.0310811368413697,-0.00863289985017212,-0.00651602164758398
0.0230106478331896,1.03690404863291,0.0668113348912568,0.0224577495431765,-0.0763999248084063,0.0165086792245627,0.0444683650708445,-0.0140748077410045,0.0624573989410779,0.0198424073465186
-0.0135086810066146,0.0668113348912568,0.993747590642919,-0.039306153624201,-0.00940807047453412,-0.0330914312604163,-0.0205855131413333,0.027355720570466,-0.0449016301573176,-0.0704131182530074
0.0167451493266961,0.0224577495431765,-0.039306153624201,0.968401770004045,-0.0247526686114468,0.0361778827241252,-0.0231969673161796,-0.0281815448030668,-0.0616767121578177,0.0089466355211924
-0.0661510775009576,-0.0763999248084063,-0.00940807047453412,-0.0247526686114468,0.958371503159747,-0.0406828452753772,-0.0352326869385261,0.0585622235768051,0.00924118608276749,0.0195245814404988
0.018428214709979,0.0165086792245627,-0.0330914312604163,0.0361778827241252,-0.0406828452753772,0.991631683410926,-0.0528436092064387,-0.0531361520307297,0.0577547611048875,-0.00399002260672999
0.0006879896793672,0.0444683650708445,-0.0205855131413333,-0.0231969673161796,-0.0352326869385261,-0.0528436092064387,0.992339200869489,0.00430062723666616,-0.0356724030613881,0.0340625469131991
0.0310811368413697,-0.0140748077410045,0.027355720570466,-0.0281815448030668,0.0585622235768051,-0.0531361520307297,0.00430062723666616,1.02144070692526,-0.0175590643770696,-0.0288814040819092
-0.00863289985017212,0.0624573989410779,-0.0449016301573176,-0.0616767121578177,0.00924118608276749,0.0577547611048875,-0.0356724030613881,-0.0175590643770696,1.02633569438044,0.0650306849329679
-0.00651602164758398,0.0198424073465186,-0.0704131182530074,0.0089466355211924,0.0195245814404988,-0.00399002260672999,0.0340625469131991,-0.0288814040819092,0.0650306849329679,0.976975719781862
