"V1","V2","V3","V4","V5","V6","V7","V8","V9","V10"
0.982973808839438,-0.0414789646000732,0.0461481555436492,0.0252830163202189,0.0216721831935402,0.0263588874597077,-0.0265806069726174,-0.0404285056479606,-0.0802108109466629,-0.0146402347115854
-0.0414789646000732,1.04477294967136,0.0613812452463202,-0.00336706482460684,-0.0102732596642704,-0.0156571632762731,-0.0236172889376128,-0.0166647128028524,0.0318834751697363,-0.0197432937835979
0.0461481555436492,0.0613812452463202,0.988550790276568,-0.0102670635464157,0.0182391917770366,0.0160785828884938,-0.0353774387678579,-0.00796485751961546,-0.0106043591551589,0.00823110901205194
0.0252830163202189,-0.00336706482460684,-0.0102670635464157,0.997900234008746,0.0141462004367046,0.086334063566149,0.0216934934439986,0.0085683567870098,-0.020302185383623,0.00717619014829789
0.0216721831935402,-0.0102732596642704,0.0182391917770366,0.0141462004367046,0.872007393571069,0.0476507715336523,0.0378786447610173,0.0164112276392937,-0.0145678032021014,0.0176996791974755
0.0263588874597077,-0.0156571632762731,0.0160785828884938,0.086334063566149,0.0476507715336523,1.03623325780167,-0.0224047262203374,0.00517315749302235,-0.00791721104112517,-0.0246792509110373
-0.0265806069726174,-0.0236172889376128,-0.0353774387678579,0.0216934934439986,0.0378786447610173,-0.0224047262203374,1.01678981468363,-0.0245402669810194,0.0339833255591752,0.000518435849144303
-0.0404285056479606,-0.0166647128028524,-0.00796485751961546,0.0085683567870098,0.0164112276392937,0.00517315749302235,-0.0245402669810194,0.925343936013682,-0.0131173670095859,0.0198512793533887
-0.0802108109466629,0.0318834751697363,-0.0106043591551589,-0.020302185383623,-0.0145678032021014,-0.00791721104112517,0.0339833255591752,-0.0131173670095859,0.942481288251903,-0.0494171143482071
-0.0146402347115854,-0.0197432937835979,0.00823110901205194,0.00717619014829789,0.0176996791974755,-0.0246792509110373,0.000518435849144303,0.0198512793533887,-0.0494171143482071,1.05416581217409
