"V1","V2","V3","V4","V5","V6","V7","V8","V9","V10"
1.01029879021428,-0.0165367084939209,0.0378764601636305,-0.0039221830714124,0.0467001319859886,-0.0438571579823103,-0.0279592871029437,-0.0031939485450055,-0.00746132836714901,-0.00569879636148783
-0.0165367084939209,1.0609877578935,0.011338175974251,-0.042380935408193,-0.000831545120539498,0.0365905312504091,0.0591957635581589,-0.00118188875944919,0.00970039038904356,-0.00626922621898067
0.0378764601636305,0.011338175974251,0.966816182427017,0.0305175959369347,0.0586618502698996,0.0224029651638309,0.00668187067122913,-0.0859519384942952,0.0129510912552841,0.0425476680293492
-0.0039221830714124,-0.042380935408193,0.0305175959369347,1.03395880115013,0.0705250954001161,0.0118998264816965,0.0379399272230546,0.00794109036001885,-0.0386324760053544,-0.0123094356166354
0.0467001319859886,-0.000831545120539498,0.0586618502698996,0.0705250954001161,0.998035357085566,-0.0324166536532331,-0.0130877802989823,-0.0238520421430581,-0.00470577036509232,-0.00444046147448205
-0.0438571579823103,0.0365905312504091,0.0224029651638309,0.0118998264816965,-0.0324166536532331,1.00147505977231,0.00796210446603069,0.0758112545264408,-0.0482401949650609,-0.0138733324801019
-0.0279592871029437,0.0591957635581589,0.00668187067122913,0.0379399272230546,-0.0130877802989823,0.00796210446603069,1.01855928839513,-0.0165551092311418,-0.0019517795064049,0.0167162279151304
-0.0031939485450055,-0.00118188875944919,-0.0859519384942952,0.00794109036001885,-0.0238520421430581,0.0758112545264408,-0.0165551092311418,1.03915261600697,-0.0670953798940841,0.00282538708160841
-0.00746132836714901,0.00970039038904356,0.0129510912552841,-0.0386324760053544,-0.00470577036509232,-0.0482401949650609,-0.0019517795064049,-0.0670953798940841,0.905775909773937,-0.0388136763695658
-0.00569879636148783,-0.00626922621898067,0.0425476680293492,-0.0123094356166354,-0.00444046147448205,-0.0138733324801019,0.0167162279151304,0.00282538708160841,-0.0388136763695658,0.971454616955059
