"V1","V2","V3","V4","V5","V6","V7","V8","V9","V10"
0.962230931432967,0.00324825033975797,-0.0425066873878693,0.0387410737562437,-0.0360359899353546,-0.0083624357965703,-0.0174340190412039,0.0215823904194292,-0.00187409062913324,-0.0224538961457399
0.00324825033975797,1.05279721498873,0.0591959145549525,-0.0331887605808149,0.026024325444576,0.0365402708554584,0.0102481549882555,-0.0287129684927236,0.0207500656310577,-0.0113313865039121
-0.0425066873878693,0.0591959145549525,0.969006310719842,0.0454932523509798,-0.0110067627973479,-0.00846531228006313,-0.0296035627823679,0.0168475650903441,0.0351385962707959,-0.0186453514562085
0.0387410737562437,-0.0331887605808149,0.0454932523509798,1.13162239855822,-0.0172441513440614,0.0264371522076298,0.00865783394581484,0.0136536116584678,0.00127752033586957,-0.0616899113264458
-0.0360359899353546,0.026024325444576,-0.0110067627973479,-0.0172441513440614,1.03020185830596,-0.057010370273023,-0.06172644377282,0.000177613357327921,-0.0188527201252417,0.0143224913170648
-0.0083624357965703,0.0365402708554584,-0.00846531228006313,0.0264371522076298,-0.057010370273023,0.934869761153525,0.0481254769500961,-0.00721954773842183,-0.00761352599379298,-0.0890580574868457
-0.0174340190412039,0.0102481549882555,-0.0296035627823679,0.00865783394581484,-0.06172644377282,0.0481254769500961,1.0370671406701,-0.0279988906923718,0.0273594860952384,0.0308631239334162
0.0215823904194292,-0.0287129684927236,0.0168475650903441,0.0136536116584678,0.000177613357327921,-0.00721954773842183,-0.0279988906923718,1.02338013264095,0.0298033346641671,-0.0844040022683216
-0.00187409062913324,0.0207500656310577,0.0351385962707959,0.00127752033586957,-0.0188527201252417,-0.00761352599379298,0.0273594860952384,0.0298033346641671,1.0483397130818,0.0153174002832277
-0.0224538961457399,-0.0113313865039121,-0.0186453514562085,-0.0616899113264458,0.0143224913170648,-0.0890580574868457,0.0308631239334162,-0.0844040022683216,0.0153174002832277,1.02312943200803
