"V1","V2","V3","V4","V5","V6","V7","V8","V9","V10"
1.0633094118554,0.0413294014416776,-0.0252623495511087,0.00418160276225089,0.0236639666082233,0.0384509177252205,0.0305453671362999,0.00463813309375963,-0.000608363287116634,-0.0384250905407814
0.0413294014416776,0.992598720028982,-0.0184662782628601,-0.0347502018548724,0.0793597174079123,-0.0239862066249469,-0.000914505191940439,-0.0238297257449639,-0.0178078414540756,0.0465811418627419
-0.0252623495511087,-0.0184662782628601,0.984774395053812,0.0368859736155162,0.0134614347883526,0.0390490252590634,-0.00709557043389788,-0.00414595227281993,-0.013957275589011,-0.0223964192262809
0.00418160276225089,-0.0347502018548724,0.0368859736155162,1.01936264591506,0.0521693814299079,-0.00519171113991594,0.0349312689084651,-0.0148084961152821,-0.0365790140721516,-0.0242772452880891
0.0236639666082233,0.0793597174079123,0.0134614347883526,0.0521693814299079,1.01147616785171,-0.0351517172957483,-0.00633756237045997,0.00177697888590697,-0.00322795112848335,0.0284310750552767
0.0384509177252205,-0.0239862066249469,0.0390490252590634,-0.00519171113991594,-0.0351517172957483,0.996174632506185,0.0105727133261407,-0.0277771521921831,-0.0188701564675403,0.011944019764478
0.0305453671362999,-0.000914505191940439,-0.00709557043389788,0.0349312689084651,-0.00633756237045997,0.0105727133261407,1.00402740207056,0.027109390928641,-0.0605170854144678,0.0237742432015404
0.00463813309375963,-0.0238297257449639,-0.00414595227281993,-0.0148084961152821,0.00177697888590697,-0.0277771521921831,0.027109390928641,0.963690271762072,0.0479460905137646,0.0621729522714128
-0.000608363287116634,-0.0178078414540756,-0.013957275589011,-0.0365790140721516,-0.00322795112848335,-0.0188701564675403,-0.0605170854144678,0.0479460905137646,1.0468629014601,-0.0226514529060502
-0.0384250905407814,0.0465811418627419,-0.0223964192262809,-0.0242772452880891,0.0284310750552767,0.011944019764478,0.0237742432015404,0.0621729522714128,-0.0226514529060502,1.00877209005044
