"V1","V2","V3","V4","V5","V6","V7","V8","V9","V10"
1.06827952104877,-0.0960599428770386,0.0140641987551117,0.0382451891371841,0.0169417966799579,-0.00527739237195209,-0.060110489104073,0.0177890670164721,-0.03467227045187,0.0473289999801744
-0.0960599428770386,1.04686955649664,-0.00850784385813926,-0.00394756120768592,-0.0778024787276988,0.0498738131885058,-0.0296817245956511,-0.0298819119579322,-0.0415249204753713,0.0485292234453443
0.0140641987551117,-0.00850784385813926,0.991563790963283,-0.0672297254752221,-0.089037592684484,0.001593351050454,-0.0318139560233469,-0.0584196280547942,-0.0304562965143284,0.0167217485675905
0.0382451891371841,-0.00394756120768592,-0.0672297254752221,0.9426662712673,-0.0288875696319282,-0.0598517671939926,0.0862788691774209,-0.0105476132638762,0.0332268104313472,-0.00219186613029731
0.0169417966799579,-0.0778024787276988,-0.089037592684484,-0.0288875696319282,1.0212850015444,-0.0803970259767508,-0.0245005967396899,-0.00850311988108468,-0.012649586927103,0.00915420270146036
-0.00527739237195209,0.0498738131885058,0.001593351050454,-0.0598517671939926,-0.0803970259767508,0.996620087561293,-0.00277206070239069,-0.0215776703609073,-0.0227285052522499,0.0368517126878211
-0.060110489104073,-0.0296817245956511,-0.0318139560233469,0.0862788691774209,-0.0245005967396899,-0.00277206070239069,1.1433058987304,-0.0352609441382583,-0.0430719579508116,-0.0351788274005289
0.0177890670164721,-0.0298819119579322,-0.0584196280547942,-0.0105476132638762,-0.00850311988108468,-0.0215776703609073,-0.0352609441382583,1.08375370534059,-0.00735229645761597,-0.0593869367400002
-0.03467227045187,-0.0415249204753713,-0.0304562965143284,0.0332268104313472,-0.012649586927103,-0.0227285052522499,-0.0430719579508116,-0.00735229645761597,1.00934215671902,0.0253063349034884
0.0473289999801744,0.0485292234453443,0.0167217485675905,-0.00219186613029731,0.00915420270146036,0.0368517126878211,-0.0351788274005289,-0.0593869367400002,0.0253063349034884,0.994045955833643
