"V1","V2","V3","V4","V5","V6","V7","V8","V9","V10"
0.978135286003286,-0.0769272212542337,-0.00416460737509472,0.0356276605118543,-0.0711574586958844,0.0308205698807243,-0.0207928930862424,0.00539248114792406,-0.0160386935879731,0.00281250991219828
-0.0769272212542337,1.03250718002202,0.0267153123534154,-0.0497003956097121,0.0169639504052813,0.0214319228450341,-0.048199232603477,0.000218768930479024,0.0326412762356789,-0.00288789211556299
-0.00416460737509472,0.0267153123534154,0.898509385066652,0.000813602462270082,0.015867418632975,0.038902668088491,-0.0317597116448013,0.0179620439895048,0.0456097914152774,0.00789328334558391
0.0356276605118543,-0.0497003956097121,0.000813602462270082,1.02317461666345,-0.0249290121981827,0.00434007261633019,0.000489304764780486,0.00652645523853882,-0.0240842357485008,0.00951828526519098
-0.0711574586958844,0.0169639504052813,0.015867418632975,-0.0249290121981827,1.02065608406751,0.0286819389188431,0.0191162124416344,0.0407265095772662,-0.0177736569445557,0.00434397914114442
0.0308205698807243,0.0214319228450341,0.038902668088491,0.00434007261633019,0.0286819389188431,1.00690252298299,-0.0233838675247111,0.028334750829304,0.0137753304913385,0.0263145609453535
-0.0207928930862424,-0.048199232603477,-0.0317597116448013,0.000489304764780486,0.0191162124416344,-0.0233838675247111,0.969009953630935,0.0222797867727947,-0.0152622737002675,-0.0276615467496594
0.00539248114792406,0.000218768930479024,0.0179620439895048,0.00652645523853882,0.0407265095772662,0.028334750829304,0.0222797867727947,0.97142344420895,0.041558233368724,-0.0548390811648853
-0.0160386935879731,0.0326412762356789,0.0456097914152774,-0.0240842357485008,-0.0177736569445557,0.0137753304913385,-0.0152622737002675,0.041558233368724,0.993138530373748,0.0311857087344636
0.00281250991219828,-0.00288789211556299,0.00789328334558391,0.00951828526519098,0.00434397914114442,0.0263145609453535,-0.0276615467496594,-0.0548390811648853,0.0311857087344636,1.00750087017506
