"V1","V2","V3","V4","V5","V6","V7","V8","V9","V10"
1.01254846383569,0.0433075807859948,-0.0306632198804654,0.0271005602115601,-0.0251091607698763,-0.0230558700371002,0.0195113246852293,0.0289599960656891,0.0196776541175903,0.00544837974539633
0.0433075807859948,0.979338774777771,-0.0513808260756551,0.0489419433382806,0.0476129210722462,0.016719499921758,-0.0240028423392364,-0.00993635825228906,0.0226482471425182,0.00853846369623374
-0.0306632198804654,-0.0513808260756551,0.96487004692185,0.040687735194685,0.000145399457396012,0.00091924720236714,0.0283628426460463,-0.0518351374210865,0.00691261446888268,0.0140888859713082
0.0271005602115601,0.0489419433382806,0.040687735194685,1.01425493632175,0.00515168329363885,-0.0109464895090345,-0.0318745657925055,-0.0187507273778263,0.0388907316204902,0.0032310065935622
-0.0251091607698763,0.0476129210722462,0.000145399457396012,0.00515168329363885,0.915051719223569,-0.0168928955996722,-0.00659574641688641,0.0614847200662789,-0.0266389815537843,0.0169015337459498
-0.0230558700371002,0.016719499921758,0.00091924720236714,-0.0109464895090345,-0.0168928955996722,0.97421439321221,-0.00272069487149625,-0.00518625869111267,0.0266803770536232,-0.0374513713606354
0.0195113246852293,-0.0240028423392364,0.0283628426460463,-0.0318745657925055,-0.00659574641688641,-0.00272069487149625,0.998517121761578,0.01345394296192,-0.0650396627062106,0.0918327403996852
0.0289599960656891,-0.00993635825228906,-0.0518351374210865,-0.0187507273778263,0.0614847200662789,-0.00518625869111267,0.01345394296192,0.977752198963464,-0.0710765494204035,0.0425620699466267
0.0196776541175903,0.0226482471425182,0.00691261446888268,0.0388907316204902,-0.0266389815537843,0.0266803770536232,-0.0650396627062106,-0.0710765494204035,0.925115547288846,-0.0122693946517997
0.00544837974539633,0.00853846369623374,0.0140888859713082,0.0032310065935622,0.0169015337459498,-0.0374513713606354,0.0918327403996852,0.0425620699466267,-0.0122693946517997,0.972807385638799
