"V1","V2","V3","V4","V5","V6","V7","V8","V9","V10"
1.00422926501368,0.010400951551416,0.071081440879183,0.0522352834605237,0.0201999424388583,-0.02289777551786,0.0204295646010013,-0.0274690561885403,0.0537600580969335,0.0239371050748884
0.010400951551416,0.984624690647455,0.00100738837405903,0.00856097223942459,0.0156812091371352,0.000993577107950685,0.0123129555700639,0.00596401584677463,0.0111208422123099,-0.00886966748798542
0.071081440879183,0.00100738837405903,0.990447626250823,-0.0517551497180342,0.0275345851775296,-0.00168968286887413,0.0141586225926241,0.0948483874785062,-0.00910803708768987,-0.011868916010027
0.0522352834605237,0.00856097223942459,-0.0517551497180342,1.03436396401106,-0.0323555720610114,0.00484445450193564,0.0265701032906111,-0.0830146742461568,-0.0604000702873509,-0.034190618810324
0.0201999424388583,0.0156812091371352,0.0275345851775296,-0.0323555720610114,1.03414817057861,0.0101626675416085,-0.00780402265330949,0.0119215923999,0.00487016437466327,-0.0330954807125649
-0.02289777551786,0.000993577107950685,-0.00168968286887413,0.00484445450193564,0.0101626675416085,0.994717556673271,-0.0162736679040966,-0.0133653313339765,-0.073431526127855,-0.00873506544846011
0.0204295646010013,0.0123129555700639,0.0141586225926241,0.0265701032906111,-0.00780402265330949,-0.0162736679040966,1.00266401321596,0.00191135313496587,0.0106100907516469,-0.015594143406065
-0.0274690561885403,0.00596401584677463,0.0948483874785062,-0.0830146742461568,0.0119215923999,-0.0133653313339765,0.00191135313496587,1.01832114309323,0.0207341570081776,0.0581859524232342
0.0537600580969335,0.0111208422123099,-0.00910803708768987,-0.0604000702873509,0.00487016437466327,-0.073431526127855,0.0106100907516469,0.0207341570081776,1.02197347036616,-0.00495910286787066
0.0239371050748884,-0.00886966748798542,-0.011868916010027,-0.034190618810324,-0.0330954807125649,-0.00873506544846011,-0.015594143406065,0.0581859524232342,-0.00495910286787066,1.15805714670473
