"V1","V2","V3","V4","V5","V6","V7","V8","V9","V10"
1.02265237764192,-0.0144290729186891,-0.018377000862644,0.0399873677557684,-0.052575050736045,-0.0903674422904449,0.00502937876221286,0.00218474161058471,-0.0662539162361188,0.0361697696786732
-0.0144290729186891,0.967512828390509,0.0123192030883014,0.027983084003848,-0.0152538906323144,-0.0216536880267636,0.036156920971693,-0.00153288654266753,0.0438259021989839,-0.0460404149067677
-0.018377000862644,0.0123192030883014,0.973359929871409,-0.00843760262449967,0.000729581819852606,0.0196124747419022,-0.0100310051775555,0.0349231235874507,0.0677039940647811,0.0342949714262188
0.0399873677557684,0.027983084003848,-0.00843760262449967,0.971054923504864,-0.0378735630168934,0.0338096576171674,0.0229767810630351,-0.0185244943359968,0.041112899043014,-0.0120006771587556
-0.052575050736045,-0.0152538906323144,0.000729581819852606,-0.0378735630168934,0.939282137618466,-0.0308563132323367,-0.0624190471841191,0.0140210301745046,-0.00933629810389986,-0.0490306124565344
-0.0903674422904449,-0.0216536880267636,0.0196124747419022,0.0338096576171674,-0.0308563132323367,1.08355967156513,-0.0176851555188375,0.00328203279492713,0.00980963712426942,-0.0474870898495706
0.00502937876221286,0.036156920971693,-0.0100310051775555,0.0229767810630351,-0.0624190471841191,-0.0176851555188375,1.03533025571941,0.0298730697794379,-0.0437755521410731,0.0258063297365415
0.00218474161058471,-0.00153288654266753,0.0349231235874507,-0.0185244943359968,0.0140210301745046,0.00328203279492713,0.0298730697794379,0.95349548033277,-0.0136785861806506,-0.0136652326456653
-0.0662539162361188,0.0438259021989839,0.0677039940647811,0.041112899043014,-0.00933629810389986,0.00980963712426942,-0.0437755521410731,-0.0136785861806506,0.964248747998329,0.000303753786461108
0.0361697696786732,-0.0460404149067677,0.0342949714262188,-0.0120006771587556,-0.0490306124565344,-0.0474870898495706,0.0258063297365415,-0.0136652326456653,0.000303753786461108,0.969195856059653
