"V1","V2","V3","V4","V5","V6","V7","V8","V9","V10"
1.01725231426473,0.0110312627671761,0.000740227269052309,-0.0103768489217986,-0.0154907261404039,0.0373765170045578,-0.000116647082588239,-0.00628783462864195,0.0314122612185428,-0.0470832416689779
0.0110312627671761,1.01350730422085,0.0163066684622017,0.0604042335277391,0.0403665019481199,0.01163652342118,0.0381474687447708,-0.0568616335834853,-0.00631625600076603,0.00744754286251511
0.000740227269052309,0.0163066684622017,1.05147930132229,-0.0423282087207809,0.0420595440791837,-0.000794707628910839,0.0745648208446021,0.0264381548798717,0.00507452088372494,-0.0185999877554163
-0.0103768489217986,0.0604042335277391,-0.0423282087207809,1.00413763088491,-0.0350156203010518,-0.032026333402986,-0.00794075421855508,0.0720532976403083,-0.0143052919154318,0.023735151789602
-0.0154907261404039,0.0403665019481199,0.0420595440791837,-0.0350156203010518,0.943076490975712,-0.0052958952802846,-0.0391650328482494,-0.058052837425734,0.073578247299353,-0.0251955916372512
0.0373765170045578,0.01163652342118,-0.000794707628910839,-0.032026333402986,-0.0052958952802846,1.01764021715439,0.046563399510083,-0.0134667150463076,-0.0175101776611694,-0.0245026463676331
-0.000116647082588239,0.0381474687447708,0.0745648208446021,-0.00794075421855508,-0.0391650328482494,0.046563399510083,0.986845821524375,0.0286907596265217,0.0659868036059057,0.0442809536080703
-0.00628783462864195,-0.0568616335834853,0.0264381548798717,0.0720532976403083,-0.058052837425734,-0.0134667150463076,0.0286907596265217,0.95284974679617,0.0077475842006985,-0.0244917526264746
0.0314122612185428,-0.00631625600076603,0.00507452088372494,-0.0143052919154318,0.073578247299353,-0.0175101776611694,0.0659868036059057,0.0077475842006985,0.949869936628006,-0.00499731669053543
-0.0470832416689779,0.00744754286251511,-0.0185999877554163,0.023735151789602,-0.0251955916372512,-0.0245026463676331,0.0442809536080703,-0.0244917526264746,-0.00499731669053543,0.923469206471026
