"V1","V2","V3","V4","V5","V6","V7","V8","V9","V10"
0.991127331262688,0.00852478281406003,-0.0122445290588371,0.0688535792900861,0.00704933543720189,-0.0567872825027138,0.0464812153191414,0.0183458671906319,-0.0428022526718147,0.0257454266539991
0.00852478281406003,0.975147513464997,0.0503869078083874,-0.0110072626883318,0.00446127646451402,0.071094201957874,0.0322158996069096,0.025142412160035,-0.024370577628017,-0.033203374701458
-0.0122445290588371,0.0503869078083874,1.02287681138382,-0.00191698501538978,0.065000573654212,0.0130242077635976,-0.033903735336772,-0.0515270991306345,0.0298230674322045,-0.0239372008528607
0.0688535792900861,-0.0110072626883318,-0.00191698501538978,1.02597258007217,0.051511618244442,0.00526994408205678,-0.0224552149134829,-0.0245419652344965,0.0373763736829977,0.0130903982910622
0.00704933543720189,0.00446127646451402,0.065000573654212,0.051511618244442,1.04837020425039,-0.0409463855372735,-0.033508501598898,0.0181065435595792,-0.0399361516734365,0.036490106063728
-0.0567872825027138,0.071094201957874,0.0130242077635976,0.00526994408205678,-0.0409463855372735,1.00092253427042,0.00903554878516283,-0.0488996919137149,0.0437856757011635,0.0478521432846367
0.0464812153191414,0.0322158996069096,-0.033903735336772,-0.0224552149134829,-0.033508501598898,0.00903554878516283,1.03705327853726,0.0091929488016575,0.0911371165041723,-0.0318156479887749
0.0183458671906319,0.025142412160035,-0.0515270991306345,-0.0245419652344965,0.0181065435595792,-0.0488996919137149,0.0091929488016575,0.982471335196993,0.00521243624288417,0.0400905214826057
-0.0428022526718147,-0.024370577628017,0.0298230674322045,0.0373763736829977,-0.0399361516734365,0.0437856757011635,0.0911371165041723,0.00521243624288417,1.0302389488455,0.0357782624332876
0.0257454266539991,-0.033203374701458,-0.0239372008528607,0.0130903982910622,0.036490106063728,0.0478521432846367,-0.0318156479887749,0.0400905214826057,0.0357782624332876,0.92858584738543
