"V1","V2","V3","V4","V5","V6","V7","V8","V9","V10"
0.993950555061658,-0.0199365507596821,0.0672039759834096,0.0392557127119973,0.0142935136686558,0.00086378851277473,0.0394234329884188,0.00102417250181766,0.0106598516898649,0.044597304756921
-0.0199365507596821,0.9820950835826,-0.0205612590529909,0.0296701633413689,-0.0279728592344097,0.0127179941101619,0.0668451645956292,0.0840987967318372,0.0299860872996916,0.0153722763619608
0.0672039759834096,-0.0205612590529909,1.0476436382575,0.00917196617554547,-0.0096911605887699,-0.00401204677155005,-0.0622925428183755,0.0230039644689639,-0.0525767415414155,-0.00955122744711167
0.0392557127119973,0.0296701633413689,0.00917196617554547,0.918381198012164,0.00994031367323596,0.0205957808399893,-0.0584337651363411,-0.00804540844135041,-0.0374327383032617,0.0272732696679138
0.0142935136686558,-0.0279728592344097,-0.0096911605887699,0.00994031367323596,1.099970033003,0.000629159452653078,0.0341084153249149,-0.00420580038024884,-0.018914003796992,0.027095975527406
0.00086378851277473,0.0127179941101619,-0.00401204677155005,0.0205957808399893,0.000629159452653078,1.00408653802839,-0.0430165878878588,0.0237760753322304,0.0263860668139597,0.00304504012879671
0.0394234329884188,0.0668451645956292,-0.0622925428183755,-0.0584337651363411,0.0341084153249149,-0.0430165878878588,1.01203174079574,0.0343089365224463,0.00481719525543606,0.0188923436824394
0.00102417250181766,0.0840987967318372,0.0230039644689639,-0.00804540844135041,-0.00420580038024884,0.0237760753322304,0.0343089365224463,1.04668668499274,0.058031894273196,-0.069029932747304
0.0106598516898649,0.0299860872996916,-0.0525767415414155,-0.0374327383032617,-0.018914003796992,0.0263860668139597,0.00481719525543606,0.058031894273196,0.895325886108902,-0.000246292909586701
0.044597304756921,0.0153722763619608,-0.00955122744711167,0.0272732696679138,0.027095975527406,0.00304504012879671,0.0188923436824394,-0.069029932747304,-0.000246292909586701,1.00109280030923
