"V1","V2","V3","V4","V5","V6","V7","V8","V9","V10"
0.948683221232356,-0.00527173295803744,0.0239527259596945,0.045443275448509,-0.0124991784128294,-0.0106799810544602,-0.0183547754066469,0.0342636588901676,-0.0418436095518149,0.0336029904879962
-0.00527173295803744,0.985566044891121,-0.0525971872213974,0.0212418975207192,-0.0632634343975876,-0.00178519320592545,-0.0373372746970201,0.0094883293109965,0.0795158781983158,-0.00334479110739977
0.0239527259596945,-0.0525971872213974,0.942844435460256,-0.0183080749533596,0.00720988522946534,0.00853842715774217,0.0616160940451785,0.0266495290135666,-0.0424339868540946,-0.0625851310548504
0.045443275448509,0.0212418975207192,-0.0183080749533596,0.999089907325294,0.0490380656161489,-0.0299404565684728,-0.0288996539459148,0.0653388465321529,0.0650233620633401,0.00542099712736641
-0.0124991784128294,-0.0632634343975876,0.00720988522946534,0.0490380656161489,0.964068544835135,-0.0780148861943778,-0.0221394849324299,0.0149603466904348,0.0340451225395749,0.0436769565090045
-0.0106799810544602,-0.00178519320592545,0.00853842715774217,-0.0299404565684728,-0.0780148861943778,1.04548333912089,-0.0112439070586652,0.0238643039132331,-0.0168596892541602,0.0202353021046221
-0.0183547754066469,-0.0373372746970201,0.0616160940451785,-0.0288996539459148,-0.0221394849324299,-0.0112439070586652,0.973102683510599,0.0619672645562354,-0.0348402157032773,-0.00482183923825142
0.0342636588901676,0.0094883293109965,0.0266495290135666,0.0653388465321529,0.0149603466904348,0.0238643039132331,0.0619672645562354,0.976488057564877,0.00865102153187619,-0.0251946050806286
-0.0418436095518149,0.0795158781983158,-0.0424339868540946,0.0650233620633401,0.0340451225395749,-0.0168596892541602,-0.0348402157032773,0.00865102153187619,0.975049214379779,0.0336683576500645
0.0336029904879962,-0.00334479110739977,-0.0625851310548504,0.00542099712736641,0.0436769565090045,0.0202353021046221,-0.00482183923825142,-0.0251946050806286,0.0336683576500645,0.977838691830823
