"V1","V2","V3","V4","V5","V6","V7","V8","V9","V10"
0.983307117196037,-0.0185901004549645,0.00325598287796289,-0.00810952640637306,-0.0149880151454516,-0.0176745228625876,-0.00652565298065587,-0.0015568211868657,0.00891894420577563,-0.0146454954643144
-0.0185901004549645,0.921149355989918,-0.023209914054853,0.0024359175124879,-0.0259771567809847,0.0372248920576325,0.0634543945653615,0.00447448277649449,-0.00623972696426674,-0.0340648258155432
0.00325598287796289,-0.023209914054853,0.945894832962923,-0.0590656013172663,0.00903328478803707,-0.0389593715802065,-0.00436201578438321,-0.0152567958988856,0.0281720693730935,0.0757235869366093
-0.00810952640637306,0.0024359175124879,-0.0590656013172663,1.00384597999454,0.0289530901152711,-0.0242494137720414,0.0102749813658536,-0.000503154616319359,-0.0425641152822796,-0.016240813202719
-0.0149880151454516,-0.0259771567809847,0.00903328478803707,0.0289530901152711,0.963676098139872,-0.00453623597942945,-0.0139270209255375,0.0651264218205827,-0.00325412030135525,-0.00215221167566528
-0.0176745228625876,0.0372248920576325,-0.0389593715802065,-0.0242494137720414,-0.00453623597942945,1.04762462716154,-0.0377259011446357,0.0580707649808336,0.0287223616489827,0.00281193951296877
-0.00652565298065587,0.0634543945653615,-0.00436201578438321,0.0102749813658536,-0.0139270209255375,-0.0377259011446357,0.985478315547148,-0.019366751877982,-0.00979577193318779,-0.026951534856667
-0.0015568211868657,0.00447448277649449,-0.0152567958988856,-0.000503154616319359,0.0651264218205827,0.0580707649808336,-0.019366751877982,1.04828008458112,-0.0262242776056719,0.00319796627343853
0.00891894420577563,-0.00623972696426674,0.0281720693730935,-0.0425641152822796,-0.00325412030135525,0.0287223616489827,-0.00979577193318779,-0.0262242776056719,1.0242476558747,-0.0930246962944468
-0.0146454954643144,-0.0340648258155432,0.0757235869366093,-0.016240813202719,-0.00215221167566528,0.00281193951296877,-0.026951534856667,0.00319796627343853,-0.0930246962944468,0.894381182015154
