"V1","V2","V3","V4","V5","V6","V7","V8","V9","V10"
1.02129646357254,0.00626269626800011,-0.0176619097655828,-0.0138799943445564,-0.00287576575430448,-0.0462622845112065,0.00349365196735339,0.0399700595883575,0.0056667664977071,0.0598931580400351
0.00626269626800011,0.942656142713783,0.040913301329713,-0.0615105551870521,0.016422481667904,-0.0881610817841469,-0.0306246470661183,0.0327192555397393,-0.000985929237507014,0.00512508433666346
-0.0176619097655828,0.040913301329713,0.974165533829602,-0.0209332245952823,0.0199434793686965,0.0115448716052179,-0.0295110337478758,0.0162845728236169,0.0225085042658942,0.0039459296452895
-0.0138799943445564,-0.0615105551870521,-0.0209332245952823,0.985700494154052,-0.0127159611351435,-0.0488458254381114,-0.0245708568461532,0.0651269831421816,-0.0320722121493548,0.0106554448141698
-0.00287576575430448,0.016422481667904,0.0199434793686965,-0.0127159611351435,1.01622051681643,-0.00779220356775782,-0.0265101150316865,-0.0312220220899134,-0.0341458844205181,-0.0656942190996777
-0.0462622845112065,-0.0881610817841469,0.0115448716052179,-0.0488458254381114,-0.00779220356775782,1.1508751441621,-0.011227179135286,-0.0301066137343308,0.000572748725086759,-0.00587814531842992
0.00349365196735339,-0.0306246470661183,-0.0295110337478758,-0.0245708568461532,-0.0265101150316865,-0.011227179135286,1.03797701657832,0.0481022721281461,-0.0381421233737053,-0.00851958393074768
0.0399700595883575,0.0327192555397393,0.0162845728236169,0.0651269831421816,-0.0312220220899134,-0.0301066137343308,0.0481022721281461,1.02594609374948,0.0398892321979832,0.0306708780995115
0.0056667664977071,-0.000985929237507014,0.0225085042658942,-0.0320722121493548,-0.0341458844205181,0.000572748725086759,-0.0381421233737053,0.0398892321979832,1.06305398067481,-0.0125247263787736
0.0598931580400351,0.00512508433666346,0.0039459296452895,0.0106554448141698,-0.0656942190996777,-0.00587814531842992,-0.00851958393074768,0.0306708780995115,-0.0125247263787736,0.99826274205753
