"V1","V2","V3","V4","V5","V6","V7","V8","V9","V10"
1.06065969957114,0.0531064645052919,-0.00263995967059618,-0.0472634536365608,0.0227253880862532,0.0431750984320263,-0.021211758856577,0.00273486249529013,-0.0383312581957841,0.0168448033979625
0.0531064645052919,1.00108451988998,0.0300650760444667,0.001824103251834,0.0414679341364625,0.0331569987955502,0.0118376609687493,0.0255043457874705,-0.00295812626635725,-0.0292273621715048
-0.00263995967059618,0.0300650760444667,0.98065690712766,-0.010033542695419,0.03080088700167,-0.0292726153259251,0.0384762509644612,0.00575401628191474,-0.0450434811046944,0.0485126937689951
-0.0472634536365608,0.001824103251834,-0.010033542695419,1.00158289824302,0.00448537200961576,0.00914703753181247,0.0520699645679454,0.0308853319168631,0.0315804992702066,0.052015859491768
0.0227253880862532,0.0414679341364625,0.03080088700167,0.00448537200961576,1.0592221747021,0.0130661047319014,0.00963425966333854,-0.00821428580730498,0.0440003143198793,0.0425803527553755
0.0431750984320263,0.0331569987955502,-0.0292726153259251,0.00914703753181247,0.0130661047319014,0.951195817600352,-0.0261787072002153,-0.0136725092607061,0.013080330548889,-0.0662402385587817
-0.021211758856577,0.0118376609687493,0.0384762509644612,0.0520699645679454,0.00963425966333854,-0.0261787072002153,1.05996931026996,-0.0156888154881965,-0.0472627746114226,0.0360509565242152
0.00273486249529013,0.0255043457874705,0.00575401628191474,0.0308853319168631,-0.00821428580730498,-0.0136725092607061,-0.0156888154881965,0.971940655985295,0.00991844991420858,-0.00260839368892315
-0.0383312581957841,-0.00295812626635725,-0.0450434811046944,0.0315804992702066,0.0440003143198793,0.013080330548889,-0.0472627746114226,0.00991844991420858,0.976148255619593,0.0277211399660598
0.0168448033979625,-0.0292273621715048,0.0485126937689951,0.052015859491768,0.0425803527553755,-0.0662402385587817,0.0360509565242152,-0.00260839368892315,0.0277211399660598,0.981219670813261
