"V1","V2","V3","V4","V5","V6","V7","V8","V9","V10"
1.05137321963752,0.0424245357004748,-0.0128929721982285,0.0295891429416971,0.0288755185727825,0.00784609757333098,0.000535390781772535,-0.00785518748769265,0.0357629006703176,-0.0635645027749806
0.0424245357004748,1.0314193687807,-0.034856199370437,-0.0410672657386554,0.0292938505490979,0.0150658644320093,0.033583308469684,-0.0279570286796425,-0.0189801160404059,-0.0667664934501922
-0.0128929721982285,-0.034856199370437,0.94206019925218,0.0481578390315893,-0.0117574808619847,-0.00571177990234526,-0.0107471912873718,0.0235341079983242,-0.0561269731289034,0.00933723333583836
0.0295891429416971,-0.0410672657386554,0.0481578390315893,1.07106627398748,0.00449606534985224,-0.0498662071694581,0.000542418983799494,-0.051239957531688,-0.0189663876587726,0.0463476028354295
0.0288755185727825,0.0292938505490979,-0.0117574808619847,0.00449606534985224,0.982499389149357,0.0283220287806477,0.0194843023504296,-0.0138529573477697,0.0181755200837683,0.00982722278038381
0.00784609757333098,0.0150658644320093,-0.00571177990234526,-0.0498662071694581,0.0283220287806477,0.94878123136458,0.00862975036856561,-0.022691410530066,-0.0193472169764139,-0.021327823237249
0.000535390781772535,0.033583308469684,-0.0107471912873718,0.000542418983799494,0.0194843023504296,0.00862975036856561,0.987431971001042,-0.0188889247165629,0.0319510756949831,0.0179922969866635
-0.00785518748769265,-0.0279570286796425,0.0235341079983242,-0.051239957531688,-0.0138529573477697,-0.022691410530066,-0.0188889247165629,1.04281258719066,-0.0288164443713084,-0.021983758245003
0.0357629006703176,-0.0189801160404059,-0.0561269731289034,-0.0189663876587726,0.0181755200837683,-0.0193472169764139,0.0319510756949831,-0.0288164443713084,1.01154404489266,-0.0113238840368777
-0.0635645027749806,-0.0667664934501922,0.00933723333583836,0.0463476028354295,0.00982722278038381,-0.021327823237249,0.0179922969866635,-0.021983758245003,-0.0113238840368777,1.02502431214668
