"V1","V2","V3","V4","V5","V6","V7","V8","V9","V10"
1.04616929466071,0.0273673198353255,-0.0191367965763772,-0.0051129019830392,-0.0045536901830715,-0.00521703331359618,-0.0250509979588454,0.0472145413634452,0.0419392094783284,-0.0429218044004068
0.0273673198353255,1.04661878198396,-0.0060193801864811,0.00122527944145746,-0.0436163934721893,-0.0359877891208318,-0.00337362405145188,-0.0239876101547324,0.0295050767904431,-0.0383488564026536
-0.0191367965763772,-0.0060193801864811,1.11171764537713,0.0620588872205733,0.00579312649191326,0.0182542892133197,0.0202360879111578,-0.028848083922675,0.0266740429562343,-0.00402927381786413
-0.0051129019830392,0.00122527944145746,0.0620588872205733,1.02617555200398,-0.000553799447089135,0.041325408724179,0.0413223002254079,-0.000488712534380036,0.00357101185274987,0.0194655588489815
-0.0045536901830715,-0.0436163934721893,0.00579312649191326,-0.000553799447089135,0.974555918154165,-0.00517811850347267,0.0988315775291649,0.0229347632819543,-0.0570625808703179,0.0214674930828361
-0.00521703331359618,-0.0359877891208318,0.0182542892133197,0.041325408724179,-0.00517811850347267,1.02802909255619,-0.0175419327233231,0.0281946386846696,0.0432335736369256,-0.0146923073953509
-0.0250509979588454,-0.00337362405145188,0.0202360879111578,0.0413223002254079,0.0988315775291649,-0.0175419327233231,0.998188595015838,-0.0248768268372409,0.0277760215534046,-0.0598167665381057
0.0472145413634452,-0.0239876101547324,-0.028848083922675,-0.000488712534380036,0.0229347632819543,0.0281946386846696,-0.0248768268372409,1.04315865582091,0.0556380595169232,0.00278811468488144
0.0419392094783284,0.0295050767904431,0.0266740429562343,0.00357101185274987,-0.0570625808703179,0.0432335736369256,0.0277760215534046,0.0556380595169232,0.929916706960852,0.00353403430758063
-0.0429218044004068,-0.0383488564026536,-0.00402927381786413,0.0194655588489815,0.0214674930828361,-0.0146923073953509,-0.0598167665381057,0.00278811468488144,0.00353403430758063,0.976076259351107
