"V1","V2","V3","V4","V5","V6","V7","V8","V9","V10"
0.955081412855458,0.00762684709021947,0.0400389542966004,0.0310054479292258,-0.0233656641961325,-0.0483676486031594,-0.00170680313402254,0.00986607064303132,-0.0100670793188477,0.00842581764826112
0.00762684709021947,1.07808902417979,0.0641702246052468,-0.00301561655330307,-0.0197416438524775,0.0209218126412516,0.021720462782859,0.0125789326607552,0.0672308279635434,-0.00203275546423478
0.0400389542966004,0.0641702246052468,1.08103419904144,0.0146576176702514,-0.000349176002458431,0.00891179016441758,0.0142047403633838,0.0468940446923153,0.0559469314466625,-0.013733109786638
0.0310054479292258,-0.00301561655330307,0.0146576176702514,1.03261858468614,-0.0446614321679522,-0.0629460351040129,0.0331821032960087,-0.00178024978254673,0.0539132417438732,-0.0392683822105179
-0.0233656641961325,-0.0197416438524775,-0.000349176002458431,-0.0446614321679522,0.909848191926724,-0.0216094961119682,0.0292440425810502,0.0192090021255818,-0.023978176793353,0.0286943976520033
-0.0483676486031594,0.0209218126412516,0.00891179016441758,-0.0629460351040129,-0.0216094961119682,0.988528684746768,0.020394037967584,0.0359938186054537,-0.0175489477468264,0.00303111597183466
-0.00170680313402254,0.021720462782859,0.0142047403633838,0.0331821032960087,0.0292440425810502,0.020394037967584,0.965743492552748,-0.00233808486427399,-0.0261746261002863,0.00710062167183746
0.00986607064303132,0.0125789326607552,0.0468940446923153,-0.00178024978254673,0.0192090021255818,0.0359938186054537,-0.00233808486427399,0.971947669932866,0.0228653376215124,-0.0239638456102946
-0.0100670793188477,0.0672308279635434,0.0559469314466625,0.0539132417438732,-0.023978176793353,-0.0175489477468264,-0.0261746261002863,0.0228653376215124,1.07207447265752,-0.0566994180497702
0.00842581764826112,-0.00203275546423478,-0.013733109786638,-0.0392683822105179,0.0286943976520033,0.00303111597183466,0.00710062167183746,-0.0239638456102946,-0.0566994180497702,1.02356910008555
