"V1","V2","V3","V4","V5","V6","V7","V8","V9","V10"
0.987797823455959,0.0134415911968536,0.0454363248708365,-0.0425855934265279,-0.0135707619705528,0.00364557147374065,-0.0117688836221794,0.0468636121337618,-0.0351761433007611,-0.0620489755658858
0.0134415911968536,1.0110026584912,0.0220062867562125,-0.0272226724971009,-0.0205059583081539,-0.0345704803360242,-0.0150187369563969,0.00595496677510488,0.0177870113214345,0.0127465157249727
0.0454363248708365,0.0220062867562125,0.947423863100597,-0.0352684886431228,-0.0404740110356263,-0.0307359057967681,-0.00407698558025084,-0.0206869317110816,0.054512450877724,-0.00916018946963765
-0.0425855934265279,-0.0272226724971009,-0.0352684886431228,1.03880905548425,-0.0410532984093836,0.00194809681886979,-0.0128663714704533,0.0192621259525011,-0.0423206040675302,0.0420821242577315
-0.0135707619705528,-0.0205059583081539,-0.0404740110356263,-0.0410532984093836,0.981817055809266,0.0220528341671441,0.0182265291936995,-0.0301385287679548,-0.0236177481424906,0.0407933837148915
0.00364557147374065,-0.0345704803360242,-0.0307359057967681,0.00194809681886979,0.0220528341671441,0.935977778656396,0.011052936016486,0.00704018225294249,0.000644676395428811,-0.0178823232107856
-0.0117688836221794,-0.0150187369563969,-0.00407698558025084,-0.0128663714704533,0.0182265291936995,0.011052936016486,0.993185069913481,0.0321799532615198,-0.0346659638126432,0.00349171102068751
0.0468636121337618,0.00595496677510488,-0.0206869317110816,0.0192621259525011,-0.0301385287679548,0.00704018225294249,0.0321799532615198,0.921730925869598,-0.0121448193602381,0.0131700069904326
-0.0351761433007611,0.0177870113214345,0.054512450877724,-0.0423206040675302,-0.0236177481424906,0.000644676395428811,-0.0346659638126432,-0.0121448193602381,0.95181214694211,-0.038590851646807
-0.0620489755658858,0.0127465157249727,-0.00916018946963765,0.0420821242577315,0.0407933837148915,-0.0178823232107856,0.00349171102068751,0.0131700069904326,-0.038590851646807,1.01901936626791
