"V1","V2","V3","V4","V5","V6","V7","V8","V9","V10"
0.977029252296114,-0.0169995134929156,-0.0858971997346126,-0.0337569488380022,0.0452768785068951,0.00294012650695057,0.0506958281577474,-0.0253978457643033,-0.0156661700336782,0.0391749825124812
-0.0169995134929156,0.971781595365687,0.0191963450601419,-0.00685962124849184,-0.0249691071863562,0.026545163277739,0.0962909714427001,0.016076271840384,-0.0574120216666908,0.00933174733722234
-0.0858971997346126,0.0191963450601419,1.01955322002143,-0.0106734837983795,-0.0773871182345613,-0.00541643472146373,-0.00363106659092843,0.0739722230128402,0.05535998331198,-0.0196349947194815
-0.0337569488380022,-0.00685962124849184,-0.0106734837983795,0.984288518243841,0.0106448320621316,0.00484449067308397,0.0172081272280724,0.0539279564086044,-0.00249481023873149,-0.0415635937146867
0.0452768785068951,-0.0249691071863562,-0.0773871182345613,0.0106448320621316,0.93493523004439,-0.0395862136198461,0.00808614639687499,0.00166080060608959,0.00162454623259562,0.029421782548096
0.00294012650695057,0.026545163277739,-0.00541643472146373,0.00484449067308397,-0.0395862136198461,0.996225613174269,0.0125967715488933,-0.0040256341176863,-0.0287830438371734,-0.0243393835673797
0.0506958281577474,0.0962909714427001,-0.00363106659092843,0.0172081272280724,0.00808614639687499,0.0125967715488933,1.04109633781216,0.00666791804042097,0.0152547657224239,0.0833726948043128
-0.0253978457643033,0.016076271840384,0.0739722230128402,0.0539279564086044,0.00166080060608959,-0.0040256341176863,0.00666791804042097,1.12676631145512,0.0102424627342475,0.0691412795548884
-0.0156661700336782,-0.0574120216666908,0.05535998331198,-0.00249481023873149,0.00162454623259562,-0.0287830438371734,0.0152547657224239,0.0102424627342475,1.00934995238617,-0.0377032485635547
0.0391749825124812,0.00933174733722234,-0.0196349947194815,-0.0415635937146867,0.029421782548096,-0.0243393835673797,0.0833726948043128,0.0691412795548884,-0.0377032485635547,0.990281070725554
