"V1","V2","V3","V4","V5","V6","V7","V8","V9","V10"
0.965926821573815,-0.0248995762135698,-0.0352747379420597,0.0336516053363968,0.00419375211873536,-0.0048882797881414,-0.0452951470695544,-0.0090592759935606,0.0210246937216525,0.036676554581957
-0.0248995762135698,1.01682381957756,0.0466042801611027,0.0245787441423051,-0.0667635642215898,0.0114195270072247,-0.0563720646272086,0.0284176774597627,0.0190111724547037,0.0169566745443498
-0.0352747379420597,0.0466042801611027,0.919606897188489,-0.0621542822076477,0.00964774975763667,0.0405034287385836,-0.0120491245768731,-0.00301988444420569,0.0294858065571687,0.0269986706490266
0.0336516053363968,0.0245787441423051,-0.0621542822076477,0.97751567552444,0.0649740132107403,-0.0243989957122637,0.0505636551018362,-0.0763614277947665,-0.00421830891567299,-0.0228153322058751
0.00419375211873536,-0.0667635642215898,0.00964774975763667,0.0649740132107403,1.02872274035255,-0.0394303989425389,0.0852596182933636,-0.0183637554015605,0.0428571416230079,0.0287655496862913
-0.0048882797881414,0.0114195270072247,0.0405034287385836,-0.0243989957122637,-0.0394303989425389,1.00126919572937,0.0123952828822171,-0.0760779761923721,-0.0853626061249083,0.0622776388058842
-0.0452951470695544,-0.0563720646272086,-0.0120491245768731,0.0505636551018362,0.0852596182933636,0.0123952828822171,0.984302855771263,-0.00405250730420968,-0.0351348458731453,-0.0238507110384097
-0.0090592759935606,0.0284176774597627,-0.00301988444420569,-0.0763614277947665,-0.0183637554015605,-0.0760779761923721,-0.00405250730420968,1.02663229975659,0.0270385669243373,-0.0221625667721641
0.0210246937216525,0.0190111724547037,0.0294858065571687,-0.00421830891567299,0.0428571416230079,-0.0853626061249083,-0.0351348458731453,0.0270385669243373,0.986562491427064,0.0279330604894066
0.036676554581957,0.0169566745443498,0.0269986706490266,-0.0228153322058751,0.0287655496862913,0.0622776388058842,-0.0238507110384097,-0.0221625667721641,0.0279330604894066,1.01689290973314
