"V1","V2","V3","V4","V5","V6","V7","V8","V9","V10"
0.992708261385396,-0.0856620838770977,-0.0210395413816211,-0.0465150821950416,-0.019684159941682,-0.00305177749982458,0.0396910817411247,0.0184340404406833,0.0213150331437076,-0.00699464861233023
-0.0856620838770977,1.02238494907905,0.0519680010177333,-0.0122707424951464,0.0155328655762418,-0.0180730537138241,0.0557626916419236,-0.0385775271166231,0.00636793970074529,0.0140646734217586
-0.0210395413816211,0.0519680010177333,1.02353791591156,0.00431961884740911,0.0262238676474255,0.0340713634927713,0.0302093751086572,-0.0255435608599629,0.0617739804625013,-0.0241325904824775
-0.0465150821950416,-0.0122707424951464,0.00431961884740911,0.983031804934265,0.00284560903066426,0.000548006437965031,0.0109169346644531,-0.0112087678826227,0.00504297725085846,-0.0157624374837135
-0.019684159941682,0.0155328655762418,0.0262238676474255,0.00284560903066426,0.978049354767334,0.0509990962172144,0.0439150823868421,0.0323349356773095,0.00114351343963851,0.0100305606319263
-0.00305177749982458,-0.0180730537138241,0.0340713634927713,0.000548006437965031,0.0509990962172144,0.959871843464265,0.00642760129516099,-0.0183710569836358,0.0225354303524214,-0.031434236547246
0.0396910817411247,0.0557626916419236,0.0302093751086572,0.0109169346644531,0.0439150823868421,0.00642760129516099,1.1403770357628,0.0328934029382294,0.00732060794548491,-0.0148539326279758
0.0184340404406833,-0.0385775271166231,-0.0255435608599629,-0.0112087678826227,0.0323349356773095,-0.0183710569836358,0.0328934029382294,0.916500728693043,-0.0426373057399745,-0.0149597210593843
0.0213150331437076,0.00636793970074529,0.0617739804625013,0.00504297725085846,0.00114351343963851,0.0225354303524214,0.00732060794548491,-0.0426373057399745,0.977028714762287,-0.0253639042303928
-0.00699464861233023,0.0140646734217586,-0.0241325904824775,-0.0157624374837135,0.0100305606319263,-0.031434236547246,-0.0148539326279758,-0.0149597210593843,-0.0253639042303928,1.00798182047671
