"V1","V2","V3","V4","V5","V6","V7","V8","V9","V10"
1.01113875048711,0.000782922675560088,0.00708288506685138,0.0237673489708268,0.00800930681360771,-0.000914718060545305,-0.0234061656783901,-0.00375657741185166,0.0935371587138038,0.0327907255959121
0.000782922675560088,0.98455937664816,-0.0195887225756744,-0.0142044369305818,0.0421278896646082,0.0366663248187385,-0.00230757308574431,0.0196331346902732,-0.00671763933190423,-0.00904081289888599
0.00708288506685138,-0.0195887225756744,0.998051293577532,0.0360297937035379,0.0378189994870617,-0.00775484327363533,0.0605776154162129,0.0435337479409559,-0.00568013656087886,0.0184110370608319
0.0237673489708268,-0.0142044369305818,0.0360297937035379,1.05429116798149,-0.0151311509753548,-0.0474912494537223,-0.0817631327413729,-0.0157290213054566,-0.0487614029065241,0.036541327112527
0.00800930681360771,0.0421278896646082,0.0378189994870617,-0.0151311509753548,0.994427440231526,-0.0100724214242989,-0.0163028453535865,-0.0512261796284031,0.0126519681720664,-0.0131922693365282
-0.000914718060545305,0.0366663248187385,-0.00775484327363533,-0.0474912494537223,-0.0100724214242989,1.08598230042346,-0.0845078020762371,-0.0590986323106108,0.0362587386822735,0.0444110991756726
-0.0234061656783901,-0.00230757308574431,0.0605776154162129,-0.0817631327413729,-0.0163028453535865,-0.0845078020762371,1.07600561244658,0.000193006812082698,-0.0335535824344941,-0.0581582470330347
-0.00375657741185166,0.0196331346902732,0.0435337479409559,-0.0157290213054566,-0.0512261796284031,-0.0590986323106108,0.000193006812082698,1.01219814634772,-0.0244361444088081,0.039320854394618
0.0935371587138038,-0.00671763933190423,-0.00568013656087886,-0.0487614029065241,0.0126519681720664,0.0362587386822735,-0.0335535824344941,-0.0244361444088081,1.0519437208723,-0.01950290361226
0.0327907255959121,-0.00904081289888599,0.0184110370608319,0.036541327112527,-0.0131922693365282,0.0444110991756726,-0.0581582470330347,0.039320854394618,-0.01950290361226,1.05594385125594
