"V1","V2","V3","V4","V5","V6","V7","V8","V9","V10"
0.994931861291886,0.0376525618655367,0.000271486081173797,-0.0243050971883014,-0.0123782675078184,0.103400553220517,0.0427867420908606,0.038424816174863,0.0376344741141405,-0.032575637975431
0.0376525618655367,1.03185316415061,0.0584484050568273,-0.00341773911777002,0.0394705277110565,0.00258469553901602,0.063707682843064,0.029308460813948,0.00783849834978426,0.00757821679121266
0.000271486081173797,0.0584484050568273,0.98603424537352,-0.0466361466570356,-0.0245174680764176,-0.0277714691620954,0.00816034294793199,-0.000489817819150955,0.00872384377862235,-0.0269844881151055
-0.0243050971883014,-0.00341773911777002,-0.0466361466570356,1.08674141678382,0.0340282604582946,0.0199066371189868,0.0581608769517975,0.0150221234263003,-0.0328155417000705,0.0521914633241334
-0.0123782675078184,0.0394705277110565,-0.0245174680764176,0.0340282604582946,1.02642110484976,0.0139297037706291,0.0490381156991343,0.0346998856267023,-0.018872989861415,0.0252022933726219
0.103400553220517,0.00258469553901602,-0.0277714691620954,0.0199066371189868,0.0139297037706291,0.920826800713061,-0.0140041640976338,-0.0317070757922972,0.0121344372039815,-0.0467130050314952
0.0427867420908606,0.063707682843064,0.00816034294793199,0.0581608769517975,0.0490381156991343,-0.0140041640976338,0.930548845731771,-0.0475151782804138,0.0578540757891891,0.0479739153323673
0.038424816174863,0.029308460813948,-0.000489817819150955,0.0150221234263003,0.0346998856267023,-0.0317070757922972,-0.0475151782804138,0.979634297382359,-0.0404358838344187,0.0510716575269065
0.0376344741141405,0.00783849834978426,0.00872384377862235,-0.0328155417000705,-0.018872989861415,0.0121344372039815,0.0578540757891891,-0.0404358838344187,0.902647078302509,0.0512245856280512
-0.032575637975431,0.00757821679121266,-0.0269844881151055,0.0521914633241334,0.0252022933726219,-0.0467130050314952,0.0479739153323673,0.0510716575269065,0.0512245856280512,1.02307843687981
