"V1","V2","V3","V4","V5","V6","V7","V8","V9","V10"
1.0265854480657,0.0708374370172516,0.0675148405150267,0.0814207214242158,-0.0276160476912147,0.00103280616457741,-0.00211843361972652,-0.0354382417014888,0.000559249254071884,-0.022325167123054
0.0708374370172516,0.963424868215809,-0.00606496288271019,-0.0399640698111207,0.00981676081534832,-0.0247338523323152,-0.0120418696701134,0.024762526695481,0.0219936048398317,-0.00443123689191736
0.0675148405150267,-0.00606496288271019,0.957860121296037,-0.0119062068000614,0.0674878629343146,0.0337817175622647,-0.0767941045787461,-0.00312206653508321,0.0353022592428127,0.0110792239679559
0.0814207214242158,-0.0399640698111207,-0.0119062068000614,1.03965826103373,0.0436294264783006,-0.0179093721975336,0.0118033078210262,-0.0260130543400347,0.0152859972291553,0.0172451785748708
-0.0276160476912147,0.00981676081534832,0.0674878629343146,0.0436294264783006,1.01567305080442,0.0210784984381513,-0.0175950952973302,0.0346915798696255,0.0877913905130466,0.0249806731274036
0.00103280616457741,-0.0247338523323152,0.0337817175622647,-0.0179093721975336,0.0210784984381513,1.02576142714688,0.0262592072617284,-0.0458637581191751,0.00339271750275717,0.0248922877812487
-0.00211843361972652,-0.0120418696701134,-0.0767941045787461,0.0118033078210262,-0.0175950952973302,0.0262592072617284,0.987425074977192,-0.00684642955305915,0.0225591424674054,0.0174068001303878
-0.0354382417014888,0.024762526695481,-0.00312206653508321,-0.0260130543400347,0.0346915798696255,-0.0458637581191751,-0.00684642955305915,1.05981862441974,0.046649728652542,0.00909954253171292
0.000559249254071884,0.0219936048398317,0.0353022592428127,0.0152859972291553,0.0877913905130466,0.00339271750275717,0.0225591424674054,0.046649728652542,1.00764563111533,-0.0240205619401247
-0.022325167123054,-0.00443123689191736,0.0110792239679559,0.0172451785748708,0.0249806731274036,0.0248922877812487,0.0174068001303878,0.00909954253171292,-0.0240205619401247,1.07494440983451
