"V1","V2","V3","V4","V5","V6","V7","V8","V9","V10"
1.08162272884515,0.0260129296551382,0.00317867972961559,0.0824190149519002,0.0525453102985412,-0.0540383916047739,0.0120412809966742,0.0514235405948766,-0.0321474171387332,0.0253336150207753
0.0260129296551382,1.02198737010725,0.0168166469612771,-0.00594817441783996,0.00600546611447056,0.0293901692746182,-0.0176874018834163,0.0948224818076097,0.0285564749695639,0.0346562705278041
0.00317867972961559,0.0168166469612771,0.956666734728037,-0.0327462125245128,0.0109881089720824,-0.0781094452875169,-0.0260331303141747,-0.0557866105580421,0.0362697790345447,-0.0256985197613184
0.0824190149519002,-0.00594817441783996,-0.0327462125245128,1.03270329989847,0.077900153254076,0.049356102205392,0.017580311028731,0.0247231058069602,-0.0647187919721824,-0.0201497852345972
0.0525453102985412,0.00600546611447056,0.0109881089720824,0.077900153254076,0.992137584803519,-0.00607499877788252,-0.03051506771207,0.038382186381219,-0.0276410605478819,-0.0166822639893649
-0.0540383916047739,0.0293901692746182,-0.0781094452875169,0.049356102205392,-0.00607499877788252,0.987365973636834,0.0105754274350496,0.029660226337199,-0.0813823144769206,-0.0426965827433849
0.0120412809966742,-0.0176874018834163,-0.0260331303141747,0.017580311028731,-0.03051506771207,0.0105754274350496,1.01536920518917,0.0254223850351504,0.0111254927538075,-0.000192196009539876
0.0514235405948766,0.0948224818076097,-0.0557866105580421,0.0247231058069602,0.038382186381219,0.029660226337199,0.0254223850351504,1.00145507562386,0.00634222973639707,0.0139649551114177
-0.0321474171387332,0.0285564749695639,0.0362697790345447,-0.0647187919721824,-0.0276410605478819,-0.0813823144769206,0.0111254927538075,0.00634222973639707,1.01696421108095,0.0547682329817264
0.0253336150207753,0.0346562705278041,-0.0256985197613184,-0.0201497852345972,-0.0166822639893649,-0.0426965827433849,-0.000192196009539876,0.0139649551114177,0.0547682329817264,1.01668286143148
