"V1","V2","V3","V4","V5","V6","V7","V8","V9","V10"
1.0064075301218,0.00775584463657578,0.0109121541702625,0.0319767168827498,-0.0103388020373288,0.0344770935053362,-0.0150157777175188,-0.0488519644187303,0.0595684328930321,0.0299425874177233
0.00775584463657578,0.91843130993974,0.0491440974217137,-0.0262199795137364,0.00500338060961838,-0.0235748032508747,0.0442138746239062,0.00967822693671484,-0.021755694261406,-0.00350828530417512
0.0109121541702625,0.0491440974217137,0.963475423399252,0.0344960856161138,-0.0272202812798176,0.0287275094216646,0.0315925887504374,0.0464849317618647,0.0138369516551763,-0.00450246304588769
0.0319767168827498,-0.0262199795137364,0.0344960856161138,1.02164238311804,0.0450097416563265,-0.0236334848544319,0.030901228380834,0.0836523297083038,-0.0322249162388873,-0.0102845671578059
-0.0103388020373288,0.00500338060961838,-0.0272202812798176,0.0450097416563265,1.00787767544028,-0.0307100205863332,-0.0641088437285329,0.0102600772773145,-0.00352511355999023,-0.0333262174330435
0.0344770935053362,-0.0235748032508747,0.0287275094216646,-0.0236334848544319,-0.0307100205863332,0.978286706583966,0.0597041060761208,-0.0138595962368223,0.0928857808274693,0.00996514177259879
-0.0150157777175188,0.0442138746239062,0.0315925887504374,0.030901228380834,-0.0641088437285329,0.0597041060761208,0.948523585733722,0.00464182429360805,-0.0392648048161856,-0.000963876035088411
-0.0488519644187303,0.00967822693671484,0.0464849317618647,0.0836523297083038,0.0102600772773145,-0.0138595962368223,0.00464182429360805,1.04813322381035,0.0707409447737198,-0.0356076350570505
0.0595684328930321,-0.021755694261406,0.0138369516551763,-0.0322249162388873,-0.00352511355999023,0.0928857808274693,-0.0392648048161856,0.0707409447737198,1.09204330611358,0.0495500162260045
0.0299425874177233,-0.00350828530417512,-0.00450246304588769,-0.0102845671578059,-0.0333262174330435,0.00996514177259879,-0.000963876035088411,-0.0356076350570505,0.0495500162260045,0.927524557831677
