"V1","V2","V3","V4","V5","V6","V7","V8","V9","V10"
0.908148456470342,0.043204682175814,0.0242298065138091,-0.00975775478550861,-0.0550372203350003,-0.0276178401526735,0.00883149823796867,-0.0167384756188182,0.0392774156049266,0.0158130155613203
0.043204682175814,1.03476375942654,0.00828063150992078,-0.00829439760472241,-0.0300434694033225,0.0191224458259226,-0.016032510796813,0.0181516621724071,0.0235657266051646,0.0325255994088671
0.0242298065138091,0.00828063150992078,1.01410391380487,0.0168084990802083,0.0385608827058442,-0.0469886383809811,0.0989704794938929,-0.0232884560535161,-0.0352346216170997,-0.0609804741216008
-0.00975775478550861,-0.00829439760472241,0.0168084990802083,0.998653641063854,-0.0469226524882567,0.0728966519104397,-0.00907352394612423,0.00381481334369396,-0.042542559151801,0.0266197180371828
-0.0550372203350003,-0.0300434694033225,0.0385608827058442,-0.0469226524882567,0.897588455618072,-0.0386886005089417,-0.0239364401624846,0.0124244460161162,0.00355071844649962,0.0185676121512761
-0.0276178401526735,0.0191224458259226,-0.0469886383809811,0.0728966519104397,-0.0386886005089417,1.06270803515734,0.0268287024565537,-0.00177021355852924,-0.0351448436015854,0.0283707250210986
0.00883149823796867,-0.016032510796813,0.0989704794938929,-0.00907352394612423,-0.0239364401624846,0.0268287024565537,1.03392328240345,-0.0316401787168426,-0.0326563159790946,0.0249148044258119
-0.0167384756188182,0.0181516621724071,-0.0232884560535161,0.00381481334369396,0.0124244460161162,-0.00177021355852924,-0.0316401787168426,0.988693549429704,-0.0129244693437829,-0.048118479005553
0.0392774156049266,0.0235657266051646,-0.0352346216170997,-0.042542559151801,0.00355071844649962,-0.0351448436015854,-0.0326563159790946,-0.0129244693437829,0.969361626569625,0.0714881432411839
0.0158130155613203,0.0325255994088671,-0.0609804741216008,0.0266197180371828,0.0185676121512761,0.0283707250210986,0.0249148044258119,-0.048118479005553,0.0714881432411839,0.997815370155416
