"V1","V2","V3","V4","V5","V6","V7","V8","V9","V10"
0.893604284529435,-0.00813585834123844,-0.00498140964000807,0.00109757817596366,-0.0142885666096117,-0.00512550869121412,-0.0497279383263152,-0.00842359218745408,0.00576687010110959,-0.0219404306481352
-0.00813585834123844,1.00992160686042,-0.0516271069072825,0.00395314789108316,0.0141067842724527,-0.000246076512533691,-0.0373314846242904,-0.00217343242364003,-0.0494017257231924,-0.0189792763569951
-0.00498140964000807,-0.0516271069072825,0.951018697449361,0.0266151199587927,0.00140784356658689,0.0341650888656588,0.00939080058245007,-0.0119686543895183,-0.0137188173696058,-0.0485326928279774
0.00109757817596366,0.00395314789108316,0.0266151199587927,0.968238206958978,-0.0167785134271833,-0.00457727735041992,0.000985267762267569,-0.00504513398543128,-0.0403966268184726,-0.00728780616837561
-0.0142885666096117,0.0141067842724527,0.00140784356658689,-0.0167785134271833,1.02054674372637,-0.0400041999137568,-0.0362725647224478,-0.0364600619774021,-0.0178453803185752,-0.0305228185605394
-0.00512550869121412,-0.000246076512533691,0.0341650888656588,-0.00457727735041992,-0.0400041999137568,1.03060708464368,-0.0497902366420207,0.0314739129466126,0.0314100540636648,-0.00280753723366671
-0.0497279383263152,-0.0373314846242904,0.00939080058245007,0.000985267762267569,-0.0362725647224478,-0.0497902366420207,1.0402842471032,-0.0140139601100383,0.0473006535477366,0.0372013528912073
-0.00842359218745408,-0.00217343242364003,-0.0119686543895183,-0.00504513398543128,-0.0364600619774021,0.0314739129466126,-0.0140139601100383,0.945266498804602,-0.0110308843712254,-0.0330669369030761
0.00576687010110959,-0.0494017257231924,-0.0137188173696058,-0.0403966268184726,-0.0178453803185752,0.0314100540636648,0.0473006535477366,-0.0110308843712254,1.01529405480734,0.043004457016169
-0.0219404306481352,-0.0189792763569951,-0.0485326928279774,-0.00728780616837561,-0.0305228185605394,-0.00280753723366671,0.0372013528912073,-0.0330669369030761,0.043004457016169,0.987963347456679
