"V1","V2","V3","V4","V5","V6","V7","V8","V9","V10"
0.994576927740732,0.0542710065184563,0.00215946109492364,0.0254931429666823,0.00404045454335999,-0.0204653419333671,0.00688143493763614,-0.0068416772813581,-0.0118069233811603,0.00994459019168975
0.0542710065184563,1.04230222852691,-0.0226887026377026,0.0175337805804759,-0.0602565075705164,0.0509467074607486,-0.0134690996836691,-0.0259997663141335,0.045235286638594,0.0741630029162056
0.00215946109492364,-0.0226887026377026,1.13045235817174,0.00754013828569251,0.0341147841719575,-0.026671162541023,-0.0181158289384612,-0.00377866398415129,-0.0158128802605497,0.00339552240932797
0.0254931429666823,0.0175337805804759,0.00754013828569251,0.954755561222058,-0.00648819603467064,0.0584940740009857,0.0457968369966569,-0.0485932452740817,-0.01077820166263,-0.0241216846375647
0.00404045454335999,-0.0602565075705164,0.0341147841719575,-0.00648819603467064,1.00267163300247,0.0134220656863528,0.011133163071595,-0.0186351767460754,-0.0115135789165776,0.000768885448687271
-0.0204653419333671,0.0509467074607486,-0.026671162541023,0.0584940740009857,0.0134220656863528,1.03166539225055,0.0357296155250528,0.0379923595822985,-0.00688859192515958,-0.0137130468338354
0.00688143493763614,-0.0134690996836691,-0.0181158289384612,0.0457968369966569,0.011133163071595,0.0357296155250528,0.95978444574152,-0.0680985066283892,-0.0146805642482378,-0.0680536407443504
-0.0068416772813581,-0.0259997663141335,-0.00377866398415129,-0.0485932452740817,-0.0186351767460754,0.0379923595822985,-0.0680985066283892,0.938289813283623,-0.0185537792024856,0.0602778331882254
-0.0118069233811603,0.045235286638594,-0.0158128802605497,-0.01077820166263,-0.0115135789165776,-0.00688859192515958,-0.0146805642482378,-0.0185537792024856,0.969695088162741,0.0074955865822886
0.00994459019168975,0.0741630029162056,0.00339552240932797,-0.0241216846375647,0.000768885448687271,-0.0137130468338354,-0.0680536407443504,0.0602778331882254,0.0074955865822886,0.945985646519601
