"V1","V2","V3","V4","V5","V6","V7","V8","V9","V10"
1.07933342003805,0.04746395817097,0.0377081114562162,-0.0498766846752558,0.000474170204035492,-0.0837029794159263,0.000131681756282639,-0.0147847772823409,0.0684558053279522,-0.00440783041082478
0.04746395817097,0.930856776011943,0.0198251906325608,-0.0210605280253284,0.0612443272351494,0.0785908273169723,-0.0277932628718027,-0.0308061506592011,0.0207245523231376,-0.0109524993095179
0.0377081114562162,0.0198251906325608,0.937600965628222,-0.0608578709668892,0.00323318732508459,-0.0339904953519147,0.0250307423191123,-0.034103856589855,0.0207788902891074,0.0232602021179534
-0.0498766846752558,-0.0210605280253284,-0.0608578709668892,1.00858446162121,0.016109347142512,0.00167707196664676,-0.0176596071656636,-0.034225440068511,0.011503000466476,0.0498099721075702
0.000474170204035492,0.0612443272351494,0.00323318732508459,0.016109347142512,1.06911995899501,0.0223708281971665,0.0388699314229359,-0.0060152117136007,0.055100111403228,0.00391714635315949
-0.0837029794159263,0.0785908273169723,-0.0339904953519147,0.00167707196664676,0.0223708281971665,1.05721291980756,0.00455409931608732,0.00161503603583187,0.0577926393102866,-0.0453277223061648
0.000131681756282639,-0.0277932628718027,0.0250307423191123,-0.0176596071656636,0.0388699314229359,0.00455409931608732,0.959568823996715,0.017419700643953,-0.0456220120178121,-0.00939019779626945
-0.0147847772823409,-0.0308061506592011,-0.034103856589855,-0.034225440068511,-0.0060152117136007,0.00161503603583187,0.017419700643953,1.0411054584549,0.0150223940868959,-0.021250243530235
0.0684558053279522,0.0207245523231376,0.0207788902891074,0.011503000466476,0.055100111403228,0.0577926393102866,-0.0456220120178121,0.0150223940868959,1.05046668675522,0.00147513507753562
-0.00440783041082478,-0.0109524993095179,0.0232602021179534,0.0498099721075702,0.00391714635315949,-0.0453277223061648,-0.00939019779626945,-0.021250243530235,0.00147513507753562,0.977717474565521
