"V1","V2","V3","V4","V5","V6","V7","V8","V9","V10"
1.01038558352375,-0.0186409355677968,0.00929858833005046,0.0115115362458381,0.0362243265580982,0.0280618188474694,-0.0254311272797859,-0.0188200090045231,-0.01113082623869,0.00124567002163302
-0.0186409355677968,1.02366901861397,0.00640331880129819,0.00422512054589734,0.0685209790358872,0.0375209396917902,0.0534989979453674,-0.0404212965152987,-0.0296286190858229,-0.049377430678503
0.00929858833005046,0.00640331880129819,1.03534902411982,-0.00162969835547419,-0.0215554528178627,-0.0109730048895337,-0.0130988555594801,0.0441047989844163,-0.00393913205692844,0.0309639782463719
0.0115115362458381,0.00422512054589734,-0.00162969835547419,0.984021102935884,-0.0426287854161418,0.0256649554863367,0.0319478337328985,-0.0120126080971033,-0.0132884194617007,-0.0487331422572025
0.0362243265580982,0.0685209790358872,-0.0215554528178627,-0.0426287854161418,0.907820041374892,-0.0329482929469568,0.0268947762049996,0.0271008159531681,-0.0356240106527207,0.000268604040688942
0.0280618188474694,0.0375209396917902,-0.0109730048895337,0.0256649554863367,-0.0329482929469568,0.989977940610656,-0.022914585070136,0.0262873911845552,-0.0214383759335725,-0.00329585707277838
-0.0254311272797859,0.0534989979453674,-0.0130988555594801,0.0319478337328985,0.0268947762049996,-0.022914585070136,0.959991759131342,0.0371549381211497,-0.0714647019616129,-0.0617452149433498
-0.0188200090045231,-0.0404212965152987,0.0441047989844163,-0.0120126080971033,0.0271008159531681,0.0262873911845552,0.0371549381211497,0.983234705338987,-0.0619165245293005,0.00119587655880916
-0.01113082623869,-0.0296286190858229,-0.00393913205692844,-0.0132884194617007,-0.0356240106527207,-0.0214383759335725,-0.0714647019616129,-0.0619165245293005,1.07147202332079,-0.00298778171225096
0.00124567002163302,-0.049377430678503,0.0309639782463719,-0.0487331422572025,0.000268604040688942,-0.00329585707277838,-0.0617452149433498,0.00119587655880916,-0.00298778171225096,0.983343227571145
