"V1","V2","V3","V4","V5","V6","V7","V8","V9","V10"
0.944452163666612,0.00171580740020821,-0.00425994003552523,0.0435784120248122,0.0018741521494134,0.00769800481562137,-0.00832784658373229,-0.0018025139597898,-0.010603865744059,0.0116762679973298
0.00171580740020821,0.953665711947862,-0.00185030021411883,0.0235473180581009,0.0181741049702725,0.00506492910553222,0.015580096751959,-0.00268200258545053,0.0117222902603481,-0.0385916891884494
-0.00425994003552523,-0.00185030021411883,1.00201709895169,0.00905749115901473,-0.00306397322379149,-0.0233724417774828,0.00504075692256736,0.00975528725807026,-0.0312252199465802,-0.0155999551306458
0.0435784120248122,0.0235473180581009,0.00905749115901473,1.07014931502406,0.0504185303533478,0.0702685917073598,-0.0328398613379628,0.0315782545703049,0.0159242142516271,0.0318666616270711
0.0018741521494134,0.0181741049702725,-0.00306397322379149,0.0504185303533478,0.981111938300973,-0.0357756799394589,0.0216722245874492,0.0744364375210156,-0.0423641215822978,0.00862903569074496
0.00769800481562137,0.00506492910553222,-0.0233724417774828,0.0702685917073598,-0.0357756799394589,0.953522587616695,-0.00729930839162085,-0.0562241891835565,0.0161549457087755,0.0295399537264059
-0.00832784658373229,0.015580096751959,0.00504075692256736,-0.0328398613379628,0.0216722245874492,-0.00729930839162085,0.95330240846022,0.0265940881992432,0.0652034859064173,-0.0400528523017634
-0.0018025139597898,-0.00268200258545053,0.00975528725807026,0.0315782545703049,0.0744364375210156,-0.0562241891835565,0.0265940881992432,1.03577156692163,-0.0718032078636617,0.0476074174720133
-0.010603865744059,0.0117222902603481,-0.0312252199465802,0.0159242142516271,-0.0423641215822978,0.0161549457087755,0.0652034859064173,-0.0718032078636617,1.0978067029945,-0.00634249091593187
0.0116762679973298,-0.0385916891884494,-0.0155999551306458,0.0318666616270711,0.00862903569074496,0.0295399537264059,-0.0400528523017634,0.0476074174720133,-0.00634249091593187,1.03591930184585
