"V1","V2","V3","V4","V5","V6","V7","V8","V9","V10"
1.00704600448694,-0.00273701126899631,-0.0023954759384385,0.0405861355858687,0.05234825248291,0.0365615377738944,0.0150131848144197,0.012691728731234,0.0438487464546339,0.0146396494353042
-0.00273701126899631,0.99622272457118,-0.030435344837473,-0.0207454761433044,0.0137142072497665,-0.00779063334039288,0.0617489028251098,-0.00768212689449446,-0.0225917400871833,0.019015943358
-0.0023954759384385,-0.030435344837473,0.946478785420155,0.0265786897445951,0.0595308440569982,-0.0120778219048464,-0.0228715792865231,-0.0135396057581934,-0.00666174032589006,-0.00352123870184141
0.0405861355858687,-0.0207454761433044,0.0265786897445951,0.958553643824883,-0.00439504953493734,0.00264506172016418,0.0158459154826951,-0.0347933636190046,-0.00528105526793789,0.00367174322593396
0.05234825248291,0.0137142072497665,0.0595308440569982,-0.00439504953493734,1.00047691609584,0.0153091289356018,-0.0247098500594324,0.011743084894751,0.0222951566860888,0.0478177782608941
0.0365615377738944,-0.00779063334039288,-0.0120778219048464,0.00264506172016418,0.0153091289356018,0.987864004243134,0.000929806227127919,0.0227997065636812,-0.0247295968427344,0.0147538635364507
0.0150131848144197,0.0617489028251098,-0.0228715792865231,0.0158459154826951,-0.0247098500594324,0.000929806227127919,0.948719076293403,-0.0028437679535025,-0.0432212613101064,-0.0221381644551386
0.012691728731234,-0.00768212689449446,-0.0135396057581934,-0.0347933636190046,0.011743084894751,0.0227997065636812,-0.0028437679535025,0.923148925418461,0.0244833883138917,0.047609437634404
0.0438487464546339,-0.0225917400871833,-0.00666174032589006,-0.00528105526793789,0.0222951566860888,-0.0247295968427344,-0.0432212613101064,0.0244833883138917,1.03213536665573,0.0460602778225138
0.0146396494353042,0.019015943358,-0.00352123870184141,0.00367174322593396,0.0478177782608941,0.0147538635364507,-0.0221381644551386,0.047609437634404,0.0460602778225138,1.06395402805177
