"V1","V2","V3","V4","V5","V6","V7","V8","V9","V10"
0.928454440115836,-0.0205245497766754,-0.057535319101872,-0.0350619948747761,0.0184655224992031,0.000238769852641618,-0.000825062526502756,-0.00732927754638471,0.0300490524844883,-0.0111919373873586
-0.0205245497766754,1.05020172485053,-0.00939074362197258,0.00332775823895531,-0.0257616023299038,0.0398953481314774,0.0923485856598931,-0.0038894540764006,-0.00635846661528958,0.00172798865659499
-0.057535319101872,-0.00939074362197258,1.00725816304119,-0.0263537530933939,0.0199628480361895,0.0247860313663294,0.02320891363606,-0.0189222177674989,-0.0256513006026071,-0.0216828105598925
-0.0350619948747761,0.00332775823895531,-0.0263537530933939,0.999039360185652,0.0458380336101509,0.0292176616512454,0.0431051912689611,0.0099444033701965,0.00739692218292406,0.0333077085731459
0.0184655224992031,-0.0257616023299038,0.0199628480361895,0.0458380336101509,0.977400798988129,-0.0519417637924765,-0.0201203460996815,0.0317983138968315,-0.0220027492586565,0.00718298202608263
0.000238769852641618,0.0398953481314774,0.0247860313663294,0.0292176616512454,-0.0519417637924765,1.04741068258811,0.04978416686839,0.047462295683086,0.0585242477408977,0.0255090519132524
-0.000825062526502756,0.0923485856598931,0.02320891363606,0.0431051912689611,-0.0201203460996815,0.04978416686839,1.07242238480609,-0.0179307828920802,-0.0206879274368319,0.0384010335622964
-0.00732927754638471,-0.0038894540764006,-0.0189222177674989,0.0099444033701965,0.0317983138968315,0.047462295683086,-0.0179307828920802,0.935115330355821,-0.0319556021042036,-0.0231160615299906
0.0300490524844883,-0.00635846661528958,-0.0256513006026071,0.00739692218292406,-0.0220027492586565,0.0585242477408977,-0.0206879274368319,-0.0319556021042036,0.998431364637363,0.0312628201587006
-0.0111919373873586,0.00172798865659499,-0.0216828105598925,0.0333077085731459,0.00718298202608263,0.0255090519132524,0.0384010335622964,-0.0231160615299906,0.0312628201587006,1.00725591030591
