"V1","V2","V3","V4","V5","V6","V7","V8","V9","V10"
0.929441018868777,-0.0219889495372797,-0.0235824707834125,-0.0257118947734625,0.0106999808627544,-0.0143692345725398,0.00529263613712346,0.0104750016758854,-0.0456819611377955,-0.0299492168928064
-0.0219889495372797,1.01267739003393,0.121942895018341,0.0181435357544555,0.0355657870787896,-0.0111555379272682,-0.016132179350157,-0.0743924552836612,0.00212330550097489,-0.0719329778307749
-0.0235824707834125,0.121942895018341,0.997271850614414,-0.00254287859865235,-0.0917324041586731,0.00929827082022894,0.0183766670936704,-0.00951390579413096,-0.0179210816159544,-0.0470132245189497
-0.0257118947734625,0.0181435357544555,-0.00254287859865235,0.959844314642135,0.011771233493255,0.0225285316163802,-0.00840538196683635,-0.0122912281864047,0.0298788953878996,0.0150505544882028
0.0106999808627544,0.0355657870787896,-0.0917324041586731,0.011771233493255,0.989751838909717,0.00177835001902809,-0.0141952027178668,-0.0241749104181751,0.053696044958862,-0.0518730282330005
-0.0143692345725398,-0.0111555379272682,0.00929827082022894,0.0225285316163802,0.00177835001902809,0.995108543485429,0.00557306137051316,-0.016100971669369,0.0373196381543011,-0.0183096053219935
0.00529263613712346,-0.016132179350157,0.0183766670936704,-0.00840538196683635,-0.0141952027178668,0.00557306137051316,0.973891524238594,-0.027064269327393,-0.0556024542022997,0.0355689338150707
0.0104750016758854,-0.0743924552836612,-0.00951390579413096,-0.0122912281864047,-0.0241749104181751,-0.016100971669369,-0.027064269327393,0.986969576414179,-0.0416236256692902,0.0174711595750216
-0.0456819611377955,0.00212330550097489,-0.0179210816159544,0.0298788953878996,0.053696044958862,0.0373196381543011,-0.0556024542022997,-0.0416236256692902,1.02400101405344,-0.0401172721304816
-0.0299492168928064,-0.0719329778307749,-0.0470132245189497,0.0150505544882028,-0.0518730282330005,-0.0183096053219935,0.0355689338150707,0.0174711595750216,-0.0401172721304816,1.02547120172799
