"V1","V2","V3","V4","V5","V6","V7","V8","V9","V10"
1.01506325563276,0.013458649334613,0.018461970868949,0.0148200650395689,0.0394985794544944,-0.0324828910780234,0.0340568437315063,0.0124402331520123,-0.0153799250071012,-0.0581359291480194
0.013458649334613,1.033301781208,0.0260810298685576,0.00218419832105024,0.0323977183572358,-0.0267333551980744,0.0105155412362208,-0.00839965567216695,-0.0442935641196259,-0.00380339275184432
0.018461970868949,0.0260810298685576,1.11197287237954,-0.026967544822504,-0.0352863315275767,-0.0185866207516165,-0.0406547449896631,0.0183664755700867,-0.0686259482144908,0.0129827199706848
0.0148200650395689,0.00218419832105024,-0.026967544822504,0.93441601146224,-0.0302957579485076,-0.0346276606794647,0.0122420005936577,0.0219078670216125,0.0229291819129421,-0.0638532167041783
0.0394985794544944,0.0323977183572358,-0.0352863315275767,-0.0302957579485076,1.05345556187217,0.0286608145923603,-0.0288335046969459,-0.00306240182031977,-0.0121015471997796,-0.0156815271085754
-0.0324828910780234,-0.0267333551980744,-0.0185866207516165,-0.0346276606794647,0.0286608145923603,1.08435442632138,-0.0245804734858814,0.0271877216561815,0.0603879967551562,0.0384330969411069
0.0340568437315063,0.0105155412362208,-0.0406547449896631,0.0122420005936577,-0.0288335046969459,-0.0245804734858814,1.0724107069896,0.0149460069686682,-0.0388591948785085,-0.0736977752535547
0.0124402331520123,-0.00839965567216695,0.0183664755700867,0.0219078670216125,-0.00306240182031977,0.0271877216561815,0.0149460069686682,1.01074336211197,0.0199358936515002,0.0436661421804715
-0.0153799250071012,-0.0442935641196259,-0.0686259482144908,0.0229291819129421,-0.0121015471997796,0.0603879967551562,-0.0388591948785085,0.0199358936515002,1.00413809859256,-0.00763550522865253
-0.0581359291480194,-0.00380339275184432,0.0129827199706848,-0.0638532167041783,-0.0156815271085754,0.0384330969411069,-0.0736977752535547,0.0436661421804715,-0.00763550522865253,0.960900548483397
