"V1","V2","V3","V4","V5","V6","V7","V8","V9","V10"
1.00667648462046,0.0355413266702918,-0.0214415377683783,-0.00495321425226016,0.0242479640683163,0.0272664326387875,-0.0198974070663188,-0.0622924655711394,-0.034195807856945,0.0121850144963224
0.0355413266702918,0.931700567944854,-0.0154682741038709,-0.0413957899113919,-0.00174961107960443,0.0331509909836914,-0.0442304261042956,-0.0475379288108718,0.0248193766469839,-0.0589538765956632
-0.0214415377683783,-0.0154682741038709,0.987075276312143,0.0208798726476822,-0.00112309741921915,0.00982822740322485,0.0327003139244333,-0.00359088801240965,-0.00882456613313483,-0.0171782180950909
-0.00495321425226016,-0.0413957899113919,0.0208798726476822,0.986292431849855,-0.0450859872421724,-0.0711531834386132,0.0426377416585442,0.0447423686794016,0.0284379231337454,-0.0163905257291959
0.0242479640683163,-0.00174961107960443,-0.00112309741921915,-0.0450859872421724,1.0602184792413,-0.0206922466806567,0.0475290783645508,0.010511452414907,-0.0139601616530639,-0.102611167725653
0.0272664326387875,0.0331509909836914,0.00982822740322485,-0.0711531834386132,-0.0206922466806567,0.94862325578021,-0.0197372301635354,-0.029479324378176,-0.0822685108154279,0.013189974281128
-0.0198974070663188,-0.0442304261042956,0.0327003139244333,0.0426377416585442,0.0475290783645508,-0.0197372301635354,1.02174045608692,0.00348668704317407,-0.0121813478592673,0.0288946240303603
-0.0622924655711394,-0.0475379288108718,-0.00359088801240965,0.0447423686794016,0.010511452414907,-0.029479324378176,0.00348668704317407,1.00976032568095,0.0274872856479336,-0.0161512707831803
-0.034195807856945,0.0248193766469839,-0.00882456613313483,0.0284379231337454,-0.0139601616530639,-0.0822685108154279,-0.0121813478592673,0.0274872856479336,1.02730937106882,-0.00553494466946656
0.0121850144963224,-0.0589538765956632,-0.0171782180950909,-0.0163905257291959,-0.102611167725653,0.013189974281128,0.0288946240303603,-0.0161512707831803,-0.00553494466946656,0.950323996756541
