"V1","V2","V3","V4","V5","V6","V7","V8","V9","V10"
1.01551784088862,0.00218711834934884,-0.0510409301010389,0.0257513014930606,-0.0312423491836797,0.0103309110383266,-0.00356716677066881,0.00344456836207814,-0.0244791442329479,0.0580936951608882
0.00218711834934884,1.11197017578766,-0.0173931110511906,-0.0411080386200867,0.0276121151159058,-0.0195183835068318,-0.00689121099928719,0.0366767053407032,-0.0578074552313012,0.00124355801249978
-0.0510409301010389,-0.0173931110511906,0.987818244585503,-0.00192234509239592,-0.0192275553968873,-0.0562799666697587,-9.56161621438286e-05,-0.00986279157889974,-0.0760995197622498,0.00249290702776344
0.0257513014930606,-0.0411080386200867,-0.00192234509239592,1.02766912188654,0.00462844780544616,-0.0380428245303226,0.0193773572167517,-0.0490217875652801,-0.0257899575586385,-0.0313419846565607
-0.0312423491836797,0.0276121151159058,-0.0192275553968873,0.00462844780544616,1.1214577506811,-0.0217422291632161,0.00651450381751017,-0.045663268024525,-0.00882614435836697,0.0246416316448113
0.0103309110383266,-0.0195183835068318,-0.0562799666697587,-0.0380428245303226,-0.0217422291632161,0.981130105535109,-0.0841484198682932,0.0132170060505413,0.0201689816007019,-0.00785374145171518
-0.00356716677066881,-0.00689121099928719,-9.56161621438286e-05,0.0193773572167517,0.00651450381751017,-0.0841484198682932,1.01020833941567,0.0066841420716672,-0.0404168041811015,0.0342671208245485
0.00344456836207814,0.0366767053407032,-0.00986279157889974,-0.0490217875652801,-0.045663268024525,0.0132170060505413,0.0066841420716672,0.997869292098128,0.0377829706730352,0.000653015511202846
-0.0244791442329479,-0.0578074552313012,-0.0760995197622498,-0.0257899575586385,-0.00882614435836697,0.0201689816007019,-0.0404168041811015,0.0377829706730352,1.02540282678048,0.0308640029868243
0.0580936951608882,0.00124355801249978,0.00249290702776344,-0.0313419846565607,0.0246416316448113,-0.00785374145171518,0.0342671208245485,0.000653015511202846,0.0308640029868243,0.990912966438933
