"V1","V2","V3","V4","V5","V6","V7","V8","V9","V10"
0.956508657032644,0.0602834179529694,0.00481869204215482,0.00938560016361365,-0.0601813456358523,0.0120268201100781,-0.0555670301515839,0.0345403295175651,0.0543064580753883,0.051328444277444
0.0602834179529694,0.991508273680856,0.0523048316586449,0.0248214383487057,-0.0104059544940106,-0.0229600718857689,0.0208426379160355,-0.0192643816039495,-0.0279858487513447,-0.0260431614934411
0.00481869204215482,0.0523048316586449,0.961533617358305,0.00815425997203088,-0.0209577536437801,0.0164411426405977,-0.0239961510244212,-0.0414425855062597,-0.0246992140041335,0.0287557001778876
0.00938560016361365,0.0248214383487057,0.00815425997203088,1.01220400108789,-0.0292003118051321,0.0464687815029118,0.00829321219631879,0.067937626220877,0.00487822324191385,-0.0108793643953521
-0.0601813456358523,-0.0104059544940106,-0.0209577536437801,-0.0292003118051321,0.956078296441045,0.00826669531657922,-0.00849734914207686,-0.00278037100847424,0.00687276943465035,0.0182805759323128
0.0120268201100781,-0.0229600718857689,0.0164411426405977,0.0464687815029118,0.00826669531657922,1.04745910280579,0.00454739488335218,-0.0122346976126181,-0.0273829266492129,-0.00387113311625152
-0.0555670301515839,0.0208426379160355,-0.0239961510244212,0.00829321219631879,-0.00849734914207686,0.00454739488335218,1.06666888128489,-0.0283431010821356,0.0165648300328952,-0.0940223558651773
0.0345403295175651,-0.0192643816039495,-0.0414425855062597,0.067937626220877,-0.00278037100847424,-0.0122346976126181,-0.0283431010821356,0.961531268196696,0.0434333039107279,0.00369292117876617
0.0543064580753883,-0.0279858487513447,-0.0246992140041335,0.00487822324191385,0.00687276943465035,-0.0273829266492129,0.0165648300328952,0.0434333039107279,1.06204418465158,0.0062612185738875
0.051328444277444,-0.0260431614934411,0.0287557001778876,-0.0108793643953521,0.0182805759323128,-0.00387113311625152,-0.0940223558651773,0.00369292117876617,0.0062612185738875,0.995865120787602
