"V1","V2","V3","V4","V5","V6","V7","V8","V9","V10"
0.979378094960868,0.0391258608300137,-0.0375266747305584,0.0337824080964189,-0.035121895784492,0.0199341182977838,-0.00371745033697094,-0.0501881230434424,-0.00615184900108132,0.0114820620777366
0.0391258608300137,0.999473676839433,0.0191181281860997,0.0233256319399695,-0.0132961877443426,-0.0453161145164297,-0.0341235993567522,-0.00565489864239194,-0.0102992421365947,-0.00137468768665478
-0.0375266747305584,0.0191181281860997,0.994172764851388,-0.0293948810695379,0.0179723414124145,-0.00831778064056765,0.0288734291799316,-0.0165704109118918,-7.57959484076416e-06,-0.0202109130225142
0.0337824080964189,0.0233256319399695,-0.0293948810695379,0.94396050370255,-0.0451997098221029,0.0271114293021592,0.00391069137652776,-0.0451393416766381,0.0500519929355991,0.0621378102869959
-0.035121895784492,-0.0132961877443426,0.0179723414124145,-0.0451997098221029,0.971411909802743,-0.00292847709828416,-0.0442696451615949,-0.00203617340532324,0.00546581063403677,-0.0846715440544056
0.0199341182977838,-0.0453161145164297,-0.00831778064056765,0.0271114293021592,-0.00292847709828416,1.05125979185728,0.0300828168830748,0.011548449800481,0.00530715153428799,0.0142985484663566
-0.00371745033697094,-0.0341235993567522,0.0288734291799316,0.00391069137652776,-0.0442696451615949,0.0300828168830748,0.998828354249931,-0.0177195186112666,0.00391802911769527,-0.0462695642541397
-0.0501881230434424,-0.00565489864239194,-0.0165704109118918,-0.0451393416766381,-0.00203617340532324,0.011548449800481,-0.0177195186112666,0.95807057865008,-0.0475182530422907,-0.0227732506552349
-0.00615184900108132,-0.0102992421365947,-7.57959484076416e-06,0.0500519929355991,0.00546581063403677,0.00530715153428799,0.00391802911769527,-0.0475182530422907,0.993714408269319,0.0488697416613564
0.0114820620777366,-0.00137468768665478,-0.0202109130225142,0.0621378102869959,-0.0846715440544056,0.0142985484663566,-0.0462695642541397,-0.0227732506552349,0.0488697416613564,1.01869161103579
