"V1","V2","V3","V4","V5","V6","V7","V8","V9","V10"
0.941137346409418,-0.0413723304751667,0.00259914230891295,-0.0147845900213027,0.00161911024745038,0.0317162718264549,-0.0226122362460126,0.0326235970938677,0.0092080709142713,0.00755477646837231
-0.0413723304751667,0.981893793739312,0.004147203896516,-0.00172468472108869,0.0100726247928142,0.049660453552479,0.0319088173045209,-0.0488427241644857,0.0251536951003105,0.0419435061227655
0.00259914230891295,0.004147203896516,1.0376677021281,-0.0531809542697547,0.0485815147800897,-0.0170555804002666,-0.0304541341407357,-0.0175012983191693,0.00385923222086033,-0.000460686721544677
-0.0147845900213027,-0.00172468472108869,-0.0531809542697547,0.953114661513696,0.0103309763623369,-0.0275917521333601,-0.00690270586385655,-0.02866719603185,0.0318025694618987,0.0299454680665406
0.00161911024745038,0.0100726247928142,0.0485815147800897,0.0103309763623369,0.997505847160353,0.0201603372836119,0.0247476750946122,0.0544190716902675,-0.0371135410188907,-0.00573577943037099
0.0317162718264549,0.049660453552479,-0.0170555804002666,-0.0275917521333601,0.0201603372836119,1.05134997636998,-0.00923614948223404,0.0571478666435034,0.0180189072226097,0.031635791776859
-0.0226122362460126,0.0319088173045209,-0.0304541341407357,-0.00690270586385655,0.0247476750946122,-0.00923614948223404,0.969225839899991,-0.013545723740678,0.0342757375974148,-0.0194245966183158
0.0326235970938677,-0.0488427241644857,-0.0175012983191693,-0.02866719603185,0.0544190716902675,0.0571478666435034,-0.013545723740678,1.02752285385501,0.00542908537226462,0.0349419813111988
0.0092080709142713,0.0251536951003105,0.00385923222086033,0.0318025694618987,-0.0371135410188907,0.0180189072226097,0.0342757375974148,0.00542908537226462,1.0131634483655,-0.0088145114727472
0.00755477646837231,0.0419435061227655,-0.000460686721544677,0.0299454680665406,-0.00573577943037099,0.031635791776859,-0.0194245966183158,0.0349419813111988,-0.0088145114727472,1.05214948246033
