"V1","V2","V3","V4","V5","V6","V7","V8","V9","V10"
1.0046263448857,-0.00256004866841628,-0.0149479197101366,0.0172866877313927,-0.069733810915124,0.0294881251925279,0.0284935761489141,-0.0891319731629843,0.029603909996123,0.011210716192917
-0.00256004866841628,1.00971147181045,0.00394938498705297,-0.0403664722984811,-0.0137252848190679,0.0423339678971813,-0.0329569776993941,-0.00274163726010197,-0.0306311387327017,-0.0230563710895603
-0.0149479197101366,0.00394938498705297,0.935884595385463,-0.0037479017982341,-0.0211559461489141,-0.00463501051870552,0.00161151377618847,0.0271247621731355,-0.0246169682021161,-0.0167015621017794
0.0172866877313927,-0.0403664722984811,-0.0037479017982341,1.0038537710205,0.0226889799801805,0.0386039312867015,-0.00643523389667275,0.00523310871012927,0.00892831876628508,0.0585044572000721
-0.069733810915124,-0.0137252848190679,-0.0211559461489141,0.0226889799801805,1.02346886659752,-0.0152101127804504,-0.0071420056376385,-0.050236614881382,-0.0647742149973765,0.117873094356115
0.0294881251925279,0.0423339678971813,-0.00463501051870552,0.0386039312867015,-0.0152101127804504,1.00967248799799,0.00800936731973712,0.0814273272856154,0.0397568495257003,-0.00685748815000756
0.0284935761489141,-0.0329569776993941,0.00161151377618847,-0.00643523389667275,-0.0071420056376385,0.00800936731973712,1.04059701617567,-0.0456733131756821,0.0123900831634926,0.0091836002765779
-0.0891319731629843,-0.00274163726010197,0.0271247621731355,0.00523310871012927,-0.050236614881382,0.0814273272856154,-0.0456733131756821,1.04883642899533,-0.0332114386794093,0.00164606359167876
0.029603909996123,-0.0306311387327017,-0.0246169682021161,0.00892831876628508,-0.0647742149973765,0.0397568495257003,0.0123900831634926,-0.0332114386794093,0.922331348747101,-0.0265109632737298
0.011210716192917,-0.0230563710895603,-0.0167015621017794,0.0585044572000721,0.117873094356115,-0.00685748815000756,0.0091836002765779,0.00164606359167876,-0.0265109632737298,0.953376399537247
