"V1","V2","V3","V4","V5","V6","V7","V8","V9","V10"
0.990773539784213,0.0156320881440084,0.0194845301066283,-0.0451804158943809,0.0355232500957267,-0.00642143083080794,0.0559537149686827,0.0160975298555119,0.050598717088247,0.0548492788995029
0.0156320881440084,0.914595258462645,0.0298361012080398,-0.019150115191229,-0.0063140691664146,-0.010135384138501,0.0194789475561197,-0.0135857475518728,0.0143450721356811,-0.0337772262130905
0.0194845301066283,0.0298361012080398,0.954780523588903,0.0398917986528048,-0.0407847919569071,-0.00175572687359157,0.024509351288816,-0.0129168103951709,0.0426585250020302,-0.0126448454338323
-0.0451804158943809,-0.019150115191229,0.0398917986528048,0.985127697275139,-0.0266145111945795,-0.0517155241316687,0.0440497646953286,-0.0201808302434768,-0.0123021537033822,0.0568423918990824
0.0355232500957267,-0.0063140691664146,-0.0407847919569071,-0.0266145111945795,0.938655235509509,0.0251362047066688,-0.053619859546354,0.0285987122870726,-0.0307226738677801,0.0264774704966331
-0.00642143083080794,-0.010135384138501,-0.00175572687359157,-0.0517155241316687,0.0251362047066688,0.945564839872755,-0.0171131438026223,0.0323742812260345,0.00200356800040343,0.035748153273646
0.0559537149686827,0.0194789475561197,0.024509351288816,0.0440497646953286,-0.053619859546354,-0.0171131438026223,0.936310474623252,0.0330769301874158,0.0144370555639208,-0.0131675805284258
0.0160975298555119,-0.0135857475518728,-0.0129168103951709,-0.0201808302434768,0.0285987122870726,0.0323742812260345,0.0330769301874158,0.977004794755031,-0.000222503819673969,-0.0299351821188453
0.050598717088247,0.0143450721356811,0.0426585250020302,-0.0123021537033822,-0.0307226738677801,0.00200356800040343,0.0144370555639208,-0.000222503819673969,0.958510893631647,-0.00164932161005077
0.0548492788995029,-0.0337772262130905,-0.0126448454338323,0.0568423918990824,0.0264774704966331,0.035748153273646,-0.0131675805284258,-0.0299351821188453,-0.00164932161005077,0.93692731733107
