"V1","V2","V3","V4","V5","V6","V7","V8","V9","V10"
1.10027841827544,-0.034611386364771,0.0243754188988013,0.0394674652507304,-0.036831239946036,-0.0064697709145084,-0.0203918954540558,-0.0155593974930517,0.0383549732714689,-0.0126664541713202
-0.034611386364771,0.997751537704144,-0.0386804458268752,-0.0109475235792406,-0.0136287383445155,0.0374966193179636,0.0153930462684647,-0.0271954596551253,0.0598524994660776,-0.0622052478565398
0.0243754188988013,-0.0386804458268752,0.91302516433412,0.00223081768439154,0.0108046541821216,0.0193171543747869,-0.027524470502707,-0.0530351642625818,-0.00242059778579734,0.00974421285682122
0.0394674652507304,-0.0109475235792406,0.00223081768439154,1.01632128933038,0.00912587598196015,0.0122689914678656,0.0594271719250144,-0.056188598662081,0.0626495510806937,-0.020143926608039
-0.036831239946036,-0.0136287383445155,0.0108046541821216,0.00912587598196015,1.01209856365673,0.0280153766146929,-0.0389116257101414,-0.0182607126580138,-0.0441834684459057,-0.0528717506254348
-0.0064697709145084,0.0374966193179636,0.0193171543747869,0.0122689914678656,0.0280153766146929,0.939382815348005,0.0209965947388038,0.0606667369650869,-0.0298636895087337,-0.0233252684798447
-0.0203918954540558,0.0153930462684647,-0.027524470502707,0.0594271719250144,-0.0389116257101414,0.0209965947388038,1.11078271805966,0.0126039323233556,0.0138596623871859,0.0375041521173156
-0.0155593974930517,-0.0271954596551253,-0.0530351642625818,-0.056188598662081,-0.0182607126580138,0.0606667369650869,0.0126039323233556,0.992136587711891,-0.0178183518658846,-0.0382927240538969
0.0383549732714689,0.0598524994660776,-0.00242059778579734,0.0626495510806937,-0.0441834684459057,-0.0298636895087337,0.0138596623871859,-0.0178183518658846,0.976450977145781,0.0339049830292543
-0.0126664541713202,-0.0622052478565398,0.00974421285682122,-0.020143926608039,-0.0528717506254348,-0.0233252684798447,0.0375041521173156,-0.0382927240538969,0.0339049830292543,1.07571687387523
