"V1","V2","V3","V4","V5","V6","V7","V8","V9","V10"
0.976197216319637,0.00933336032413134,-0.0265450429118001,0.0153312545254051,-0.0340067738769212,-0.0360055220209222,0.0354601411208949,-0.039626863272837,-0.0263517669713377,-0.00673327769798838
0.00933336032413134,0.995842262728872,0.00461918124412107,-0.0379662917381559,-0.0130611997372273,0.00806769276896526,-0.0117177271578498,-0.00979222793612673,-0.0399415301202229,0.0149533715357032
-0.0265450429118001,0.00461918124412107,1.03149446743037,0.00302674546048482,-0.0334939446171189,0.0119895931392327,-0.00392717729139818,-0.000705512117741643,0.0410332506912692,-0.0205974894244977
0.0153312545254051,-0.0379662917381559,0.00302674546048482,1.11617485302966,-0.0193715577975638,0.058116149351945,-0.0310768286802317,-0.00657354805090229,-0.0449179956802375,-0.0342980321792636
-0.0340067738769212,-0.0130611997372273,-0.0334939446171189,-0.0193715577975638,0.938208678516672,0.0700394809509853,-0.022054645238972,-0.0123785648183503,-0.00334654186314567,-0.0105094307416964
-0.0360055220209222,0.00806769276896526,0.0119895931392327,0.058116149351945,0.0700394809509853,1.01308272062991,-0.00955337459729681,-0.035600679209845,-0.0355086365289587,-0.0391184506818771
0.0354601411208949,-0.0117177271578498,-0.00392717729139818,-0.0310768286802317,-0.022054645238972,-0.00955337459729681,0.926831726290795,-0.00210389275352456,0.0134500180744907,-0.0205890094339365
-0.039626863272837,-0.00979222793612673,-0.000705512117741643,-0.00657354805090229,-0.0123785648183503,-0.035600679209845,-0.00210389275352456,1.00413377581182,-0.0113337515329984,0.013987157719268
-0.0263517669713377,-0.0399415301202229,0.0410332506912692,-0.0449179956802375,-0.00334654186314567,-0.0355086365289587,0.0134500180744907,-0.0113337515329984,1.01036237875784,0.00418587968554759
-0.00673327769798838,0.0149533715357032,-0.0205974894244977,-0.0342980321792636,-0.0105094307416964,-0.0391184506818771,-0.0205890094339365,0.013987157719268,0.00418587968554759,0.934858679775257
