"V1","V2","V3","V4","V5","V6","V7","V8","V9","V10"
1.03536686455389,0.0120236490742638,-0.00174066491207188,0.0128911339902019,-0.0113388871964239,-0.0352696144514897,-0.037871513968021,-0.0267523951593871,-0.0156941563689318,0.0481252614857779
0.0120236490742638,0.982616672906706,0.0307334949032594,-0.00427388950223481,0.017624398460733,-0.0254808042798152,0.0100933452589414,-0.0528924635591911,-0.0170845859337913,0.0313269085354067
-0.00174066491207188,0.0307334949032594,1.01239907373091,-0.0321927462881244,0.0090296350777895,0.00580868448732984,-0.0267856217550284,0.0182617041569772,0.0346426398474237,-0.0508030970533236
0.0128911339902019,-0.00427388950223481,-0.0321927462881244,1.09518145194321,0.0128427089101584,0.0710188069137073,-0.0428051768305038,0.00799216910451821,0.00616423919541504,0.0122837841482167
-0.0113388871964239,0.017624398460733,0.0090296350777895,0.0128427089101584,0.94669515405245,0.0115946134643837,0.0197943411102194,-0.00649026822166375,-0.0357565561713488,0.0824119045218405
-0.0352696144514897,-0.0254808042798152,0.00580868448732984,0.0710188069137073,0.0115946134643837,1.04410683478841,-0.00361394669636371,0.0295702908560792,0.00175708567865406,0.00361575389980424
-0.037871513968021,0.0100933452589414,-0.0267856217550284,-0.0428051768305038,0.0197943411102194,-0.00361394669636371,0.961756667139653,0.0285456357969535,-0.015057398632637,0.0145096934423619
-0.0267523951593871,-0.0528924635591911,0.0182617041569772,0.00799216910451821,-0.00649026822166375,0.0295702908560792,0.0285456357969535,1.08883907165848,0.0624296899966242,-0.0442600550466375
-0.0156941563689318,-0.0170845859337913,0.0346426398474237,0.00616423919541504,-0.0357565561713488,0.00175708567865406,-0.015057398632637,0.0624296899966242,0.99228540943613,-0.0172733603414649
0.0481252614857779,0.0313269085354067,-0.0508030970533236,0.0122837841482167,0.0824119045218405,0.00361575389980424,0.0145096934423619,-0.0442600550466375,-0.0172733603414649,1.01588545043591
