"V1","V2","V3","V4","V5","V6","V7","V8","V9","V10"
0.989720242390794,-0.0711207168627147,-0.0379790041551834,0.0343097836131351,-0.00676627381834477,0.0439829698272065,0.0453284934999636,-0.0139630271996528,0.0494849141783892,0.0253512819231582
-0.0711207168627147,0.989428444063231,-0.00894112488956579,-0.0580433046167428,0.0106716716603372,-0.00219623440285717,0.0222888478985995,0.0244775297915687,0.00970436546003309,0.0366765532402208
-0.0379790041551834,-0.00894112488956579,0.939534619420638,0.0530731377369059,0.0149187373888882,0.0336956318527967,-0.0153788676263485,0.0170161296145874,-0.0172214431148953,-0.00595396619889795
0.0343097836131351,-0.0580433046167428,0.0530731377369059,0.974180294970804,-0.035651879654118,0.0154291702836399,0.0573200085188238,0.0358262079245877,0.0149615467085,0.0150658179113976
-0.00676627381834477,0.0106716716603372,0.0149187373888882,-0.035651879654118,1.03396352086173,0.0360968240027343,-0.00272842943216997,-0.0443477794724529,-0.0313428495949536,0.034799580211194
0.0439829698272065,-0.00219623440285717,0.0336956318527967,0.0154291702836399,0.0360968240027343,0.976381752761913,0.0219302169537841,0.0118019151914545,0.0136324164178721,-0.0718954676189774
0.0453284934999636,0.0222888478985995,-0.0153788676263485,0.0573200085188238,-0.00272842943216997,0.0219302169537841,1.00411955174173,0.0357496302574027,-0.049825319369534,0.0793141149817028
-0.0139630271996528,0.0244775297915687,0.0170161296145874,0.0358262079245877,-0.0443477794724529,0.0118019151914545,0.0357496302574027,1.08057076271975,0.0153960006802547,0.00865535259067925
0.0494849141783892,0.00970436546003309,-0.0172214431148953,0.0149615467085,-0.0313428495949536,0.0136324164178721,-0.049825319369534,0.0153960006802547,1.02085416620074,0.0269040556067815
0.0253512819231582,0.0366765532402208,-0.00595396619889795,0.0150658179113976,0.034799580211194,-0.0718954676189774,0.0793141149817028,0.00865535259067925,0.0269040556067815,0.961238217600859
