"V1","V2","V3","V4","V5","V6","V7","V8","V9","V10"
1.04492196686491,-0.033253530983192,0.0326607787978731,-0.0288318057995319,0.0521834652372615,0.0417381162124587,-0.00407224594568826,-0.00739239983047749,0.0103801977544605,0.0264006227013977
-0.033253530983192,1.0379029410175,-0.0110979391257038,-0.00275386612478763,-0.0596092634558149,-0.00546746251084496,0.04851729766698,0.0719470314307056,0.0490987909008557,-0.030183301416488
0.0326607787978731,-0.0110979391257038,1.04289330925292,-0.000208894970408617,-0.0108358276475806,0.0174383815185184,-0.0340215788534425,0.0472390337001665,0.0331900542057802,-0.0029740390768598
-0.0288318057995319,-0.00275386612478763,-0.000208894970408617,0.969337277782723,0.0351790184489933,-0.0252644868956348,-0.0371573315300695,0.0286451263973722,-0.0173910531239808,0.0483212676771858
0.0521834652372615,-0.0596092634558149,-0.0108358276475806,0.0351790184489933,1.01427287992619,-0.0575616922296255,-0.0173926373592454,-0.0354666224667087,-0.0266435233834185,-0.0347165261507547
0.0417381162124587,-0.00546746251084496,0.0174383815185184,-0.0252644868956348,-0.0575616922296255,0.924495948765046,-0.0398979531116805,-0.00551298896229239,-0.0165052856737142,0.0131410030300853
-0.00407224594568826,0.04851729766698,-0.0340215788534425,-0.0371573315300695,-0.0173926373592454,-0.0398979531116805,0.967316270680737,0.0260447053247819,-0.00252289249582317,-0.079571103844426
-0.00739239983047749,0.0719470314307056,0.0472390337001665,0.0286451263973722,-0.0354666224667087,-0.00551298896229239,0.0260447053247819,1.00371632504397,0.0507969510606561,0.0472724282877255
0.0103801977544605,0.0490987909008557,0.0331900542057802,-0.0173910531239808,-0.0266435233834185,-0.0165052856737142,-0.00252289249582317,0.0507969510606561,1.06339910395798,-0.0112696270126726
0.0264006227013977,-0.030183301416488,-0.0029740390768598,0.0483212676771858,-0.0347165261507547,0.0131410030300853,-0.079571103844426,0.0472724282877255,-0.0112696270126726,0.957444085950334
