"V1","V2","V3","V4","V5","V6","V7","V8","V9","V10"
0.959465021625337,0.0374766233552126,-0.0403176124820706,-0.005805035028348,0.0423190449438584,-0.0049729041445494,0.0442192185369034,-0.00342000520810801,0.00402959630007749,0.0594068442376358
0.0374766233552126,1.03449340214521,0.021291833227046,0.00651225632251928,-0.0506707969123017,0.0404834810433571,-0.0157194103055212,-0.0449064286718981,0.0209409672625673,-0.0492387894422231
-0.0403176124820706,0.021291833227046,1.05641670641747,-0.0380244474783376,0.00203785317824206,0.0112318347681921,-0.0348454991407822,0.00617652428508646,-0.0318258536024334,0.0123214336853681
-0.005805035028348,0.00651225632251928,-0.0380244474783376,0.90275594505983,-0.0202188231492554,0.0113030419074676,0.0155960206979265,0.0215990195390049,-0.0216019282145102,0.0635212987146007
0.0423190449438584,-0.0506707969123017,0.00203785317824206,-0.0202188231492554,1.01948623284912,-0.0346199581575785,-0.00366379920896165,-0.0293388748141118,0.00839999439820664,-0.0133042223265783
-0.0049729041445494,0.0404834810433571,0.0112318347681921,0.0113030419074676,-0.0346199581575785,0.932051522735947,-0.0720426159012651,-0.0346880811492934,0.0431779371652036,-0.00725686222373874
0.0442192185369034,-0.0157194103055212,-0.0348454991407822,0.0155960206979265,-0.00366379920896165,-0.0720426159012651,1.01450989893754,-0.00512818706332151,0.00458391612254214,-0.0125523674672897
-0.00342000520810801,-0.0449064286718981,0.00617652428508646,0.0215990195390049,-0.0293388748141118,-0.0346880811492934,-0.00512818706332151,1.0172143276968,-0.0664286144768816,0.0179358193268694
0.00402959630007749,0.0209409672625673,-0.0318258536024334,-0.0216019282145102,0.00839999439820664,0.0431779371652036,0.00458391612254214,-0.0664286144768816,1.02243033899725,0.000867446281349861
0.0594068442376358,-0.0492387894422231,0.0123214336853681,0.0635212987146007,-0.0133042223265783,-0.00725686222373874,-0.0125523674672897,0.0179358193268694,0.000867446281349861,0.961811371945659
