"V1","V2","V3","V4","V5","V6","V7","V8","V9","V10"
1.03403558689232,0.0129130632750581,-0.0395577338782175,-0.0233963468670026,-0.0292216901661424,-0.0417673979713233,0.00838562473323414,-0.0261864133795172,-0.0376469728523886,-0.0241562586346149
0.0129130632750581,1.02312492211423,0.00737527732535702,0.0192233871123358,0.0694531376424593,-0.0530202429048202,-0.00376989022114257,-0.0244896535746828,-0.0451736851564021,-0.0620307265917321
-0.0395577338782175,0.00737527732535702,0.964274610697077,0.0467562616893843,-0.00225954783254046,-0.0377481867346892,-0.0462149222498506,0.0192794096425398,0.00944541914532365,0.0485348936328919
-0.0233963468670026,0.0192233871123358,0.0467562616893843,0.980546222222211,0.0436121048343121,0.0131773107085587,0.0533810134824819,0.0493125132630886,-0.0212860255932612,-0.0804253309603591
-0.0292216901661424,0.0694531376424593,-0.00225954783254046,0.0436121048343121,0.962670873016575,0.0452917178906986,-0.00742745630898722,0.0687904722771575,0.0241128557198663,-0.0261294611426944
-0.0417673979713233,-0.0530202429048202,-0.0377481867346892,0.0131773107085587,0.0452917178906986,0.920742253170091,-0.0513678601117051,-0.0172274890664276,0.00528804259814172,-0.0362659218715234
0.00838562473323414,-0.00376989022114257,-0.0462149222498506,0.0533810134824819,-0.00742745630898722,-0.0513678601117051,0.964845584222889,0.00592816960398257,-0.00758081580805996,-0.0429890661442273
-0.0261864133795172,-0.0244896535746828,0.0192794096425398,0.0493125132630886,0.0687904722771575,-0.0172274890664276,0.00592816960398257,1.02596003518794,-0.0394009565622831,0.040633528901221
-0.0376469728523886,-0.0451736851564021,0.00944541914532365,-0.0212860255932612,0.0241128557198663,0.00528804259814172,-0.00758081580805996,-0.0394009565622831,1.01121896838797,-0.00671426855312566
-0.0241562586346149,-0.0620307265917321,0.0485348936328919,-0.0804253309603591,-0.0261294611426944,-0.0362659218715234,-0.0429890661442273,0.040633528901221,-0.00671426855312566,1.00756778786905
