"V1","V2","V3","V4","V5","V6","V7","V8","V9","V10"
1.01038630400045,0.0294932530865589,-0.0237992613334556,0.00492595084711997,0.0489067144123348,-0.0506194100411576,0.108737065746426,-0.0360102493039483,0.0187355638149741,-0.0337969820749951
0.0294932530865589,1.01977744522812,-0.0183624006300693,0.00975344256647637,0.0319461935472408,0.0399857475366315,-0.0473835875116983,-0.0388843045592091,-0.0210804106399182,-0.0112137791313444
-0.0237992613334556,-0.0183624006300693,1.00428402698659,0.00824123282302281,0.00782499711281203,0.0585110748626076,0.0150742839957116,0.0269914492092459,0.0313843601706548,0.0166277070908476
0.00492595084711997,0.00975344256647637,0.00824123282302281,1.00258454607878,-0.0239160770707558,0.0560489657885815,-0.0331471240582773,-0.0131846970083269,-0.0353381931341165,-0.00998045532749119
0.0489067144123348,0.0319461935472408,0.00782499711281203,-0.0239160770707558,1.02107167413305,-0.0464456580485088,-0.0410364957363803,-0.00694705057969504,-0.0540000683914502,0.0119735574337708
-0.0506194100411576,0.0399857475366315,0.0585110748626076,0.0560489657885815,-0.0464456580485088,1.02730958675848,-0.0184273578334582,0.0200345200810371,0.00907420039413384,-0.0176832821272123
0.108737065746426,-0.0473835875116983,0.0150742839957116,-0.0331471240582773,-0.0410364957363803,-0.0184273578334582,0.924222742281646,-0.0119778609459401,0.0535867208680733,0.00952870186606453
-0.0360102493039483,-0.0388843045592091,0.0269914492092459,-0.0131846970083269,-0.00694705057969504,0.0200345200810371,-0.0119778609459401,1.04683851753353,-0.0200839418707774,-0.000917383065208811
0.0187355638149741,-0.0210804106399182,0.0313843601706548,-0.0353381931341165,-0.0540000683914502,0.00907420039413384,0.0535867208680733,-0.0200839418707774,1.00165042253761,0.0231468505981496
-0.0337969820749951,-0.0112137791313444,0.0166277070908476,-0.00998045532749119,0.0119735574337708,-0.0176832821272123,0.00952870186606453,-0.000917383065208811,0.0231468505981496,1.03073859706522
