"V1","V2","V3","V4","V5","V6","V7","V8","V9","V10"
1.02136234658073,0.0139110262826901,0.0378782989005807,-0.0155684183732941,0.0198155715358095,-0.0282673520660272,-0.0151356596336156,-0.0300511617356148,-0.0205108198547943,0.0287585955293848
0.0139110262826901,1.01339558647291,-0.0365630859281378,-0.00240147537607067,0.049403758067125,-0.019035121450432,-0.011021515754057,0.00861632709057257,-0.0098323544722734,-0.0328476479530576
0.0378782989005807,-0.0365630859281378,0.975511704592532,-0.0323755574267509,-0.0168584739693414,-0.0396511600363163,0.0287112902054798,0.0148565749242146,0.0252847916685641,0.0212333995070657
-0.0155684183732941,-0.00240147537607067,-0.0323755574267509,0.958817351713412,-0.0541767489646543,0.00772689217594972,-0.0129590932003938,0.0258719885375357,0.0461593603115636,0.0287582978665267
0.0198155715358095,0.049403758067125,-0.0168584739693414,-0.0541767489646543,1.01467609456961,-0.00992469153858654,-0.0266311269476817,-0.0397142873942999,-0.0563216925917717,-0.00960695775424531
-0.0282673520660272,-0.019035121450432,-0.0396511600363163,0.00772689217594972,-0.00992469153858654,1.04269075797681,-0.00845341730773171,-0.018232339457907,-0.0635462559290249,0.0659500834352806
-0.0151356596336156,-0.011021515754057,0.0287112902054798,-0.0129590932003938,-0.0266311269476817,-0.00845341730773171,0.977397113044462,-0.0139220981941656,0.0274618175219887,0.00754355454781434
-0.0300511617356148,0.00861632709057257,0.0148565749242146,0.0258719885375357,-0.0397142873942999,-0.018232339457907,-0.0139220981941656,1.02897576162767,0.0175791332091883,-0.027274069694319
-0.0205108198547943,-0.0098323544722734,0.0252847916685641,0.0461593603115636,-0.0563216925917717,-0.0635462559290249,0.0274618175219887,0.0175791332091883,1.00587535024138,0.0237503495593421
0.0287585955293848,-0.0328476479530576,0.0212333995070657,0.0287582978665267,-0.00960695775424531,0.0659500834352806,0.00754355454781434,-0.027274069694319,0.0237503495593421,0.968006877449682
