"V1","V2","V3","V4","V5","V6","V7","V8","V9","V10"
1.01531918011172,0.0216250150081507,0.0261005697025481,0.0243166695007551,0.0568350983371816,0.00595573313327436,-0.0551638634819437,0.0305529726258623,0.0153869352317936,-0.0240604495315671
0.0216250150081507,0.976584310944146,0.0289424917881739,0.00109384801866219,-0.00621011067131298,0.0238277195638678,0.0714543944174459,-0.0267606501512467,0.0501841877320057,-0.0107277138519441
0.0261005697025481,0.0289424917881739,0.975817727952104,0.0530601251976204,-0.0456307756434664,-0.0532938432467024,-0.0218994484749201,0.0291261068650496,-0.0534608479099654,0.0165472000371449
0.0243166695007551,0.00109384801866219,0.0530601251976204,0.975644846463193,-0.011510070631439,-0.0141601709013735,0.0456600369544476,0.0238710801204999,-0.0229808493090127,0.00240179226244385
0.0568350983371816,-0.00621011067131298,-0.0456307756434664,-0.011510070631439,0.976419940704737,-0.0178070393307603,0.0336394827837997,-0.0105441143478281,0.0191233808288631,0.0184454109625176
0.00595573313327436,0.0238277195638678,-0.0532938432467024,-0.0141601709013735,-0.0178070393307603,1.00977835870121,-0.0191794153696837,0.0350291928066324,-0.00922299388651234,-0.0426125541130835
-0.0551638634819437,0.0714543944174459,-0.0218994484749201,0.0456600369544476,0.0336394827837997,-0.0191794153696837,1.00254834644715,0.00576394092504227,0.0579590816076607,0.0223508761748175
0.0305529726258623,-0.0267606501512467,0.0291261068650496,0.0238710801204999,-0.0105441143478281,0.0350291928066324,0.00576394092504227,0.920197765530099,-0.0420319207816758,0.00556867232270741
0.0153869352317936,0.0501841877320057,-0.0534608479099654,-0.0229808493090127,0.0191233808288631,-0.00922299388651234,0.0579590816076607,-0.0420319207816758,1.05001099309566,-0.0144873438945909
-0.0240604495315671,-0.0107277138519441,0.0165472000371449,0.00240179226244385,0.0184454109625176,-0.0426125541130835,0.0223508761748175,0.00556867232270741,-0.0144873438945909,0.988118345518991
