"V1","V2","V3","V4","V5","V6","V7","V8","V9","V10"
1.0576737188052,-0.0294187814203979,-0.0401422656171589,0.0721048844062054,0.0173890304444467,0.00434051275684726,-0.00667318574921073,0.0110227366774278,0.00333517552110256,0.019895736134575
-0.0294187814203979,0.97414212472296,0.0811705043043067,-0.0449600760728885,0.0183485866918309,-0.0130895625380601,-0.0499879067488016,0.0485099651770572,0.0049413479630672,0.0123832708107339
-0.0401422656171589,0.0811705043043067,0.985419030653582,-0.00781785413434494,0.0319132971107937,0.00500351710096435,-0.000721534993095333,-0.0251299590916663,-0.0276242902462591,-0.00174518250330634
0.0721048844062054,-0.0449600760728885,-0.00781785413434494,0.993407165835381,0.00222465808928922,-0.0241415601807168,-0.0042350975387632,-0.000300636722144385,0.033328903551282,0.0498347536240238
0.0173890304444467,0.0183485866918309,0.0319132971107937,0.00222465808928922,1.04529843369702,-0.00672220606426594,0.0801848818997626,-0.0132629201867925,-0.00454213954451445,-0.0611986379649845
0.00434051275684726,-0.0130895625380601,0.00500351710096435,-0.0241415601807168,-0.00672220606426594,1.0259247066488,0.0209148114959356,-0.0211194847442914,-0.0121626038208095,-0.0128361581712159
-0.00667318574921073,-0.0499879067488016,-0.000721534993095333,-0.0042350975387632,0.0801848818997626,0.0209148114959356,0.966914655664534,0.0435756690532723,0.0052602819874012,-0.117703283720693
0.0110227366774278,0.0485099651770572,-0.0251299590916663,-0.000300636722144385,-0.0132629201867925,-0.0211194847442914,0.0435756690532723,1.05782836562293,0.0144233224765898,0.00211505747452847
0.00333517552110256,0.0049413479630672,-0.0276242902462591,0.033328903551282,-0.00454213954451445,-0.0121626038208095,0.0052602819874012,0.0144233224765898,1.00839257802596,-0.0517953149821567
0.019895736134575,0.0123832708107339,-0.00174518250330634,0.0498347536240238,-0.0611986379649845,-0.0128361581712159,-0.117703283720693,0.00211505747452847,-0.0517953149821567,1.04998126606232
