"V1","V2","V3","V4","V5","V6","V7","V8","V9","V10"
1.0060893635875,0.0131821316125877,0.00365520314328953,-0.00911856058040111,0.026471324646019,0.0155742345573573,-0.00049876408330621,0.00890323021896852,0.0303544801329242,-0.0404500913961964
0.0131821316125877,0.983014287026144,-0.0111077577837935,-0.00280172336571772,0.03547820775713,-6.43971627714448e-05,-0.00577033633203504,-0.0118353146372067,0.00965904213211889,0.0186430480661265
0.00365520314328953,-0.0111077577837935,0.931544001346832,0.00188482182884279,0.00286706676354572,-0.0168807993100624,0.0766154269341525,-0.0847075903728898,-0.042140664478328,0.0374999162848165
-0.00911856058040111,-0.00280172336571772,0.00188482182884279,0.950106811413269,-0.0249688128188405,0.00149831246247094,0.00528312509990767,0.0178315506729264,-0.0450041769473234,-0.0119935970643288
0.026471324646019,0.03547820775713,0.00286706676354572,-0.0249688128188405,0.988387792556905,0.0334774487652124,0.0197540774745567,-0.0130006304449297,0.0125684721582015,0.0200152372477822
0.0155742345573573,-6.43971627714448e-05,-0.0168807993100624,0.00149831246247094,0.0334774487652124,0.975790212556538,0.00849452087868583,0.00699418694519659,-0.045047914895497,0.0464784035082897
-0.00049876408330621,-0.00577033633203504,0.0766154269341525,0.00528312509990767,0.0197540774745567,0.00849452087868583,1.05874855083469,0.010353245668179,-0.0340629943554718,0.0460242901331956
0.00890323021896852,-0.0118353146372067,-0.0847075903728898,0.0178315506729264,-0.0130006304449297,0.00699418694519659,0.010353245668179,0.972032137692904,0.082171889663322,0.0719620809982311
0.0303544801329242,0.00965904213211889,-0.042140664478328,-0.0450041769473234,0.0125684721582015,-0.045047914895497,-0.0340629943554718,0.082171889663322,1.07197068349014,0.0508175569905248
-0.0404500913961964,0.0186430480661265,0.0374999162848165,-0.0119935970643288,0.0200152372477822,0.0464784035082897,0.0460242901331956,0.0719620809982311,0.0508175569905248,0.986504848209587
