"V1","V2","V3","V4","V5","V6","V7","V8","V9","V10"
0.978285721473044,-0.000306559399726072,-0.0123183951876685,-0.038211247025565,-0.00716375625124343,0.00296985383343006,-0.0465278913289348,-0.0207347067095669,-0.0644726414778178,0.03953022920704
-0.000306559399726072,0.952626070744762,0.00659575165136638,-0.022928442043495,0.00793772558283146,-0.000787011992738703,-0.00792932886429196,-0.0376304750575272,0.0356846702417315,-0.0469728607506129
-0.0123183951876685,0.00659575165136638,1.03669313116922,-0.0233925410903457,0.0563665055562664,-0.0260052193941239,-0.019987605919898,0.0103326030028079,-0.0458198916107705,0.0432729883008593
-0.038211247025565,-0.022928442043495,-0.0233925410903457,0.940609184518541,0.0456544427282561,-0.0384284706059285,-0.00749952511296528,-0.0274670011178973,0.0251313969317572,-0.0234077328700686
-0.00716375625124343,0.00793772558283146,0.0563665055562664,0.0456544427282561,0.892245416338531,0.00134507414160555,0.0255809315729715,0.0166122002744807,0.0229026327033271,0.00693494888633448
0.00296985383343006,-0.000787011992738703,-0.0260052193941239,-0.0384284706059285,0.00134507414160555,1.01634226568051,0.00675813340292055,0.0147978134857631,-0.0262468508904252,0.0219063169185108
-0.0465278913289348,-0.00792932886429196,-0.019987605919898,-0.00749952511296528,0.0255809315729715,0.00675813340292055,1.00802945295714,-0.0301961504785452,0.0406123985465525,0.063330620426317
-0.0207347067095669,-0.0376304750575272,0.0103326030028079,-0.0274670011178973,0.0166122002744807,0.0147978134857631,-0.0301961504785452,0.915283323783182,0.0196768557943653,-0.0617742149777534
-0.0644726414778178,0.0356846702417315,-0.0458198916107705,0.0251313969317572,0.0229026327033271,-0.0262468508904252,0.0406123985465525,0.0196768557943653,0.995276400920146,-0.0296185875717748
0.03953022920704,-0.0469728607506129,0.0432729883008593,-0.0234077328700686,0.00693494888633448,0.0219063169185108,0.063330620426317,-0.0617742149777534,-0.0296185875717748,0.912513472849359
