"V1","V2","V3","V4","V5","V6","V7","V8","V9","V10"
1.06781271773941,0.0537541307708803,-0.0300123130305958,0.0381097742971419,0.0423767182416417,-0.0535525451446572,0.00424380213459455,0.00372539278524059,0.0154343805834696,-0.0370995510816405
0.0537541307708803,1.0076259024701,-0.046562874880338,0.0152684579193821,-0.012102592461343,-0.0439143203178865,-0.0265133953129932,-0.00895481921992575,-0.0376192703334337,-0.0195560860202867
-0.0300123130305958,-0.046562874880338,1.00524816078951,0.0285511036622115,0.0428334454516715,-0.071637016105951,-0.00336702479913061,-0.0121147490250023,-0.0644428339320478,-0.0123684841871109
0.0381097742971419,0.0152684579193821,0.0285511036622115,1.06387102919389,0.0341571737760573,-0.0695903929344336,0.0197582780445267,0.0799424267411405,-0.0166794281521677,0.0161944470811933
0.0423767182416417,-0.012102592461343,0.0428334454516715,0.0341571737760573,0.986673633612767,-0.0315142998065,0.000733799067219235,-0.0444105530482718,-0.0565453926798112,0.000625764541713984
-0.0535525451446572,-0.0439143203178865,-0.071637016105951,-0.0695903929344336,-0.0315142998065,0.942502252837476,0.0798349290025405,-0.0213901887464014,0.0356275748520635,-0.0494867478514435
0.00424380213459455,-0.0265133953129932,-0.00336702479913061,0.0197582780445267,0.000733799067219235,0.0798349290025405,1.04788896532789,0.0168201203464769,0.0597243903981233,0.0292039279854081
0.00372539278524059,-0.00895481921992575,-0.0121147490250023,0.0799424267411405,-0.0444105530482718,-0.0213901887464014,0.0168201203464769,0.960407131117006,0.0212129229724074,0.0648344973296274
0.0154343805834696,-0.0376192703334337,-0.0644428339320478,-0.0166794281521677,-0.0565453926798112,0.0356275748520635,0.0597243903981233,0.0212129229724074,1.03260633414437,0.0281119113309059
-0.0370995510816405,-0.0195560860202867,-0.0123684841871109,0.0161944470811933,0.000625764541713984,-0.0494867478514435,0.0292039279854081,0.0648344973296274,0.0281119113309059,0.929142304346592
