"V1","V2","V3","V4","V5","V6","V7","V8","V9","V10"
0.952465787996109,-0.0318256082508897,0.0102914095263865,0.0156116386629645,0.0113341352244358,-0.00176230046504178,-0.00394859194683798,-0.0175482005577004,-0.0339423047607853,-0.0361269825696304
-0.0318256082508897,0.911373180783754,-0.0281442585327294,-0.0194483991076984,0.0417452669456255,-0.0711235605422966,-0.00220777319018916,-0.0157566122697918,0.0044412409783434,0.002809784035333
0.0102914095263865,-0.0281442585327294,1.06335744141426,-0.0670774012773273,0.0304122763213204,-0.0639821483217982,0.0176919101162796,0.0234350384446094,0.00937174976006548,0.00818900080807821
0.0156116386629645,-0.0194483991076984,-0.0670774012773273,0.988452928287892,-0.0215100580234878,0.00164483478941628,-0.00831670720422744,0.0624383342341688,-0.00608736994503632,0.0128077886184514
0.0113341352244358,0.0417452669456255,0.0304122763213204,-0.0215100580234878,0.973880254771236,-0.0299472488151122,0.0244298708539588,-0.00234522504907907,0.0216593098444645,0.0129257336847356
-0.00176230046504178,-0.0711235605422966,-0.0639821483217982,0.00164483478941628,-0.0299472488151122,0.963280840862689,-0.0154063100601909,-0.0477411680922077,-0.00563957790864911,-0.0109108957202101
-0.00394859194683798,-0.00220777319018916,0.0176919101162796,-0.00831670720422744,0.0244298708539588,-0.0154063100601909,0.990220504521246,0.00900764845568268,0.0629623757605626,0.0149739250515521
-0.0175482005577004,-0.0157566122697918,0.0234350384446094,0.0624383342341688,-0.00234522504907907,-0.0477411680922077,0.00900764845568268,0.972974190535163,-0.0580147352658246,0.0408770417898586
-0.0339423047607853,0.0044412409783434,0.00937174976006548,-0.00608736994503632,0.0216593098444645,-0.00563957790864911,0.0629623757605626,-0.0580147352658246,1.04970644752674,-0.0305269815350055
-0.0361269825696304,0.002809784035333,0.00818900080807821,0.0128077886184514,0.0129257336847356,-0.0109108957202101,0.0149739250515521,0.0408770417898586,-0.0305269815350055,0.944910623657469
