"V1","V2","V3","V4","V5","V6","V7","V8","V9","V10"
1.01015374011697,-0.0411074287011751,0.0367085521370336,0.00191594708339751,-0.0178669916720668,0.0729598494981593,0.0104173639105853,0.0792643017593623,-0.0125704427965415,-0.0570827756293607
-0.0411074287011751,1.05665349192163,0.0183865894734654,-0.0193776212415388,-0.00138996345102181,0.0768978525361057,0.0289682936463094,0.017996040850659,0.0195149739164785,0.0197065425627374
0.0367085521370336,0.0183865894734654,0.923200952517054,0.0153925717183586,-0.0392668181037209,-0.0178153067521385,-0.0225083801112901,0.0162546195755887,-0.0524810768637368,-0.00798197040784478
0.00191594708339751,-0.0193776212415388,0.0153925717183586,1.001881179013,-0.0392160336166883,0.0369403680935806,0.00373485947173253,-0.0299431745458089,-0.018327373730589,0.0170791821230124
-0.0178669916720668,-0.00138996345102181,-0.0392668181037209,-0.0392160336166883,1.09030817109584,0.0323747706664018,-0.0425028060511138,-0.0330842125361866,-0.0412181706316842,-0.0311803277058377
0.0729598494981593,0.0768978525361057,-0.0178153067521385,0.0369403680935806,0.0323747706664018,0.966402380100596,0.0259907502603237,-0.0528173536086927,0.0159264155596782,0.0108805405234271
0.0104173639105853,0.0289682936463094,-0.0225083801112901,0.00373485947173253,-0.0425028060511138,0.0259907502603237,1.04750880027867,0.0442522120981938,0.0121506821476172,0.052582370436221
0.0792643017593623,0.017996040850659,0.0162546195755887,-0.0299431745458089,-0.0330842125361866,-0.0528173536086927,0.0442522120981938,0.977430034158702,0.0122495568485226,0.0156029291174467
-0.0125704427965415,0.0195149739164785,-0.0524810768637368,-0.018327373730589,-0.0412181706316842,0.0159264155596782,0.0121506821476172,0.0122495568485226,1.08661256311869,0.0227160818779401
-0.0570827756293607,0.0197065425627374,-0.00798197040784478,0.0170791821230124,-0.0311803277058377,0.0108805405234271,0.052582370436221,0.0156029291174467,0.0227160818779401,0.984456705147158
