"V1","V2","V3","V4","V5","V6","V7","V8","V9","V10"
0.989580973892854,0.00220500294505623,0.0125721984415855,0.00341534957690892,-0.0600487368119336,-0.0193050807035367,-0.0180456032425517,-0.0187833281224837,-0.00342204690600846,-0.016673909534761
0.00220500294505623,0.949661883585261,-0.0914543051056939,-0.0279943396367038,-0.0385081192104722,0.00299529780220825,0.0827189915307426,0.00989761494009713,-0.0193618609327358,-0.00087925334770593
0.0125721984415855,-0.0914543051056939,0.973765103515427,0.0139339706824397,-0.00900250016211302,0.00667765537522133,0.021116547497061,-0.026253706138738,-0.031686233194977,-0.0626040239057657
0.00341534957690892,-0.0279943396367038,0.0139339706824397,1.06051646479062,0.0104918667689067,0.0279553760081971,0.0315654373989155,-0.0162828726777421,-0.066137053518201,-0.0160067423305296
-0.0600487368119336,-0.0385081192104722,-0.00900250016211302,0.0104918667689067,1.01551543023749,-0.0385777284260798,0.0545843772599611,0.0211867367004615,-0.0173751871050839,-0.046323367850821
-0.0193050807035367,0.00299529780220825,0.00667765537522133,0.0279553760081971,-0.0385777284260798,1.05595819731385,0.00325530809375846,0.00934004048913993,-0.00664452707060891,-0.0118905450189249
-0.0180456032425517,0.0827189915307426,0.021116547497061,0.0315654373989155,0.0545843772599611,0.00325530809375846,0.912482291237491,-0.034075424182771,-0.00897166594064625,-0.0109771668225407
-0.0187833281224837,0.00989761494009713,-0.026253706138738,-0.0162828726777421,0.0211867367004615,0.00934004048913993,-0.034075424182771,0.94188039687901,-0.0165165873604995,0.0347491931878859
-0.00342204690600846,-0.0193618609327358,-0.031686233194977,-0.066137053518201,-0.0173751871050839,-0.00664452707060891,-0.00897166594064625,-0.0165165873604995,0.997519838187506,0.0449797789339025
-0.016673909534761,-0.00087925334770593,-0.0626040239057657,-0.0160067423305296,-0.046323367850821,-0.0118905450189249,-0.0109771668225407,0.0347491931878859,0.0449797789339025,0.943819279327411
