"V1","V2","V3","V4","V5","V6","V7","V8","V9","V10"
1.04314438451406,-0.057422488196341,0.00682905888491682,0.0168765170201292,-0.055461494198076,-0.0232635343882859,0.020430186666636,0.0684371946492039,-0.0122657291381305,-0.0323645736712021
-0.057422488196341,0.976733281869273,0.0593451777263855,-0.0285676838482963,0.0389114700360972,0.0531357990954326,-0.046952700686983,-0.0232189907183075,-0.0351863386209941,-0.0602195976018826
0.00682905888491682,0.0593451777263855,0.911338852711285,0.0161732817982127,0.0231477577086647,0.00205744097256995,-0.00568754335211062,-0.0139401936170971,-0.008521443729396,-0.030343144696435
0.0168765170201292,-0.0285676838482963,0.0161732817982127,1.0236478654668,-0.0296961731140327,0.0272509659450899,-0.00174852508519391,0.00889425821913644,-0.0191875202877946,0.0319170946890927
-0.055461494198076,0.0389114700360972,0.0231477577086647,-0.0296961731140327,1.02376209444001,-0.0241835403228811,-0.0223820758417054,0.0259138361670422,-0.0138765314103866,-0.00500529972084593
-0.0232635343882859,0.0531357990954326,0.00205744097256995,0.0272509659450899,-0.0241835403228811,0.940949327219271,0.0122157284429088,-0.0048493099390448,-0.0115740154892808,-0.000909867145556811
0.020430186666636,-0.046952700686983,-0.00568754335211062,-0.00174852508519391,-0.0223820758417054,0.0122157284429088,0.896789409381036,-0.00682442586382188,-0.0136616116221522,0.0657348922290616
0.0684371946492039,-0.0232189907183075,-0.0139401936170971,0.00889425821913644,0.0259138361670422,-0.0048493099390448,-0.00682442586382188,0.921574001075225,0.0505682429378881,0.0129809382971953
-0.0122657291381305,-0.0351863386209941,-0.008521443729396,-0.0191875202877946,-0.0138765314103866,-0.0115740154892808,-0.0136616116221522,0.0505682429378881,0.8888426632956,-0.0317407863226707
-0.0323645736712021,-0.0602195976018826,-0.030343144696435,0.0319170946890927,-0.00500529972084593,-0.000909867145556811,0.0657348922290616,0.0129809382971953,-0.0317407863226707,1.0426038600514
