"V1","V2","V3","V4","V5","V6","V7","V8","V9","V10"
1.11967771340709,-0.038716094496441,0.0538951093235562,0.0397862379615243,-0.0302749963990853,-0.0541617202917899,0.057456953537534,0.0229959502590187,0.0386473616065602,0.0213390743120772
-0.038716094496441,0.995159321974527,-0.00780400380091386,0.0595774426805521,-0.00565232749316321,0.0430459081383636,-0.011753812692423,-0.00766810374530639,-0.0706385854173151,0.00820343373828879
0.0538951093235562,-0.00780400380091386,0.965691713054865,-0.0664462482096183,-0.0678242287661398,-0.0601414573474695,-0.0478150889007756,-0.0272125570318324,-0.0603728557793234,-0.00469335698236667
0.0397862379615243,0.0595774426805521,-0.0664462482096183,1.03869984488232,0.0193660318574187,0.0670131020425911,0.0226743107371403,-0.026537447317892,-0.00353000069850263,-0.036192940222191
-0.0302749963990853,-0.00565232749316321,-0.0678242287661398,0.0193660318574187,1.01541749761104,-0.0129669131851287,0.0101369482702845,0.023352951270995,0.00666357631040137,-0.0213816923429028
-0.0541617202917899,0.0430459081383636,-0.0601414573474695,0.0670131020425911,-0.0129669131851287,0.903101617664474,0.0262627905247638,-0.0170165947193686,0.0426231573101713,-0.0110601739006887
0.057456953537534,-0.011753812692423,-0.0478150889007756,0.0226743107371403,0.0101369482702845,0.0262627905247638,0.99395376734327,-0.00109194155771972,-0.0329283698164365,0.0188849692020287
0.0229959502590187,-0.00766810374530639,-0.0272125570318324,-0.026537447317892,0.023352951270995,-0.0170165947193686,-0.00109194155771972,0.969208024779123,-0.00697080469972337,0.00849364409099479
0.0386473616065602,-0.0706385854173151,-0.0603728557793234,-0.00353000069850263,0.00666357631040137,0.0426231573101713,-0.0329283698164365,-0.00697080469972337,0.939962657521857,0.00406479163496016
0.0213390743120772,0.00820343373828879,-0.00469335698236667,-0.036192940222191,-0.0213816923429028,-0.0110601739006887,0.0188849692020287,0.00849364409099479,0.00406479163496016,1.08563679347323
