"V1","V2","V3","V4","V5","V6","V7","V8","V9","V10"
0.988250680208239,0.00705822018104165,0.0427580775056782,0.0167803691082184,-0.0227877691674613,0.0361042589453272,-0.017201047108986,-0.00289725218466576,0.00364770777516006,-0.0372344282663758
0.00705822018104165,1.03834339641429,0.0304657626134961,-0.00955577053102906,-0.0181295538060916,0.0156129792893466,0.0232833509522166,-0.00172786994878658,0.0560052611149034,0.0863636706310671
0.0427580775056782,0.0304657626134961,0.918860762917957,0.00591993919199463,-0.0464502759005868,-0.0323818586609401,-0.0172320191953971,0.0816012569842532,0.0495038659212563,-0.0245338217141875
0.0167803691082184,-0.00955577053102906,0.00591993919199463,0.981962363418983,-0.0286247583418336,-0.0785613317673538,-0.0559136297381774,0.0199315807882103,0.0125859955313958,-0.0188856892999685
-0.0227877691674613,-0.0181295538060916,-0.0464502759005868,-0.0286247583418336,1.01355000789143,0.0410349729810398,-0.0368626111286983,-0.00461994283132714,0.0289779692436292,-0.000399865941324541
0.0361042589453272,0.0156129792893466,-0.0323818586609401,-0.0785613317673538,0.0410349729810398,1.10109794292425,-0.0162867686959021,-0.034085655670576,-0.0261797501031941,0.0199542276517293
-0.017201047108986,0.0232833509522166,-0.0172320191953971,-0.0559136297381774,-0.0368626111286983,-0.0162867686959021,0.950519706393997,-0.0334992522851923,-0.011055381169503,0.00699815790985826
-0.00289725218466576,-0.00172786994878658,0.0816012569842532,0.0199315807882103,-0.00461994283132714,-0.034085655670576,-0.0334992522851923,1.01661450747981,-0.0143444358595049,0.0155912141420033
0.00364770777516006,0.0560052611149034,0.0495038659212563,0.0125859955313958,0.0289779692436292,-0.0261797501031941,-0.011055381169503,-0.0143444358595049,0.980731156102945,-0.0156163219707133
-0.0372344282663758,0.0863636706310671,-0.0245338217141875,-0.0188856892999685,-0.000399865941324541,0.0199542276517293,0.00699815790985826,0.0155912141420033,-0.0156163219707133,1.05229121433436
