"V1","V2","V3","V4","V5","V6","V7","V8","V9","V10"
1.02247250974844,0.0179018886285659,0.00336067597337903,-0.0644290167171049,0.0362677670848042,-0.0416676827798622,0.0373622411782127,-0.0566626387189794,0.0250698509016435,-0.0426446040374087
0.0179018886285659,1.01522184984755,-0.0164716529882872,-0.0329976948860753,0.0256115601511366,-0.0264775506925287,-0.050661933321644,0.070852572165226,0.00994116807178725,0.0580780309396163
0.00336067597337903,-0.0164716529882872,0.971506570864925,-0.0081727422056942,0.0238500334596854,0.0233629243863215,-0.0171512539955775,-0.00807979976223619,-0.0118227868399231,-0.0299183537030319
-0.0644290167171049,-0.0329976948860753,-0.0081727422056942,1.01080217236023,0.0325857879904398,-0.00376001319644087,0.040563783418697,0.0172979650767456,0.0126713750700595,-0.0384477097960188
0.0362677670848042,0.0256115601511366,0.0238500334596854,0.0325857879904398,0.985346156700506,-0.0359798615512537,-0.00666688696617797,0.0170993687351004,0.0297193094327453,0.0365867737687615
-0.0416676827798622,-0.0264775506925287,0.0233629243863215,-0.00376001319644087,-0.0359798615512537,0.930569277463813,-0.0245457350373355,-0.00382313398128927,-0.0636325175834962,-0.00169094217380924
0.0373622411782127,-0.050661933321644,-0.0171512539955775,0.040563783418697,-0.00666688696617797,-0.0245457350373355,0.911019938920903,-0.0551379219225537,0.0128568998224627,0.036507217379674
-0.0566626387189794,0.070852572165226,-0.00807979976223619,0.0172979650767456,0.0170993687351004,-0.00382313398128927,-0.0551379219225537,0.981727097283863,-0.0331587238918841,0.0471031326088629
0.0250698509016435,0.00994116807178725,-0.0118227868399231,0.0126713750700595,0.0297193094327453,-0.0636325175834962,0.0128568998224627,-0.0331587238918841,1.01450568635855,-0.0474099851421007
-0.0426446040374087,0.0580780309396163,-0.0299183537030319,-0.0384477097960188,0.0365867737687615,-0.00169094217380924,0.036507217379674,0.0471031326088629,-0.0474099851421007,0.877691617914919
