"V1","V2","V3","V4","V5","V6","V7","V8","V9","V10"
1.06371438451942,0.0301919139024619,0.00607336127605524,0.11455426093907,0.00351829935869852,-0.0364567563451167,0.0356407435910984,-0.0338121827273583,-0.0090395511446741,0.0559854139277205
0.0301919139024619,0.976764378319972,0.0200324075164324,-0.00560659856665495,-0.0312541993708994,0.0378461195538094,0.0152579995402368,0.0256192737739146,0.0661885354840419,0.00323571746517664
0.00607336127605524,0.0200324075164324,1.03349920529494,0.0187217880491646,-0.0368116503367602,0.0423225090922591,-0.0232766087558742,-0.0346616141522007,0.000575093664710673,-0.0622470171803704
0.11455426093907,-0.00560659856665495,0.0187217880491646,0.97970019240058,-0.0302455272641608,-0.0187875925591766,-0.0322891858585944,-0.0104945080160435,0.0318292239834575,0.0164304555627635
0.00351829935869852,-0.0312541993708994,-0.0368116503367602,-0.0302455272641608,1.00713411899115,0.0236335484352897,0.0214048283383159,0.0332535815551963,-0.00803825487097784,-0.0811662619594171
-0.0364567563451167,0.0378461195538094,0.0423225090922591,-0.0187875925591766,0.0236335484352897,1.01250955946492,-0.0318345344692929,0.0188866270815784,-0.00786732339484387,-0.0314299899425832
0.0356407435910984,0.0152579995402368,-0.0232766087558742,-0.0322891858585944,0.0214048283383159,-0.0318345344692929,0.914123906807479,-0.010789290332292,0.0201392817393706,-0.000364338583703813
-0.0338121827273583,0.0256192737739146,-0.0346616141522007,-0.0104945080160435,0.0332535815551963,0.0188866270815784,-0.010789290332292,1.14243035936488,0.063003971173253,0.0155845199013522
-0.0090395511446741,0.0661885354840419,0.000575093664710673,0.0318292239834575,-0.00803825487097784,-0.00786732339484387,0.0201392817393706,0.063003971173253,1.09793859752827,0.0387449978652547
0.0559854139277205,0.00323571746517664,-0.0622470171803704,0.0164304555627635,-0.0811662619594171,-0.0314299899425832,-0.000364338583703813,0.0155845199013522,0.0387449978652547,0.998983731457738
